# # np.logspace(-2, 2., num = num_time_points)
0,3.77069e-05,3.77447e-05,3.94242e-05,3.76706e-05,3.77199e-05,3.77485e-05,3.91956e-05,3.9297e-05,3.91779e-05,3.77173e-05,3.76554e-05,3.77281e-05,3.76849e-05,3.77244e-05,3.76797e-05,3.77118e-05,3.77027e-05,3.77096e-05,3.77369e-05,3.77236e-05,3.7737e-05,3.7706e-05,3.77303e-05,3.77169e-05,3.77066e-05,3.77039e-05,3.7701e-05,3.77311e-05,3.77277e-05,3.7749e-05,3.77087e-05,3.76519e-05,3.76416e-05,3.76445e-05,3.76517e-05,3.76709e-05,3.76717e-05,3.76726e-05,3.76631e-05,3.7651e-05,3.76431e-05,3.76625e-05,3.76544e-05,3.76608e-05,3.76649e-05,3.76569e-05,3.76496e-05
0,0,3.89552e-05,3.77305e-05,3.9441e-05,3.77843e-05,3.77081e-05,3.90143e-05,3.77109e-05,3.77181e-05,3.7722e-05,3.76966e-05,3.89258e-05,3.97812e-05,3.7728e-05,3.77668e-05,3.77344e-05,3.77253e-05,3.77323e-05,3.77591e-05,3.77459e-05,3.77596e-05,3.77283e-05,3.77526e-05,3.77397e-05,3.77292e-05,3.77262e-05,3.77236e-05,3.77533e-05,3.7782e-05,3.77713e-05,3.77314e-05,3.76742e-05,3.76639e-05,3.76897e-05,3.7674e-05,3.76932e-05,3.76944e-05,3.7695e-05,3.76855e-05,3.76733e-05,3.76654e-05,3.76851e-05,3.76767e-05,3.76831e-05,3.76873e-05,3.76792e-05,3.76719e-05
0,0,0,3.89042e-05,3.77411e-05,3.88525e-05,3.77737e-05,3.87201e-05,3.77344e-05,3.86687e-05,3.86874e-05,3.77171e-05,3.7771e-05,3.94831e-05,3.87864e-05,3.87731e-05,3.77297e-05,3.77205e-05,3.77275e-05,3.77545e-05,3.77413e-05,3.77546e-05,3.77237e-05,3.77479e-05,3.77532e-05,3.77242e-05,3.77218e-05,3.77186e-05,3.77487e-05,3.7746e-05,3.77667e-05,3.77267e-05,3.76696e-05,3.76593e-05,3.76627e-05,3.76694e-05,3.76885e-05,3.76894e-05,3.76903e-05,3.76808e-05,3.76687e-05,3.76608e-05,3.76802e-05,3.76721e-05,3.76785e-05,3.76826e-05,3.76746e-05,3.76673e-05
0,0,0,0,3.77039e-05,3.77824e-05,3.94505e-05,3.77222e-05,3.77363e-05,3.90216e-05,3.77119e-05,3.77314e-05,3.8887e-05,3.77223e-05,3.77179e-05,3.77026e-05,3.77258e-05,3.77166e-05,3.77236e-05,3.77508e-05,3.77376e-05,3.77509e-05,3.772e-05,3.77442e-05,3.77314e-05,3.77205e-05,3.77179e-05,3.77149e-05,3.7745e-05,3.77419e-05,3.7763e-05,3.77226e-05,3.76659e-05,3.76556e-05,3.7681e-05,3.76657e-05,3.76848e-05,3.7686e-05,3.76866e-05,3.76771e-05,3.7665e-05,3.76571e-05,3.76768e-05,3.76684e-05,3.76748e-05,3.76789e-05,3.76709e-05,3.76636e-05
0,0,0,0,0,3.77095e-05,3.76964e-05,3.77262e-05,3.76812e-05,3.76912e-05,3.77046e-05,3.77194e-05,3.91289e-05,3.7741e-05,3.76823e-05,3.92871e-05,3.77453e-05,3.77351e-05,3.77431e-05,3.77486e-05,3.77352e-05,3.7773e-05,3.77181e-05,3.77425e-05,3.77292e-05,3.77402e-05,3.77158e-05,3.77344e-05,3.77434e-05,3.91823e-05,3.77608e-05,3.77484e-05,3.76632e-05,3.76529e-05,3.7681e-05,3.7663e-05,3.76821e-05,3.76834e-05,3.76839e-05,3.76744e-05,3.76623e-05,3.76544e-05,3.76742e-05,3.76657e-05,3.76721e-05,3.76762e-05,3.76682e-05,3.76609e-05
0,0,0,0,0,0,3.93461e-05,3.7732e-05,3.77288e-05,3.89001e-05,3.77181e-05,3.77331e-05,3.77335e-05,3.96702e-05,3.90024e-05,3.77096e-05,3.77746e-05,3.77636e-05,3.77724e-05,3.77758e-05,3.77622e-05,3.77756e-05,3.77452e-05,3.77695e-05,3.90365e-05,3.77455e-05,3.77643e-05,3.77401e-05,3.77708e-05,3.77675e-05,3.77876e-05,3.77799e-05,3.76906e-05,3.76803e-05,3.76828e-05,3.76904e-05,3.77095e-05,3.77104e-05,3.77113e-05,3.77018e-05,3.76897e-05,3.76818e-05,3.77012e-05,3.76933e-05,3.76995e-05,3.77036e-05,3.76956e-05,3.76883e-05
0,0,0,0,0,0,0,3.7686e-05,3.76994e-05,3.92037e-05,3.77337e-05,3.95996e-05,3.77649e-05,3.77481e-05,3.77266e-05,3.77227e-05,3.77379e-05,3.77287e-05,3.77357e-05,3.77626e-05,3.77493e-05,3.77627e-05,3.77318e-05,3.7756e-05,3.77697e-05,3.77323e-05,3.773e-05,3.77267e-05,3.77568e-05,3.77535e-05,3.77747e-05,3.77348e-05,3.76777e-05,3.76674e-05,3.76704e-05,3.76775e-05,3.76966e-05,3.76975e-05,3.76984e-05,3.76889e-05,3.76768e-05,3.76689e-05,3.76883e-05,3.76802e-05,3.76866e-05,3.76907e-05,3.76827e-05,3.76754e-05
0,0,0,0,0,0,0,0,3.89077e-05,3.77681e-05,3.8797e-05,3.77011e-05,3.77598e-05,3.77418e-05,3.88753e-05,3.88756e-05,3.77107e-05,3.77016e-05,3.77085e-05,3.77358e-05,3.77225e-05,3.77359e-05,3.77049e-05,3.77292e-05,3.7716e-05,3.77055e-05,3.77028e-05,3.76999e-05,3.77299e-05,3.77273e-05,3.77479e-05,3.77076e-05,3.76508e-05,3.76405e-05,3.76439e-05,3.76506e-05,3.76698e-05,3.76706e-05,3.76715e-05,3.7662e-05,3.76499e-05,3.7642e-05,3.76614e-05,3.76533e-05,3.76597e-05,3.76638e-05,3.76558e-05,3.76485e-05
0,0,0,0,0,0,0,0,0,3.88572e-05,3.88772e-05,3.7688e-05,3.87695e-05,3.76775e-05,3.89745e-05,3.77011e-05,3.77039e-05,3.76947e-05,3.77017e-05,3.77289e-05,3.77157e-05,3.7729e-05,3.76981e-05,3.77223e-05,3.77092e-05,3.76986e-05,3.7696e-05,3.7693e-05,3.77231e-05,3.772e-05,3.77411e-05,3.77007e-05,3.76439e-05,3.76336e-05,3.7658e-05,3.76437e-05,3.76629e-05,3.76641e-05,3.76647e-05,3.76552e-05,3.7643e-05,3.76351e-05,3.76548e-05,3.76465e-05,3.76529e-05,3.7657e-05,3.7649e-05,3.76416e-05
0,0,0,0,0,0,0,0,0,0,3.87295e-05,3.7733e-05,3.77597e-05,3.77556e-05,3.88456e-05,3.7707e-05,3.77324e-05,3.77232e-05,3.77302e-05,3.77572e-05,3.7744e-05,3.77573e-05,3.77264e-05,3.77506e-05,3.77567e-05,3.77269e-05,3.77245e-05,3.77213e-05,3.77514e-05,3.77481e-05,3.77694e-05,3.77294e-05,3.76723e-05,3.7662e-05,3.76652e-05,3.76721e-05,3.76912e-05,3.76921e-05,3.7693e-05,3.76835e-05,3.76714e-05,3.76635e-05,3.76829e-05,3.76748e-05,3.76812e-05,3.76853e-05,3.76773e-05,3.767e-05
0,0,0,0,0,0,0,0,0,0,0,3.9198e-05,3.87006e-05,3.76961e-05,3.77232e-05,3.89095e-05,3.77019e-05,3.76927e-05,3.76997e-05,3.77269e-05,3.77137e-05,3.7727e-05,3.76961e-05,3.77204e-05,3.77071e-05,3.76966e-05,3.7694e-05,3.7691e-05,3.77211e-05,3.77183e-05,3.77391e-05,3.76987e-05,3.7642e-05,3.76317e-05,3.76554e-05,3.76417e-05,3.76609e-05,3.76621e-05,3.76627e-05,3.76532e-05,3.7641e-05,3.76331e-05,3.76528e-05,3.76445e-05,3.76509e-05,3.7655e-05,3.7647e-05,3.76396e-05
0,0,0,0,0,0,0,0,0,0,0,0,3.91049e-05,3.76793e-05,3.76665e-05,3.92933e-05,3.77063e-05,3.76971e-05,3.77041e-05,3.77313e-05,3.77181e-05,3.77315e-05,3.77005e-05,3.77248e-05,3.77116e-05,3.7701e-05,3.76984e-05,3.76954e-05,3.77255e-05,3.77229e-05,3.77435e-05,3.77032e-05,3.76464e-05,3.76361e-05,3.76641e-05,3.76462e-05,3.76653e-05,3.76666e-05,3.76671e-05,3.76576e-05,3.76455e-05,3.76376e-05,3.76574e-05,3.76489e-05,3.76553e-05,3.76594e-05,3.76514e-05,3.7644e-05
0,0,0,0,0,0,0,0,0,0,0,0,0,3.77358e-05,3.87549e-05,3.88105e-05,3.77278e-05,3.77186e-05,3.77256e-05,3.77526e-05,3.77394e-05,3.7753e-05,3.77218e-05,3.7746e-05,3.77326e-05,3.77226e-05,3.77197e-05,3.7717e-05,3.77468e-05,3.77671e-05,3.77648e-05,3.77248e-05,3.76679e-05,3.76578e-05,3.93758e-05,3.76678e-05,3.76869e-05,3.7724e-05,3.76888e-05,3.76789e-05,3.76672e-05,3.76593e-05,3.77117e-05,3.76702e-05,3.76766e-05,3.76812e-05,3.7673e-05,3.76654e-05
0,0,0,0,0,0,0,0,0,0,0,0,0,0,3.77328e-05,3.77036e-05,3.77373e-05,3.77281e-05,3.77351e-05,3.7762e-05,3.77487e-05,3.77621e-05,3.77311e-05,3.77554e-05,3.77746e-05,3.77317e-05,3.77294e-05,3.77261e-05,3.77562e-05,3.77535e-05,3.77741e-05,3.77343e-05,3.76771e-05,3.76668e-05,3.76694e-05,3.76768e-05,3.7696e-05,3.76969e-05,3.76978e-05,3.76883e-05,3.76761e-05,3.76683e-05,3.76876e-05,3.76796e-05,3.7686e-05,3.76901e-05,3.76821e-05,3.76747e-05
0,0,0,0,0,0,0,0,0,0,0,0,0,0,0,3.76974e-05,3.77052e-05,3.7696e-05,3.7703e-05,3.773e-05,3.77167e-05,3.77301e-05,3.76991e-05,3.77234e-05,3.77318e-05,3.76997e-05,3.76973e-05,3.76941e-05,3.77242e-05,3.77211e-05,3.77422e-05,3.77022e-05,3.7645e-05,3.76347e-05,3.76589e-05,3.76448e-05,3.7664e-05,3.76652e-05,3.76658e-05,3.76563e-05,3.76441e-05,3.76362e-05,3.76559e-05,3.76475e-05,3.76539e-05,3.76581e-05,3.765e-05,3.76427e-05
0,0,0,0,0,0,0,0,0,0,0,0,0,0,0,0,3.77085e-05,3.76993e-05,3.77063e-05,3.77332e-05,3.772e-05,3.77337e-05,3.77024e-05,3.77267e-05,3.77132e-05,3.77032e-05,3.77003e-05,3.76976e-05,3.77274e-05,3.77528e-05,3.77454e-05,3.77055e-05,3.76483e-05,3.7638e-05,3.76628e-05,3.76481e-05,3.76672e-05,3.76684e-05,3.7669e-05,3.76595e-05,3.76474e-05,3.76395e-05,3.76592e-05,3.76508e-05,3.76572e-05,3.76613e-05,3.76533e-05,3.7646e-05
0,0,0,0,0,0,0,0,0,0,0,0,0,0,0,0,0,3.92095e-05,3.78993e-05,3.77914e-05,3.7814e-05,3.78132e-05,3.78151e-05,3.93544e-05,3.92061e-05,3.77819e-05,3.77836e-05,3.78336e-05,3.9356e-05,3.9056e-05,3.78038e-05,3.78661e-05,3.77057e-05,3.76954e-05,3.76976e-05,3.77055e-05,3.77246e-05,3.77254e-05,3.77264e-05,3.77169e-05,3.77047e-05,3.76969e-05,3.77162e-05,3.77084e-05,3.77146e-05,3.77187e-05,3.77107e-05,3.77033e-05
0,0,0,0,0,0,0,0,0,0,0,0,0,0,0,0,0,0,3.92073e-05,3.7783e-05,3.77977e-05,3.78033e-05,3.90593e-05,3.7864e-05,3.90957e-05,3.77955e-05,3.78198e-05,3.9198e-05,3.78603e-05,3.89635e-05,3.77946e-05,3.78136e-05,3.76965e-05,3.76862e-05,3.76884e-05,3.76963e-05,3.77154e-05,3.77163e-05,3.77172e-05,3.77077e-05,3.76956e-05,3.76877e-05,3.77071e-05,3.76997e-05,3.77054e-05,3.77095e-05,3.77015e-05,3.76942e-05
0,0,0,0,0,0,0,0,0,0,0,0,0,0,0,0,0,0,0,3.77892e-05,3.78118e-05,3.7811e-05,3.78129e-05,3.93522e-05,3.92039e-05,3.77797e-05,3.77814e-05,3.78314e-05,3.93538e-05,3.90538e-05,3.78017e-05,3.78639e-05,3.77035e-05,3.76932e-05,3.76954e-05,3.77033e-05,3.77224e-05,3.77233e-05,3.77242e-05,3.77147e-05,3.77026e-05,3.76947e-05,3.7714e-05,3.77062e-05,3.77124e-05,3.77165e-05,3.77085e-05,3.77012e-05
0,0,0,0,0,0,0,0,0,0,0,0,0,0,0,0,0,0,0,0,3.78813e-05,4.01362e-05,3.782e-05,3.78106e-05,3.78279e-05,3.78753e-05,3.97111e-05,3.78153e-05,3.78102e-05,3.78536e-05,4.0456e-05,3.77884e-05,3.77309e-05,3.77207e-05,3.77226e-05,3.77307e-05,3.77498e-05,3.77505e-05,3.77514e-05,3.77422e-05,3.77298e-05,3.77222e-05,3.77413e-05,3.77622e-05,3.77396e-05,3.77437e-05,3.77359e-05,3.77287e-05
0,0,0,0,0,0,0,0,0,0,0,0,0,0,0,0,0,0,0,0,0,3.79088e-05,3.94085e-05,3.95268e-05,3.77841e-05,3.95328e-05,3.78319e-05,3.78327e-05,3.78623e-05,3.7826e-05,4.00596e-05,3.77757e-05,3.77175e-05,3.77072e-05,3.77094e-05,3.77173e-05,3.77364e-05,3.77372e-05,3.77382e-05,3.77287e-05,3.77165e-05,3.77087e-05,3.7728e-05,3.77206e-05,3.77264e-05,3.77305e-05,3.77225e-05,3.77152e-05
0,0,0,0,0,0,0,0,0,0,0,0,0,0,0,0,0,0,0,0,0,0,3.78207e-05,3.78116e-05,3.77977e-05,3.95395e-05,3.78718e-05,3.78038e-05,3.78114e-05,3.92811e-05,4.01492e-05,3.78164e-05,3.77308e-05,3.77206e-05,3.77228e-05,3.77306e-05,3.77497e-05,3.77506e-05,3.77515e-05,3.7742e-05,3.77299e-05,3.7722e-05,3.77414e-05,3.77342e-05,3.77397e-05,3.77438e-05,3.77358e-05,3.77285e-05
0,0,0,0,0,0,0,0,0,0,0,0,0,0,0,0,0,0,0,0,0,0,0,3.78738e-05,3.78108e-05,3.92243e-05,3.90861e-05,3.92074e-05,3.91903e-05,3.78437e-05,3.78479e-05,3.77974e-05,3.77e-05,3.76898e-05,3.76918e-05,3.76998e-05,3.77189e-05,3.77196e-05,3.77206e-05,3.77112e-05,3.7699e-05,3.76913e-05,3.77104e-05,3.7721e-05,3.77088e-05,3.77129e-05,3.7705e-05,3.76977e-05
0,0,0,0,0,0,0,0,0,0,0,0,0,0,0,0,0,0,0,0,0,0,0,0,3.78489e-05,3.78201e-05,3.7807e-05,3.93123e-05,3.94041e-05,3.78786e-05,3.78732e-05,3.78256e-05,3.77241e-05,3.77139e-05,3.77161e-05,3.77239e-05,3.7743e-05,3.77439e-05,3.77448e-05,3.77354e-05,3.77232e-05,3.77153e-05,3.77347e-05,3.77269e-05,3.7733e-05,3.77371e-05,3.77291e-05,3.77218e-05
0,0,0,0,0,0,0,0,0,0,0,0,0,0,0,0,0,0,0,0,0,0,0,0,0,3.77907e-05,3.90443e-05,3.78103e-05,3.78966e-05,3.78906e-05,3.78083e-05,3.96953e-05,3.77107e-05,3.77004e-05,3.77024e-05,3.77105e-05,3.77296e-05,3.77303e-05,3.77312e-05,3.77219e-05,3.77096e-05,3.77019e-05,3.77211e-05,3.77311e-05,3.77194e-05,3.77235e-05,3.77157e-05,3.77084e-05
0,0,0,0,0,0,0,0,0,0,0,0,0,0,0,0,0,0,0,0,0,0,0,0,0,0,3.91875e-05,3.78234e-05,3.78078e-05,3.90591e-05,3.79046e-05,3.77845e-05,3.77006e-05,3.76903e-05,3.76923e-05,3.77004e-05,3.77195e-05,3.77202e-05,3.77211e-05,3.77118e-05,3.76995e-05,3.76918e-05,3.7711e-05,3.77234e-05,3.77093e-05,3.77134e-05,3.77056e-05,3.76983e-05
0,0,0,0,0,0,0,0,0,0,0,0,0,0,0,0,0,0,0,0,0,0,0,0,0,0,0,3.91809e-05,3.7803e-05,3.78223e-05,3.78629e-05,3.77882e-05,3.77102e-05,3.77038e-05,3.76897e-05,3.77113e-05,3.77285e-05,3.77179e-05,3.77189e-05,3.77221e-05,3.76974e-05,3.77051e-05,3.77089e-05,3.87685e-05,3.77073e-05,3.77113e-05,3.77166e-05,3.77119e-05
0,0,0,0,0,0,0,0,0,0,0,0,0,0,0,0,0,0,0,0,0,0,0,0,0,0,0,0,3.78343e-05,3.90439e-05,3.77944e-05,3.77797e-05,3.76949e-05,3.76847e-05,3.76867e-05,3.76948e-05,3.77139e-05,3.77146e-05,3.77155e-05,3.77062e-05,3.76939e-05,3.76862e-05,3.77054e-05,3.77178e-05,3.77037e-05,3.77078e-05,3.77e-05,3.76927e-05
0,0,0,0,0,0,0,0,0,0,0,0,0,0,0,0,0,0,0,0,0,0,0,0,0,0,0,0,0,3.78962e-05,3.78232e-05,3.98354e-05,3.77249e-05,3.77146e-05,3.77168e-05,3.77247e-05,3.77438e-05,3.77447e-05,3.77456e-05,3.77361e-05,3.7724e-05,3.77161e-05,3.77355e-05,3.77277e-05,3.77338e-05,3.77379e-05,3.77299e-05,3.77226e-05
0,0,0,0,0,0,0,0,0,0,0,0,0,0,0,0,0,0,0,0,0,0,0,0,0,0,0,0,0,0,3.78656e-05,3.95495e-05,3.77216e-05,3.77113e-05,3.77139e-05,3.77214e-05,3.77405e-05,3.77414e-05,3.77423e-05,3.77328e-05,3.77207e-05,3.77128e-05,3.77322e-05,3.77245e-05,3.77305e-05,3.77346e-05,3.77266e-05,3.77193e-05
0,0,0,0,0,0,0,0,0,0,0,0,0,0,0,0,0,0,0,0,0,0,0,0,0,0,0,0,0,0,0,3.78001e-05,3.77429e-05,3.77326e-05,3.77348e-05,3.77427e-05,3.77618e-05,3.77626e-05,3.77636e-05,3.77541e-05,3.7742e-05,3.77341e-05,3.77534e-05,3.77461e-05,3.77518e-05,3.77559e-05,3.77479e-05,3.77406e-05
0,0,0,0,0,0,0,0,0,0,0,0,0,0,0,0,0,0,0,0,0,0,0,0,0,0,0,0,0,0,0,0,3.77025e-05,3.76922e-05,3.76944e-05,3.77023e-05,3.77214e-05,3.77223e-05,3.77232e-05,3.77137e-05,3.77016e-05,3.76937e-05,3.77131e-05,3.77054e-05,3.77114e-05,3.77155e-05,3.77075e-05,3.77002e-05
0,0,0,0,0,0,0,0,0,0,0,0,0,0,0,0,0,0,0,0,0,0,0,0,0,0,0,0,0,0,0,0,0,3.88389e-05,3.76635e-05,3.86422e-05,3.84726e-05,3.7714e-05,3.77249e-05,3.85822e-05,3.77266e-05,3.88341e-05,3.86384e-05,3.85529e-05,3.87346e-05,3.77109e-05,3.86575e-05,3.88532e-05
0,0,0,0,0,0,0,0,0,0,0,0,0,0,0,0,0,0,0,0,0,0,0,0,0,0,0,0,0,0,0,0,0,0,3.76628e-05,3.7678e-05,3.88192e-05,3.9078e-05,3.76958e-05,3.76884e-05,3.76527e-05,3.76758e-05,3.76845e-05,3.88836e-05,3.76743e-05,3.77218e-05,3.76981e-05,3.92035e-05
0,0,0,0,0,0,0,0,0,0,0,0,0,0,0,0,0,0,0,0,0,0,0,0,0,0,0,0,0,0,0,0,0,0,0,3.76652e-05,3.76867e-05,3.96107e-05,3.76922e-05,3.76506e-05,3.76706e-05,3.76599e-05,3.95151e-05,3.76418e-05,3.76479e-05,3.76864e-05,3.76701e-05,3.76368e-05
0,0,0,0,0,0,0,0,0,0,0,0,0,0,0,0,0,0,0,0,0,0,0,0,0,0,0,0,0,0,0,0,0,0,0,0,3.86347e-05,3.76964e-05,3.77155e-05,3.87368e-05,3.91931e-05,3.77323e-05,3.8795e-05,3.86579e-05,3.88835e-05,3.769e-05,3.77254e-05,3.76742e-05
0,0,0,0,0,0,0,0,0,0,0,0,0,0,0,0,0,0,0,0,0,0,0,0,0,0,0,0,0,0,0,0,0,0,0,0,0,3.87346e-05,3.87449e-05,3.85836e-05,3.90257e-05,3.88301e-05,3.77577e-05,3.85072e-05,3.87208e-05,3.88522e-05,3.77355e-05,3.77353e-05
0,0,0,0,0,0,0,0,0,0,0,0,0,0,0,0,0,0,0,0,0,0,0,0,0,0,0,0,0,0,0,0,0,0,0,0,0,0,3.9006e-05,3.77317e-05,3.77047e-05,3.76926e-05,3.89071e-05,3.77025e-05,3.77105e-05,3.91256e-05,3.77109e-05,3.77224e-05
0,0,0,0,0,0,0,0,0,0,0,0,0,0,0,0,0,0,0,0,0,0,0,0,0,0,0,0,0,0,0,0,0,0,0,0,0,0,0,3.88689e-05,3.76824e-05,3.76729e-05,3.7717e-05,3.77111e-05,3.90039e-05,3.91441e-05,3.88976e-05,3.77159e-05
0,0,0,0,0,0,0,0,0,0,0,0,0,0,0,0,0,0,0,0,0,0,0,0,0,0,0,0,0,0,0,0,0,0,0,0,0,0,0,0,3.7693e-05,3.76893e-05,3.77109e-05,3.86131e-05,3.88619e-05,3.89543e-05,3.87505e-05,3.77277e-05
0,0,0,0,0,0,0,0,0,0,0,0,0,0,0,0,0,0,0,0,0,0,0,0,0,0,0,0,0,0,0,0,0,0,0,0,0,0,0,0,0,3.94068e-05,3.92204e-05,3.77108e-05,3.76939e-05,3.76753e-05,3.76743e-05,3.76445e-05
0,0,0,0,0,0,0,0,0,0,0,0,0,0,0,0,0,0,0,0,0,0,0,0,0,0,0,0,0,0,0,0,0,0,0,0,0,0,0,0,0,0,3.90137e-05,3.88612e-05,3.7676e-05,3.76661e-05,3.76915e-05,3.76696e-05
0,0,0,0,0,0,0,0,0,0,0,0,0,0,0,0,0,0,0,0,0,0,0,0,0,0,0,0,0,0,0,0,0,0,0,0,0,0,0,0,0,0,0,3.77198e-05,3.77143e-05,3.76943e-05,3.87719e-05,3.76886e-05
0,0,0,0,0,0,0,0,0,0,0,0,0,0,0,0,0,0,0,0,0,0,0,0,0,0,0,0,0,0,0,0,0,0,0,0,0,0,0,0,0,0,0,0,3.77255e-05,3.77146e-05,3.86738e-05,3.88981e-05
0,0,0,0,0,0,0,0,0,0,0,0,0,0,0,0,0,0,0,0,0,0,0,0,0,0,0,0,0,0,0,0,0,0,0,0,0,0,0,0,0,0,0,0,0,3.77253e-05,3.88979e-05,3.769e-05
0,0,0,0,0,0,0,0,0,0,0,0,0,0,0,0,0,0,0,0,0,0,0,0,0,0,0,0,0,0,0,0,0,0,0,0,0,0,0,0,0,0,0,0,0,0,3.77321e-05,3.91943e-05
0,0,0,0,0,0,0,0,0,0,0,0,0,0,0,0,0,0,0,0,0,0,0,0,0,0,0,0,0,0,0,0,0,0,0,0,0,0,0,0,0,0,0,0,0,0,0,3.89959e-05
0,0,0,0,0,0,0,0,0,0,0,0,0,0,0,0,0,0,0,0,0,0,0,0,0,0,0,0,0,0,0,0,0,0,0,0,0,0,0,0,0,0,0,0,0,0,0,0
