# # np.logspace(-2, 2., num = num_time_points)
0,4.80792e-05,4.80911e-05,4.92217e-05,4.80678e-05,4.80868e-05,4.80949e-05,4.9069e-05,4.91329e-05,4.90447e-05,4.80782e-05,4.80569e-05,4.8083e-05,4.8075e-05,4.8083e-05,4.80656e-05,4.80893e-05,4.80834e-05,4.80881e-05,4.80966e-05,4.80915e-05,4.80966e-05,4.80836e-05,4.80966e-05,4.80893e-05,4.80845e-05,4.80829e-05,4.80838e-05,4.80961e-05,4.80938e-05,4.8101e-05,4.80886e-05,4.80567e-05,4.80531e-05,4.80542e-05,4.8058e-05,4.80664e-05,4.80653e-05,4.80693e-05,4.80644e-05,4.80575e-05,4.80534e-05,4.80598e-05,4.80584e-05,4.80644e-05,4.8065e-05,4.80607e-05,4.80561e-05
0,0,4.88913e-05,4.80896e-05,4.9231e-05,4.81116e-05,4.80831e-05,4.89475e-05,4.80786e-05,4.80849e-05,4.80821e-05,4.80735e-05,4.88788e-05,4.94527e-05,4.80866e-05,4.80979e-05,4.80994e-05,4.80934e-05,4.80981e-05,4.81066e-05,4.81016e-05,4.81067e-05,4.80936e-05,4.81066e-05,4.80994e-05,4.80946e-05,4.80929e-05,4.80939e-05,4.81061e-05,4.81148e-05,4.8111e-05,4.80987e-05,4.80667e-05,4.80631e-05,4.80721e-05,4.8068e-05,4.80764e-05,4.80754e-05,4.80793e-05,4.80744e-05,4.80676e-05,4.80634e-05,4.80698e-05,4.80685e-05,4.80744e-05,4.8075e-05,4.80707e-05,4.80661e-05
0,0,0,4.88737e-05,4.80933e-05,4.88185e-05,4.81047e-05,4.87364e-05,4.80854e-05,4.87005e-05,4.87246e-05,4.80795e-05,4.8099e-05,4.924e-05,4.87902e-05,4.87836e-05,4.80968e-05,4.80909e-05,4.80955e-05,4.8104e-05,4.8099e-05,4.81041e-05,4.8091e-05,4.8104e-05,4.81031e-05,4.8092e-05,4.80904e-05,4.80913e-05,4.81035e-05,4.81013e-05,4.81084e-05,4.80961e-05,4.80642e-05,4.80605e-05,4.80617e-05,4.80654e-05,4.80738e-05,4.80728e-05,4.80767e-05,4.80719e-05,4.8065e-05,4.80609e-05,4.80672e-05,4.80659e-05,4.80718e-05,4.80724e-05,4.80681e-05,4.80636e-05
0,0,0,0,4.80815e-05,4.81108e-05,4.92343e-05,4.80825e-05,4.80872e-05,4.8932e-05,4.80785e-05,4.80856e-05,4.88653e-05,4.80901e-05,4.80829e-05,4.80756e-05,4.80964e-05,4.80904e-05,4.80951e-05,4.81036e-05,4.80986e-05,4.81037e-05,4.80906e-05,4.81036e-05,4.80965e-05,4.80916e-05,4.809e-05,4.80909e-05,4.81031e-05,4.81009e-05,4.81081e-05,4.80957e-05,4.80638e-05,4.80601e-05,4.80691e-05,4.80651e-05,4.80734e-05,4.80725e-05,4.80764e-05,4.80715e-05,4.80646e-05,4.80605e-05,4.80669e-05,4.80655e-05,4.80715e-05,4.80721e-05,4.80678e-05,4.80632e-05
0,0,0,0,0,4.80868e-05,4.80802e-05,4.80852e-05,4.80694e-05,4.80769e-05,4.80772e-05,4.80826e-05,4.90113e-05,4.80978e-05,4.80719e-05,4.91329e-05,4.81042e-05,4.80978e-05,4.81029e-05,4.81039e-05,4.80989e-05,4.81124e-05,4.8091e-05,4.8104e-05,4.80967e-05,4.80994e-05,4.80903e-05,4.80987e-05,4.81035e-05,4.90573e-05,4.81083e-05,4.81057e-05,4.8064e-05,4.80603e-05,4.80701e-05,4.80652e-05,4.80736e-05,4.80726e-05,4.80765e-05,4.80717e-05,4.80648e-05,4.80607e-05,4.80671e-05,4.80657e-05,4.80716e-05,4.80722e-05,4.80679e-05,4.80634e-05
0,0,0,0,0,0,4.9161e-05,4.80893e-05,4.80881e-05,4.88527e-05,4.80841e-05,4.80896e-05,4.80904e-05,4.93769e-05,4.89371e-05,4.80815e-05,4.81166e-05,4.81099e-05,4.81153e-05,4.81156e-05,4.81105e-05,4.81156e-05,4.81026e-05,4.81157e-05,4.89576e-05,4.81036e-05,4.81094e-05,4.81029e-05,4.81152e-05,4.81129e-05,4.812e-05,4.81188e-05,4.80757e-05,4.80721e-05,4.80731e-05,4.8077e-05,4.80853e-05,4.80843e-05,4.80883e-05,4.80834e-05,4.80765e-05,4.80724e-05,4.80788e-05,4.80775e-05,4.80834e-05,4.8084e-05,4.80797e-05,4.80751e-05
0,0,0,0,0,0,0,4.80713e-05,4.80757e-05,4.90572e-05,4.80875e-05,4.93427e-05,4.80994e-05,4.81005e-05,4.80873e-05,4.8084e-05,4.81019e-05,4.80959e-05,4.81006e-05,4.8109e-05,4.8104e-05,4.81091e-05,4.8096e-05,4.8109e-05,4.81111e-05,4.8097e-05,4.80954e-05,4.80963e-05,4.81085e-05,4.81062e-05,4.81135e-05,4.81012e-05,4.80692e-05,4.80655e-05,4.80667e-05,4.80704e-05,4.80788e-05,4.80778e-05,4.80818e-05,4.80769e-05,4.807e-05,4.80659e-05,4.80722e-05,4.80709e-05,4.80769e-05,4.80774e-05,4.80732e-05,4.80686e-05
0,0,0,0,0,0,0,0,4.88658e-05,4.80981e-05,4.87982e-05,4.80711e-05,4.80921e-05,4.80929e-05,4.88566e-05,4.88547e-05,4.80873e-05,4.80813e-05,4.8086e-05,4.80945e-05,4.80895e-05,4.80946e-05,4.80815e-05,4.80945e-05,4.80873e-05,4.80825e-05,4.80809e-05,4.80817e-05,4.8094e-05,4.80918e-05,4.80989e-05,4.80866e-05,4.80547e-05,4.8051e-05,4.80522e-05,4.80559e-05,4.80643e-05,4.80633e-05,4.80672e-05,4.80624e-05,4.80555e-05,4.80513e-05,4.80577e-05,4.80564e-05,4.80623e-05,4.80629e-05,4.80586e-05,4.80541e-05
0,0,0,0,0,0,0,0,0,4.88303e-05,4.88549e-05,4.80663e-05,4.87799e-05,4.80704e-05,4.89199e-05,4.80709e-05,4.80847e-05,4.80787e-05,4.80834e-05,4.80919e-05,4.80869e-05,4.8092e-05,4.80789e-05,4.80919e-05,4.80847e-05,4.80799e-05,4.80783e-05,4.80791e-05,4.80914e-05,4.80891e-05,4.80963e-05,4.8084e-05,4.80521e-05,4.80484e-05,4.8057e-05,4.80533e-05,4.80617e-05,4.80607e-05,4.80646e-05,4.80598e-05,4.80529e-05,4.80487e-05,4.80552e-05,4.80538e-05,4.80597e-05,4.80603e-05,4.8056e-05,4.80515e-05
0,0,0,0,0,0,0,0,0,0,4.87568e-05,4.80858e-05,4.80959e-05,4.81014e-05,4.88283e-05,4.80768e-05,4.80985e-05,4.80925e-05,4.80972e-05,4.81057e-05,4.81006e-05,4.81057e-05,4.80927e-05,4.81057e-05,4.8105e-05,4.80936e-05,4.80921e-05,4.80929e-05,4.81051e-05,4.81028e-05,4.81101e-05,4.80978e-05,4.80658e-05,4.80622e-05,4.80633e-05,4.80671e-05,4.80754e-05,4.80744e-05,4.80784e-05,4.80735e-05,4.80666e-05,4.80625e-05,4.80689e-05,4.80675e-05,4.80735e-05,4.80741e-05,4.80698e-05,4.80652e-05
0,0,0,0,0,0,0,0,0,0,0,4.90674e-05,4.87267e-05,4.80766e-05,4.80804e-05,4.88661e-05,4.80838e-05,4.80778e-05,4.80825e-05,4.8091e-05,4.8086e-05,4.80911e-05,4.8078e-05,4.8091e-05,4.80838e-05,4.8079e-05,4.80774e-05,4.80783e-05,4.80905e-05,4.80883e-05,4.80955e-05,4.80831e-05,4.80512e-05,4.80475e-05,4.80558e-05,4.80524e-05,4.80608e-05,4.80598e-05,4.80637e-05,4.80589e-05,4.8052e-05,4.80479e-05,4.80543e-05,4.80529e-05,4.80589e-05,4.80594e-05,4.80552e-05,4.80506e-05
0,0,0,0,0,0,0,0,0,0,0,0,4.89974e-05,4.8071e-05,4.80609e-05,4.91297e-05,4.80854e-05,4.80794e-05,4.80841e-05,4.80926e-05,4.80876e-05,4.80927e-05,4.80796e-05,4.80926e-05,4.80854e-05,4.80806e-05,4.8079e-05,4.80799e-05,4.80921e-05,4.80899e-05,4.80971e-05,4.80847e-05,4.80528e-05,4.80491e-05,4.80589e-05,4.8054e-05,4.80624e-05,4.80615e-05,4.80653e-05,4.80605e-05,4.80536e-05,4.80495e-05,4.80559e-05,4.80545e-05,4.80605e-05,4.8061e-05,4.80568e-05,4.80522e-05
0,0,0,0,0,0,0,0,0,0,0,0,0,4.80914e-05,4.8777e-05,4.8794e-05,4.80938e-05,4.80878e-05,4.80925e-05,4.81009e-05,4.80959e-05,4.81011e-05,4.80879e-05,4.81009e-05,4.80937e-05,4.80889e-05,4.80873e-05,4.80882e-05,4.81004e-05,4.81062e-05,4.81054e-05,4.80931e-05,4.80611e-05,4.80575e-05,4.91939e-05,4.80624e-05,4.80708e-05,4.80822e-05,4.80737e-05,4.80688e-05,4.8062e-05,4.80579e-05,4.80756e-05,4.80628e-05,4.80688e-05,4.80694e-05,4.80651e-05,4.80605e-05
0,0,0,0,0,0,0,0,0,0,0,0,0,0,4.80916e-05,4.80795e-05,4.81038e-05,4.80978e-05,4.81025e-05,4.81109e-05,4.81059e-05,4.8111e-05,4.80979e-05,4.81109e-05,4.81149e-05,4.80989e-05,4.80974e-05,4.80982e-05,4.81104e-05,4.81082e-05,4.81154e-05,4.81031e-05,4.80711e-05,4.80674e-05,4.80685e-05,4.80724e-05,4.80807e-05,4.80797e-05,4.80837e-05,4.80788e-05,4.80719e-05,4.80678e-05,4.80741e-05,4.80728e-05,4.80788e-05,4.80794e-05,4.80751e-05,4.80705e-05
0,0,0,0,0,0,0,0,0,0,0,0,0,0,0,4.80718e-05,4.80872e-05,4.80812e-05,4.80859e-05,4.80944e-05,4.80893e-05,4.80944e-05,4.80814e-05,4.80944e-05,4.80946e-05,4.80823e-05,4.80808e-05,4.80816e-05,4.80939e-05,4.80916e-05,4.80988e-05,4.80865e-05,4.80545e-05,4.80509e-05,4.80594e-05,4.80558e-05,4.80641e-05,4.80632e-05,4.80671e-05,4.80622e-05,4.80553e-05,4.80512e-05,4.80576e-05,4.80562e-05,4.80622e-05,4.80628e-05,4.80585e-05,4.80539e-05
0,0,0,0,0,0,0,0,0,0,0,0,0,0,0,0,4.80863e-05,4.80803e-05,4.8085e-05,4.80934e-05,4.80884e-05,4.80936e-05,4.80804e-05,4.80934e-05,4.80862e-05,4.80814e-05,4.80798e-05,4.80807e-05,4.80929e-05,4.81005e-05,4.80979e-05,4.80856e-05,4.80536e-05,4.80499e-05,4.80586e-05,4.80548e-05,4.80632e-05,4.80622e-05,4.80662e-05,4.80613e-05,4.80544e-05,4.80503e-05,4.80567e-05,4.80553e-05,4.80613e-05,4.80618e-05,4.80576e-05,4.8053e-05
0,0,0,0,0,0,0,0,0,0,0,0,0,0,0,0,0,4.90615e-05,4.81637e-05,4.81257e-05,4.8133e-05,4.81333e-05,4.81312e-05,4.91558e-05,4.90613e-05,4.81206e-05,4.81206e-05,4.81397e-05,4.91555e-05,4.89591e-05,4.81302e-05,4.81532e-05,4.80858e-05,4.80821e-05,4.80831e-05,4.8087e-05,4.80954e-05,4.80943e-05,4.80983e-05,4.80934e-05,4.80866e-05,4.80824e-05,4.80888e-05,4.80875e-05,4.80934e-05,4.8094e-05,4.80897e-05,4.80852e-05
0,0,0,0,0,0,0,0,0,0,0,0,0,0,0,0,0,0,4.90602e-05,4.81199e-05,4.81244e-05,4.8127e-05,4.89652e-05,4.81498e-05,4.89798e-05,4.81225e-05,4.81303e-05,4.90558e-05,4.81478e-05,4.88839e-05,4.81242e-05,4.81319e-05,4.80798e-05,4.80761e-05,4.80771e-05,4.8081e-05,4.80894e-05,4.80884e-05,4.80923e-05,4.80875e-05,4.80806e-05,4.80765e-05,4.80828e-05,4.80816e-05,4.80875e-05,4.8088e-05,4.80838e-05,4.80792e-05
0,0,0,0,0,0,0,0,0,0,0,0,0,0,0,0,0,0,0,4.81244e-05,4.81317e-05,4.81321e-05,4.81299e-05,4.91546e-05,4.906e-05,4.81194e-05,4.81193e-05,4.81384e-05,4.91542e-05,4.89578e-05,4.81289e-05,4.81519e-05,4.80845e-05,4.80808e-05,4.80818e-05,4.80857e-05,4.80941e-05,4.80931e-05,4.8097e-05,4.80922e-05,4.80853e-05,4.80812e-05,4.80875e-05,4.80862e-05,4.80921e-05,4.80927e-05,4.80884e-05,4.80839e-05
0,0,0,0,0,0,0,0,0,0,0,0,0,0,0,0,0,0,0,0,4.81545e-05,4.96461e-05,4.81315e-05,4.81331e-05,4.81368e-05,4.81513e-05,4.93953e-05,4.81322e-05,4.81324e-05,4.81459e-05,4.98585e-05,4.8125e-05,4.8093e-05,4.80894e-05,4.80903e-05,4.80943e-05,4.81026e-05,4.81016e-05,4.81055e-05,4.81007e-05,4.80938e-05,4.80897e-05,4.8096e-05,4.81047e-05,4.81007e-05,4.81012e-05,4.8097e-05,4.80924e-05
0,0,0,0,0,0,0,0,0,0,0,0,0,0,0,0,0,0,0,0,0,4.81642e-05,4.91884e-05,4.92747e-05,4.81208e-05,4.92729e-05,4.81353e-05,4.81376e-05,4.81498e-05,4.81357e-05,4.96193e-05,4.81201e-05,4.8088e-05,4.80843e-05,4.80853e-05,4.80892e-05,4.80976e-05,4.80966e-05,4.81005e-05,4.80957e-05,4.80888e-05,4.80847e-05,4.8091e-05,4.80898e-05,4.80956e-05,4.80962e-05,4.80919e-05,4.80874e-05
0,0,0,0,0,0,0,0,0,0,0,0,0,0,0,0,0,0,0,0,0,0,4.81317e-05,4.81333e-05,4.8126e-05,4.92756e-05,4.81496e-05,4.81281e-05,4.81326e-05,4.90969e-05,4.96507e-05,4.81348e-05,4.80931e-05,4.80894e-05,4.80904e-05,4.80943e-05,4.81027e-05,4.81017e-05,4.81056e-05,4.81008e-05,4.80939e-05,4.80897e-05,4.80961e-05,4.80949e-05,4.81007e-05,4.81013e-05,4.8097e-05,4.80925e-05
0,0,0,0,0,0,0,0,0,0,0,0,0,0,0,0,0,0,0,0,0,0,0,4.81524e-05,4.8128e-05,4.90628e-05,4.89736e-05,4.90581e-05,4.9054e-05,4.81399e-05,4.81415e-05,4.81257e-05,4.808e-05,4.80764e-05,4.80773e-05,4.80813e-05,4.80896e-05,4.80886e-05,4.80925e-05,4.80877e-05,4.80808e-05,4.80767e-05,4.8083e-05,4.8088e-05,4.80877e-05,4.80882e-05,4.8084e-05,4.80794e-05
0,0,0,0,0,0,0,0,0,0,0,0,0,0,0,0,0,0,0,0,0,0,0,0,4.81458e-05,4.81347e-05,4.81295e-05,4.91395e-05,4.91732e-05,4.81567e-05,4.81552e-05,4.81398e-05,4.8093e-05,4.80893e-05,4.80903e-05,4.80942e-05,4.81026e-05,4.81016e-05,4.81055e-05,4.81007e-05,4.80938e-05,4.80897e-05,4.8096e-05,4.80948e-05,4.81007e-05,4.81012e-05,4.8097e-05,4.80924e-05
0,0,0,0,0,0,0,0,0,0,0,0,0,0,0,0,0,0,0,0,0,0,0,0,0,4.8122e-05,4.89613e-05,4.81298e-05,4.81616e-05,4.81584e-05,4.81301e-05,4.93936e-05,4.80857e-05,4.80821e-05,4.8083e-05,4.8087e-05,4.80953e-05,4.80943e-05,4.80982e-05,4.80934e-05,4.80865e-05,4.80824e-05,4.80887e-05,4.80937e-05,4.80934e-05,4.80939e-05,4.80897e-05,4.80851e-05
0,0,0,0,0,0,0,0,0,0,0,0,0,0,0,0,0,0,0,0,0,0,0,0,0,0,4.905e-05,4.81332e-05,4.81296e-05,4.89575e-05,4.81617e-05,4.8122e-05,4.8081e-05,4.80773e-05,4.80783e-05,4.80822e-05,4.80906e-05,4.80895e-05,4.80935e-05,4.80887e-05,4.80818e-05,4.80777e-05,4.8084e-05,4.80897e-05,4.80886e-05,4.80892e-05,4.80849e-05,4.80804e-05
0,0,0,0,0,0,0,0,0,0,0,0,0,0,0,0,0,0,0,0,0,0,0,0,0,0,0,4.90491e-05,4.81273e-05,4.81327e-05,4.81466e-05,4.81227e-05,4.80835e-05,4.80812e-05,4.80767e-05,4.80853e-05,4.80929e-05,4.8088e-05,4.8092e-05,4.80915e-05,4.80803e-05,4.80816e-05,4.80825e-05,4.87891e-05,4.80871e-05,4.80877e-05,4.8088e-05,4.80843e-05
0,0,0,0,0,0,0,0,0,0,0,0,0,0,0,0,0,0,0,0,0,0,0,0,0,0,0,0,4.81399e-05,4.89533e-05,4.81249e-05,4.81215e-05,4.80803e-05,4.80766e-05,4.80775e-05,4.80815e-05,4.80899e-05,4.80888e-05,4.80928e-05,4.80879e-05,4.80811e-05,4.80769e-05,4.80833e-05,4.8089e-05,4.80879e-05,4.80885e-05,4.80842e-05,4.80797e-05
0,0,0,0,0,0,0,0,0,0,0,0,0,0,0,0,0,0,0,0,0,0,0,0,0,0,0,0,0,4.81621e-05,4.8137e-05,4.94845e-05,4.80925e-05,4.80888e-05,4.80898e-05,4.80937e-05,4.81021e-05,4.81011e-05,4.8105e-05,4.81002e-05,4.80933e-05,4.80892e-05,4.80955e-05,4.80942e-05,4.81001e-05,4.81007e-05,4.80964e-05,4.80919e-05
0,0,0,0,0,0,0,0,0,0,0,0,0,0,0,0,0,0,0,0,0,0,0,0,0,0,0,0,0,0,4.81503e-05,4.9293e-05,4.80902e-05,4.80865e-05,4.80876e-05,4.80914e-05,4.80998e-05,4.80988e-05,4.81027e-05,4.80979e-05,4.8091e-05,4.80869e-05,4.80932e-05,4.8092e-05,4.80978e-05,4.80984e-05,4.80941e-05,4.80896e-05
0,0,0,0,0,0,0,0,0,0,0,0,0,0,0,0,0,0,0,0,0,0,0,0,0,0,0,0,0,0,0,4.81294e-05,4.80974e-05,4.80938e-05,4.80948e-05,4.80987e-05,4.8107e-05,4.8106e-05,4.811e-05,4.81051e-05,4.80983e-05,4.80941e-05,4.81005e-05,4.80993e-05,4.81051e-05,4.81057e-05,4.81014e-05,4.80968e-05
0,0,0,0,0,0,0,0,0,0,0,0,0,0,0,0,0,0,0,0,0,0,0,0,0,0,0,0,0,0,0,0,4.8085e-05,4.80814e-05,4.80824e-05,4.80863e-05,4.80947e-05,4.80936e-05,4.80976e-05,4.80927e-05,4.80859e-05,4.80817e-05,4.80881e-05,4.80868e-05,4.80927e-05,4.80933e-05,4.8089e-05,4.80844e-05
0,0,0,0,0,0,0,0,0,0,0,0,0,0,0,0,0,0,0,0,0,0,0,0,0,0,0,0,0,0,0,0,0,4.8831e-05,4.80591e-05,4.86946e-05,4.85742e-05,4.80779e-05,4.80853e-05,4.86545e-05,4.80817e-05,4.88291e-05,4.86914e-05,4.86245e-05,4.8759e-05,4.80788e-05,4.87008e-05,4.88362e-05
0,0,0,0,0,0,0,0,0,0,0,0,0,0,0,0,0,0,0,0,0,0,0,0,0,0,0,0,0,0,0,0,0,0,4.80589e-05,4.80651e-05,4.88162e-05,4.89969e-05,4.80752e-05,4.8071e-05,4.80562e-05,4.80628e-05,4.80653e-05,4.8861e-05,4.8067e-05,4.80827e-05,4.80729e-05,4.90794e-05
0,0,0,0,0,0,0,0,0,0,0,0,0,0,0,0,0,0,0,0,0,0,0,0,0,0,0,0,0,0,0,0,0,0,0,4.80611e-05,4.80701e-05,4.93442e-05,4.80745e-05,4.80585e-05,4.80628e-05,4.80576e-05,4.92797e-05,4.80525e-05,4.80584e-05,4.80709e-05,4.80638e-05,4.80501e-05
0,0,0,0,0,0,0,0,0,0,0,0,0,0,0,0,0,0,0,0,0,0,0,0,0,0,0,0,0,0,0,0,0,0,0,0,4.8684e-05,4.80732e-05,4.80834e-05,4.87618e-05,4.90694e-05,4.80836e-05,4.87992e-05,4.87145e-05,4.88641e-05,4.80731e-05,4.80837e-05,4.8064e-05
0,0,0,0,0,0,0,0,0,0,0,0,0,0,0,0,0,0,0,0,0,0,0,0,0,0,0,0,0,0,0,0,0,0,0,0,0,4.87481e-05,4.87553e-05,4.8647e-05,4.89498e-05,4.88198e-05,4.80936e-05,4.86007e-05,4.87461e-05,4.88314e-05,4.80887e-05,4.80868e-05
0,0,0,0,0,0,0,0,0,0,0,0,0,0,0,0,0,0,0,0,0,0,0,0,0,0,0,0,0,0,0,0,0,0,0,0,0,0,4.89368e-05,4.80879e-05,4.80761e-05,4.80704e-05,4.88675e-05,4.80749e-05,4.80814e-05,4.90172e-05,4.80792e-05,4.80813e-05
0,0,0,0,0,0,0,0,0,0,0,0,0,0,0,0,0,0,0,0,0,0,0,0,0,0,0,0,0,0,0,0,0,0,0,0,0,0,0,4.88405e-05,4.8072e-05,4.80673e-05,4.80821e-05,4.80814e-05,4.89389e-05,4.90272e-05,4.88707e-05,4.80825e-05
0,0,0,0,0,0,0,0,0,0,0,0,0,0,0,0,0,0,0,0,0,0,0,0,0,0,0,0,0,0,0,0,0,0,0,0,0,0,0,0,4.8074e-05,4.80712e-05,4.80783e-05,4.86797e-05,4.88373e-05,4.89091e-05,4.87673e-05,4.8085e-05
0,0,0,0,0,0,0,0,0,0,0,0,0,0,0,0,0,0,0,0,0,0,0,0,0,0,0,0,0,0,0,0,0,0,0,0,0,0,0,0,0,4.92115e-05,4.9077e-05,4.80772e-05,4.80751e-05,4.8068e-05,4.8066e-05,4.80537e-05
0,0,0,0,0,0,0,0,0,0,0,0,0,0,0,0,0,0,0,0,0,0,0,0,0,0,0,0,0,0,0,0,0,0,0,0,0,0,0,0,0,0,4.8943e-05,4.8853e-05,4.80674e-05,4.80633e-05,4.80705e-05,4.8061e-05
0,0,0,0,0,0,0,0,0,0,0,0,0,0,0,0,0,0,0,0,0,0,0,0,0,0,0,0,0,0,0,0,0,0,0,0,0,0,0,0,0,0,0,4.80785e-05,4.80804e-05,4.80726e-05,4.87922e-05,4.80672e-05
0,0,0,0,0,0,0,0,0,0,0,0,0,0,0,0,0,0,0,0,0,0,0,0,0,0,0,0,0,0,0,0,0,0,0,0,0,0,0,0,0,0,0,0,4.80856e-05,4.8081e-05,4.87209e-05,4.88663e-05
0,0,0,0,0,0,0,0,0,0,0,0,0,0,0,0,0,0,0,0,0,0,0,0,0,0,0,0,0,0,0,0,0,0,0,0,0,0,0,0,0,0,0,0,0,4.80885e-05,4.887e-05,4.80727e-05
0,0,0,0,0,0,0,0,0,0,0,0,0,0,0,0,0,0,0,0,0,0,0,0,0,0,0,0,0,0,0,0,0,0,0,0,0,0,0,0,0,0,0,0,0,0,4.80885e-05,4.908e-05
0,0,0,0,0,0,0,0,0,0,0,0,0,0,0,0,0,0,0,0,0,0,0,0,0,0,0,0,0,0,0,0,0,0,0,0,0,0,0,0,0,0,0,0,0,0,0,4.89402e-05
0,0,0,0,0,0,0,0,0,0,0,0,0,0,0,0,0,0,0,0,0,0,0,0,0,0,0,0,0,0,0,0,0,0,0,0,0,0,0,0,0,0,0,0,0,0,0,0
