# # np.logspace(-2, 2., num = num_time_points)
0,5.93248e-07,5.94949e-07,5.91405e-07,5.81273e-07,5.48519e-07,5.7826e-07,6.37098e-07,6.40491e-07,5.86202e-07,6.45857e-07,6.50459e-07,6.31534e-07,5.55992e-07,6.15348e-07,6.4474e-07,4.86754e-07,5.05962e-07,4.89936e-07,4.98807e-07,5.01786e-07,4.96123e-07,5.15905e-07,4.81227e-07,5.02217e-07,5.11815e-07,5.24925e-07,5.02848e-07,4.84898e-07,4.96611e-07,4.94483e-07,4.86823e-07,6.40976e-07,6.49188e-07,6.52145e-07,6.28592e-07,6.05386e-07,6.24568e-07,5.80997e-07,5.97189e-07,6.37857e-07,6.5237e-07,6.54223e-07,6.30212e-07,5.91572e-07,6.00452e-07,6.17955e-07,6.44634e-07
0,0,5.5942e-07,5.62287e-07,5.41332e-07,5.11401e-07,5.4616e-07,6.06926e-07,6.14175e-07,5.58248e-07,6.15988e-07,6.19411e-07,5.98046e-07,5.14239e-07,5.84291e-07,6.11475e-07,4.4445e-07,4.65303e-07,4.47926e-07,4.57942e-07,4.6117e-07,4.54736e-07,4.76367e-07,4.38617e-07,4.61351e-07,4.71774e-07,4.86155e-07,4.62037e-07,4.42598e-07,4.53789e-07,4.53239e-07,4.44548e-07,6.09782e-07,6.18407e-07,6.20642e-07,5.96757e-07,5.72245e-07,5.92289e-07,5.46398e-07,5.6361e-07,6.06499e-07,6.21745e-07,6.23481e-07,5.98463e-07,5.57663e-07,5.67039e-07,5.85548e-07,6.13659e-07
0,0,0,5.63691e-07,5.49618e-07,5.13804e-07,5.48045e-07,6.09594e-07,6.16059e-07,5.58449e-07,6.17507e-07,6.22099e-07,6.03268e-07,5.19042e-07,5.85625e-07,6.14747e-07,4.52888e-07,4.73408e-07,4.56297e-07,4.6614e-07,4.69335e-07,4.632e-07,4.84294e-07,4.47186e-07,4.68596e-07,4.79927e-07,4.93768e-07,4.70307e-07,4.51069e-07,4.631e-07,4.61548e-07,4.52916e-07,6.15957e-07,6.24487e-07,6.26599e-07,6.03057e-07,5.78832e-07,5.98747e-07,5.53273e-07,5.7026e-07,6.127e-07,6.27795e-07,6.29625e-07,6.04723e-07,5.64378e-07,5.73665e-07,5.91963e-07,6.19767e-07
0,0,0,0,5.49377e-07,5.13958e-07,5.43836e-07,6.11415e-07,6.15051e-07,5.55623e-07,6.18383e-07,6.20874e-07,6.01957e-07,5.22144e-07,5.86612e-07,6.16308e-07,4.48901e-07,4.69644e-07,4.52348e-07,4.6202e-07,4.65238e-07,4.59105e-07,4.80406e-07,4.42961e-07,4.65388e-07,4.76009e-07,4.90047e-07,4.66345e-07,4.46932e-07,4.59493e-07,4.57358e-07,4.48969e-07,6.12744e-07,6.21329e-07,6.23804e-07,5.99782e-07,5.75402e-07,5.95392e-07,5.49699e-07,5.66807e-07,6.09477e-07,6.24651e-07,6.26429e-07,6.01492e-07,5.60892e-07,5.70221e-07,5.8863e-07,6.16597e-07
0,0,0,0,0,4.98496e-07,5.32219e-07,5.96787e-07,6.02698e-07,5.46149e-07,6.04068e-07,6.06078e-07,5.84899e-07,5.03065e-07,5.7284e-07,5.97781e-07,4.23662e-07,4.45142e-07,4.2729e-07,4.38525e-07,4.41751e-07,4.34472e-07,4.57145e-07,4.17868e-07,4.42157e-07,4.52132e-07,4.67647e-07,4.41995e-07,4.21948e-07,4.31288e-07,4.33603e-07,4.24069e-07,5.95879e-07,6.04708e-07,6.07142e-07,5.82549e-07,5.57406e-07,5.77968e-07,5.30853e-07,5.48546e-07,5.92535e-07,6.08122e-07,6.09889e-07,5.84201e-07,5.42444e-07,5.52077e-07,5.71061e-07,5.99854e-07
0,0,0,0,0,0,4.93117e-07,5.67295e-07,5.72033e-07,5.07539e-07,5.75222e-07,5.77506e-07,5.59015e-07,4.6338e-07,5.37894e-07,5.72471e-07,3.8222e-07,4.06119e-07,3.8623e-07,3.98883e-07,4.02541e-07,3.95535e-07,4.19401e-07,3.75977e-07,3.9931e-07,4.14754e-07,4.30049e-07,4.03271e-07,3.80314e-07,3.95103e-07,3.93651e-07,3.82411e-07,5.67027e-07,5.76291e-07,5.79941e-07,5.52994e-07,5.26474e-07,5.48531e-07,4.98255e-07,5.17013e-07,5.63522e-07,5.79876e-07,5.82069e-07,5.54644e-07,5.10531e-07,5.20808e-07,5.4087e-07,5.71146e-07
0,0,0,0,0,0,0,5.97599e-07,6.01322e-07,5.39066e-07,6.03308e-07,6.0343e-07,5.87446e-07,5.03325e-07,5.70947e-07,6.00916e-07,4.26184e-07,4.47948e-07,4.2981e-07,4.40191e-07,4.43565e-07,4.37161e-07,4.59371e-07,4.20051e-07,4.42949e-07,4.54843e-07,4.69353e-07,4.44666e-07,4.24187e-07,4.37569e-07,4.35321e-07,4.26284e-07,5.96546e-07,6.0536e-07,6.08612e-07,5.8322e-07,5.58132e-07,5.78899e-07,5.31582e-07,5.49228e-07,5.93197e-07,6.08772e-07,6.10775e-07,5.84933e-07,5.43118e-07,5.52779e-07,5.7174e-07,6.00474e-07
0,0,0,0,0,0,0,0,6.56115e-07,6.05913e-07,6.59006e-07,6.64587e-07,6.45789e-07,5.72653e-07,6.30285e-07,6.56803e-07,5.09083e-07,5.27452e-07,5.12124e-07,5.20715e-07,5.2357e-07,5.18066e-07,5.37087e-07,5.03878e-07,5.23801e-07,5.33106e-07,5.45752e-07,5.24505e-07,5.07373e-07,5.18005e-07,5.16579e-07,5.09134e-07,6.58181e-07,6.66175e-07,6.68218e-07,6.46126e-07,6.23572e-07,6.42085e-07,5.99924e-07,6.1563e-07,6.55136e-07,6.69276e-07,6.70969e-07,6.47707e-07,6.10184e-07,6.18782e-07,6.35785e-07,6.61753e-07
0,0,0,0,0,0,0,0,0,6.085e-07,6.63372e-07,6.68965e-07,6.49587e-07,5.79095e-07,6.34222e-07,6.63084e-07,5.14017e-07,5.32228e-07,5.17029e-07,5.25494e-07,5.28325e-07,5.22916e-07,5.41737e-07,5.08826e-07,5.28598e-07,5.37822e-07,5.50322e-07,5.29295e-07,5.12292e-07,5.2314e-07,5.21397e-07,5.14074e-07,6.61902e-07,6.69856e-07,6.71679e-07,6.49922e-07,6.2749e-07,6.45784e-07,6.0401e-07,6.19628e-07,6.58876e-07,6.72938e-07,6.74508e-07,6.51511e-07,6.14223e-07,6.22745e-07,6.39646e-07,6.65479e-07
0,0,0,0,0,0,0,0,0,0,6.12591e-07,6.16726e-07,5.98742e-07,5.16984e-07,5.79836e-07,6.12206e-07,4.45217e-07,4.66095e-07,4.48686e-07,4.58616e-07,4.61863e-07,4.55702e-07,4.77078e-07,4.39352e-07,4.61205e-07,4.72698e-07,4.8669e-07,4.62924e-07,4.43313e-07,4.56062e-07,4.53946e-07,4.4526e-07,6.10263e-07,6.18875e-07,6.21348e-07,5.97241e-07,5.7277e-07,5.92942e-07,5.46928e-07,5.64101e-07,6.0698e-07,6.22212e-07,6.24106e-07,5.98923e-07,5.58153e-07,5.67549e-07,5.86036e-07,6.14105e-07
0,0,0,0,0,0,0,0,0,0,0,6.67745e-07,6.50908e-07,5.81412e-07,6.38531e-07,6.6213e-07,5.17608e-07,5.35688e-07,5.20599e-07,5.29038e-07,5.31849e-07,5.26435e-07,5.45165e-07,5.12479e-07,5.3213e-07,5.41245e-07,5.53706e-07,5.32776e-07,5.15918e-07,5.26397e-07,5.24967e-07,5.17659e-07,6.64725e-07,6.72641e-07,6.74049e-07,6.52796e-07,6.30467e-07,6.48616e-07,6.07101e-07,6.22647e-07,6.61708e-07,6.75711e-07,6.77222e-07,6.54381e-07,6.17268e-07,6.25741e-07,6.42566e-07,6.6829e-07
0,0,0,0,0,0,0,0,0,0,0,0,6.53008e-07,5.84451e-07,6.42943e-07,6.64684e-07,5.18852e-07,5.36888e-07,5.21837e-07,5.30265e-07,5.33066e-07,5.27663e-07,5.46347e-07,5.13735e-07,5.33418e-07,5.42436e-07,5.54878e-07,5.33984e-07,5.17165e-07,5.2756e-07,5.26202e-07,5.18926e-07,6.65683e-07,6.73602e-07,6.75422e-07,6.53779e-07,6.31469e-07,6.49601e-07,6.08158e-07,6.23679e-07,6.62686e-07,6.76667e-07,6.78158e-07,6.55363e-07,6.18313e-07,6.26771e-07,6.43566e-07,6.69258e-07
0,0,0,0,0,0,0,0,0,0,0,0,0,5.6425e-07,6.23205e-07,6.47289e-07,4.98752e-07,5.17432e-07,5.0185e-07,5.10739e-07,5.13646e-07,5.07877e-07,5.27358e-07,4.93528e-07,5.13974e-07,5.23198e-07,5.36193e-07,5.14446e-07,4.9708e-07,5.07114e-07,5.06527e-07,4.988e-07,6.49721e-07,6.57827e-07,6.55996e-07,6.37564e-07,6.14549e-07,6.32039e-07,5.9071e-07,6.06846e-07,6.46589e-07,6.60939e-07,6.6134e-07,6.39344e-07,6.01384e-07,6.09827e-07,6.27138e-07,6.53613e-07
0,0,0,0,0,0,0,0,0,0,0,0,0,0,5.45992e-07,5.77623e-07,3.90661e-07,4.14273e-07,3.94613e-07,4.05991e-07,4.09642e-07,4.02643e-07,4.26673e-07,3.84024e-07,4.08887e-07,4.21765e-07,4.37404e-07,4.10764e-07,3.8853e-07,4.02666e-07,4.00708e-07,3.90793e-07,5.71813e-07,5.81004e-07,5.84814e-07,5.57895e-07,5.31617e-07,5.53458e-07,5.03669e-07,5.22251e-07,5.68321e-07,5.84557e-07,5.86717e-07,5.59673e-07,5.1582e-07,5.25993e-07,5.45882e-07,5.75901e-07
0,0,0,0,0,0,0,0,0,0,0,0,0,0,0,6.36808e-07,4.78088e-07,4.97581e-07,4.81322e-07,4.90622e-07,4.93654e-07,4.87871e-07,5.07904e-07,4.72645e-07,4.93112e-07,5.03779e-07,5.16956e-07,4.94619e-07,4.76326e-07,4.88008e-07,4.86257e-07,4.78157e-07,6.34622e-07,6.42912e-07,6.45074e-07,6.22116e-07,5.98647e-07,6.17853e-07,5.73987e-07,5.90392e-07,6.31466e-07,6.46124e-07,6.47816e-07,6.23744e-07,5.84717e-07,5.93669e-07,6.11372e-07,6.38343e-07
0,0,0,0,0,0,0,0,0,0,0,0,0,0,0,0,5.1275e-07,5.30932e-07,5.15766e-07,5.24443e-07,5.27264e-07,5.21634e-07,5.40621e-07,5.07672e-07,5.27668e-07,5.3656e-07,5.49293e-07,5.28029e-07,5.11126e-07,5.20739e-07,5.20335e-07,5.12833e-07,6.61157e-07,6.69119e-07,6.70554e-07,6.49165e-07,6.26701e-07,6.44939e-07,6.03196e-07,6.18842e-07,6.58127e-07,6.72205e-07,6.73699e-07,6.50749e-07,6.13432e-07,6.21953e-07,6.38878e-07,6.64747e-07
0,0,0,0,0,0,0,0,0,0,0,0,0,0,0,0,0,2.9827e-07,2.72053e-07,2.95333e-07,2.97211e-07,2.89517e-07,3.17696e-07,2.56063e-07,2.94403e-07,3.13806e-07,3.3452e-07,2.96258e-07,2.62039e-07,2.83766e-07,2.87809e-07,2.69276e-07,5.00916e-07,5.11375e-07,5.16739e-07,4.84977e-07,4.54514e-07,4.80099e-07,4.21531e-07,4.435e-07,4.96979e-07,5.15415e-07,5.18078e-07,4.86538e-07,4.35948e-07,4.47963e-07,4.71104e-07,5.05551e-07
0,0,0,0,0,0,0,0,0,0,0,0,0,0,0,0,0,0,3.03196e-07,3.249e-07,3.26604e-07,3.19504e-07,3.43015e-07,2.91049e-07,3.23567e-07,3.40713e-07,3.59332e-07,3.23409e-07,2.96617e-07,3.13178e-07,3.18418e-07,3.02404e-07,5.19543e-07,5.29633e-07,5.34868e-07,5.04206e-07,4.74979e-07,4.99559e-07,4.43568e-07,4.64454e-07,5.15795e-07,5.3354e-07,5.36152e-07,5.05389e-07,4.57283e-07,4.68757e-07,4.90875e-07,5.24011e-07
0,0,0,0,0,0,0,0,0,0,0,0,0,0,0,0,0,0,0,3.00513e-07,3.02302e-07,2.94769e-07,3.22393e-07,2.61818e-07,2.99416e-07,3.18622e-07,3.39031e-07,3.013e-07,2.67653e-07,2.88917e-07,2.93119e-07,2.74858e-07,5.04009e-07,5.14406e-07,5.19739e-07,4.88171e-07,4.57921e-07,4.83326e-07,4.25203e-07,4.46991e-07,5.00097e-07,5.18422e-07,5.2107e-07,4.89713e-07,4.395e-07,4.5142e-07,4.74391e-07,5.08616e-07
0,0,0,0,0,0,0,0,0,0,0,0,0,0,0,0,0,0,0,0,3.12938e-07,2.9747e-07,3.36801e-07,2.84973e-07,3.20409e-07,3.27689e-07,3.47093e-07,3.18649e-07,2.92172e-07,3.07248e-07,2.94679e-07,2.96088e-07,5.12122e-07,5.22417e-07,5.27984e-07,4.96628e-07,4.66882e-07,4.92033e-07,4.35054e-07,4.5621e-07,5.08487e-07,5.26393e-07,5.29112e-07,4.97352e-07,4.49001e-07,4.60707e-07,4.83083e-07,5.16709e-07
0,0,0,0,0,0,0,0,0,0,0,0,0,0,0,0,0,0,0,0,0,3.07598e-07,3.36412e-07,2.84258e-07,3.23992e-07,3.30075e-07,3.53124e-07,3.20609e-07,2.9293e-07,3.11092e-07,3.03131e-07,2.99687e-07,5.15301e-07,5.25482e-07,5.30832e-07,4.99836e-07,4.70331e-07,4.95154e-07,4.38589e-07,4.59702e-07,5.11524e-07,5.29419e-07,5.32052e-07,5.01036e-07,4.52455e-07,4.64049e-07,4.86386e-07,5.19814e-07
0,0,0,0,0,0,0,0,0,0,0,0,0,0,0,0,0,0,0,0,0,0,3.32068e-07,2.79364e-07,3.15899e-07,3.21346e-07,3.44478e-07,3.13834e-07,2.86522e-07,2.99862e-07,2.89953e-07,2.9032e-07,5.09797e-07,5.20086e-07,5.25462e-07,4.94165e-07,4.643e-07,4.89437e-07,4.32132e-07,4.53532e-07,5.05996e-07,5.24065e-07,5.26731e-07,4.95287e-07,4.46196e-07,4.5795e-07,4.80556e-07,5.14359e-07
0,0,0,0,0,0,0,0,0,0,0,0,0,0,0,0,0,0,0,0,0,0,0,3.07659e-07,3.42041e-07,3.50302e-07,3.69584e-07,3.37868e-07,3.13077e-07,3.30721e-07,3.29957e-07,3.2017e-07,5.28835e-07,5.38766e-07,5.44173e-07,5.13825e-07,4.85166e-07,5.09392e-07,4.54601e-07,4.74886e-07,5.25293e-07,5.42624e-07,5.45292e-07,5.14394e-07,4.67964e-07,4.792e-07,5.00747e-07,5.33233e-07
0,0,0,0,0,0,0,0,0,0,0,0,0,0,0,0,0,0,0,0,0,0,0,0,2.87852e-07,3.0381e-07,3.25856e-07,2.85685e-07,2.51411e-07,2.75956e-07,2.76074e-07,2.60652e-07,4.95411e-07,5.05983e-07,5.11467e-07,4.79289e-07,4.48442e-07,4.74366e-07,4.14981e-07,4.37274e-07,4.91435e-07,5.10066e-07,5.1277e-07,4.8083e-07,4.29617e-07,4.41805e-07,4.65247e-07,5.00095e-07
0,0,0,0,0,0,0,0,0,0,0,0,0,0,0,0,0,0,0,0,0,0,0,0,0,3.38196e-07,3.55429e-07,3.22432e-07,2.92222e-07,3.1104e-07,3.14446e-07,2.95735e-07,5.16459e-07,5.26619e-07,5.31907e-07,5.01057e-07,4.71627e-07,4.96428e-07,4.40049e-07,4.61039e-07,5.12758e-07,5.30558e-07,5.33216e-07,5.0211e-07,4.53854e-07,4.65422e-07,4.87639e-07,5.20961e-07
0,0,0,0,0,0,0,0,0,0,0,0,0,0,0,0,0,0,0,0,0,0,0,0,0,0,3.64516e-07,3.35096e-07,3.10362e-07,3.23985e-07,3.20548e-07,3.15202e-07,5.24873e-07,5.34889e-07,5.40277e-07,5.09749e-07,4.80839e-07,5.05262e-07,4.49975e-07,4.70469e-07,5.213e-07,5.38773e-07,5.41439e-07,5.10399e-07,4.63475e-07,4.74817e-07,4.96563e-07,5.29316e-07
0,0,0,0,0,0,0,0,0,0,0,0,0,0,0,0,0,0,0,0,0,0,0,0,0,0,0,3.5333e-07,3.31569e-07,3.46241e-07,3.42883e-07,3.3583e-07,5.36162e-07,5.46184e-07,5.52479e-07,5.21707e-07,4.9335e-07,5.17861e-07,4.64053e-07,4.83423e-07,5.33393e-07,5.50077e-07,5.53007e-07,5.20969e-07,4.76995e-07,4.88141e-07,5.08811e-07,5.40692e-07
0,0,0,0,0,0,0,0,0,0,0,0,0,0,0,0,0,0,0,0,0,0,0,0,0,0,0,0,2.93191e-07,3.09897e-07,3.12276e-07,2.99388e-07,5.16182e-07,5.26359e-07,5.31809e-07,5.00788e-07,4.71332e-07,4.96203e-07,4.39779e-07,4.60745e-07,5.12525e-07,5.30304e-07,5.32999e-07,5.01607e-07,4.53585e-07,4.65166e-07,4.87361e-07,5.20696e-07
0,0,0,0,0,0,0,0,0,0,0,0,0,0,0,0,0,0,0,0,0,0,0,0,0,0,0,0,0,2.81469e-07,2.84295e-07,2.63974e-07,4.99009e-07,5.09507e-07,5.14939e-07,4.83006e-07,4.52412e-07,4.78116e-07,4.19263e-07,4.41345e-07,4.95057e-07,5.13561e-07,5.16241e-07,4.84566e-07,4.33756e-07,4.4583e-07,4.69075e-07,5.0366e-07
0,0,0,0,0,0,0,0,0,0,0,0,0,0,0,0,0,0,0,0,0,0,0,0,0,0,0,0,0,0,3.00264e-07,2.85068e-07,5.10765e-07,5.21011e-07,5.2592e-07,4.95148e-07,4.6536e-07,4.90342e-07,4.33239e-07,4.54614e-07,5.06935e-07,5.24981e-07,5.27578e-07,4.9637e-07,4.4728e-07,4.58992e-07,4.81569e-07,5.15302e-07
0,0,0,0,0,0,0,0,0,0,0,0,0,0,0,0,0,0,0,0,0,0,0,0,0,0,0,0,0,0,0,2.88882e-07,5.08185e-07,5.18512e-07,5.2393e-07,4.92499e-07,4.62523e-07,4.87746e-07,4.30207e-07,4.51712e-07,5.04357e-07,5.225e-07,5.25164e-07,4.93729e-07,4.44335e-07,4.56136e-07,4.78842e-07,5.12766e-07
0,0,0,0,0,0,0,0,0,0,0,0,0,0,0,0,0,0,0,0,0,0,0,0,0,0,0,0,0,0,0,0,5.00994e-07,5.11461e-07,5.16813e-07,4.85059e-07,4.54596e-07,4.80172e-07,4.21615e-07,4.43588e-07,4.97054e-07,5.15499e-07,5.18148e-07,4.86716e-07,4.36032e-07,4.48044e-07,4.71189e-07,5.05638e-07
0,0,0,0,0,0,0,0,0,0,0,0,0,0,0,0,0,0,0,0,0,0,0,0,0,0,0,0,0,0,0,0,0,6.4831e-07,6.58895e-07,6.26809e-07,6.01974e-07,6.267e-07,5.83017e-07,5.95762e-07,6.38861e-07,6.51376e-07,6.5316e-07,6.27505e-07,5.91378e-07,6.02772e-07,6.16256e-07,6.43484e-07
0,0,0,0,0,0,0,0,0,0,0,0,0,0,0,0,0,0,0,0,0,0,0,0,0,0,0,0,0,0,0,0,0,0,6.68211e-07,6.405e-07,6.13276e-07,6.35349e-07,5.94651e-07,6.09017e-07,6.51698e-07,6.64449e-07,6.65847e-07,6.38714e-07,6.05245e-07,6.13123e-07,6.29435e-07,6.53879e-07
0,0,0,0,0,0,0,0,0,0,0,0,0,0,0,0,0,0,0,0,0,0,0,0,0,0,0,0,0,0,0,0,0,0,0,6.47808e-07,6.23478e-07,6.39873e-07,6.02003e-07,6.18047e-07,6.57145e-07,6.71096e-07,6.68394e-07,6.49934e-07,6.13349e-07,6.21013e-07,6.37807e-07,6.64776e-07
0,0,0,0,0,0,0,0,0,0,0,0,0,0,0,0,0,0,0,0,0,0,0,0,0,0,0,0,0,0,0,0,0,0,0,0,5.90415e-07,6.1612e-07,5.71301e-07,5.84293e-07,6.26157e-07,6.41572e-07,6.42316e-07,6.17919e-07,5.79619e-07,5.92017e-07,6.06993e-07,6.36112e-07
0,0,0,0,0,0,0,0,0,0,0,0,0,0,0,0,0,0,0,0,0,0,0,0,0,0,0,0,0,0,0,0,0,0,0,0,0,5.87666e-07,5.41404e-07,5.57128e-07,6.01388e-07,6.16226e-07,6.18964e-07,5.92435e-07,5.52598e-07,5.62261e-07,5.81072e-07,6.09782e-07
0,0,0,0,0,0,0,0,0,0,0,0,0,0,0,0,0,0,0,0,0,0,0,0,0,0,0,0,0,0,0,0,0,0,0,0,0,0,5.65376e-07,5.8309e-07,6.2658e-07,6.40913e-07,6.39404e-07,6.1736e-07,5.78986e-07,5.85142e-07,6.04956e-07,6.32411e-07
0,0,0,0,0,0,0,0,0,0,0,0,0,0,0,0,0,0,0,0,0,0,0,0,0,0,0,0,0,0,0,0,0,0,0,0,0,0,0,5.33245e-07,5.84046e-07,5.99372e-07,6.00114e-07,5.72903e-07,5.28463e-07,5.38046e-07,5.57511e-07,5.8925e-07
0,0,0,0,0,0,0,0,0,0,0,0,0,0,0,0,0,0,0,0,0,0,0,0,0,0,0,0,0,0,0,0,0,0,0,0,0,0,0,0,5.98082e-07,6.12795e-07,6.14357e-07,5.85956e-07,5.44273e-07,5.55201e-07,5.72424e-07,6.0331e-07
0,0,0,0,0,0,0,0,0,0,0,0,0,0,0,0,0,0,0,0,0,0,0,0,0,0,0,0,0,0,0,0,0,0,0,0,0,0,0,0,0,6.50071e-07,6.51322e-07,6.29957e-07,5.93441e-07,6.03975e-07,6.19539e-07,6.4784e-07
0,0,0,0,0,0,0,0,0,0,0,0,0,0,0,0,0,0,0,0,0,0,0,0,0,0,0,0,0,0,0,0,0,0,0,0,0,0,0,0,0,0,6.65393e-07,6.42486e-07,6.08583e-07,6.18639e-07,6.33249e-07,6.60516e-07
0,0,0,0,0,0,0,0,0,0,0,0,0,0,0,0,0,0,0,0,0,0,0,0,0,0,0,0,0,0,0,0,0,0,0,0,0,0,0,0,0,0,0,6.4558e-07,6.09824e-07,6.19589e-07,6.33546e-07,6.61971e-07
0,0,0,0,0,0,0,0,0,0,0,0,0,0,0,0,0,0,0,0,0,0,0,0,0,0,0,0,0,0,0,0,0,0,0,0,0,0,0,0,0,0,0,0,5.82478e-07,5.92521e-07,6.07017e-07,6.33795e-07
0,0,0,0,0,0,0,0,0,0,0,0,0,0,0,0,0,0,0,0,0,0,0,0,0,0,0,0,0,0,0,0,0,0,0,0,0,0,0,0,0,0,0,0,0,5.52096e-07,5.67857e-07,5.99884e-07
0,0,0,0,0,0,0,0,0,0,0,0,0,0,0,0,0,0,0,0,0,0,0,0,0,0,0,0,0,0,0,0,0,0,0,0,0,0,0,0,0,0,0,0,0,0,5.79376e-07,6.07129e-07
0,0,0,0,0,0,0,0,0,0,0,0,0,0,0,0,0,0,0,0,0,0,0,0,0,0,0,0,0,0,0,0,0,0,0,0,0,0,0,0,0,0,0,0,0,0,0,6.22831e-07
0,0,0,0,0,0,0,0,0,0,0,0,0,0,0,0,0,0,0,0,0,0,0,0,0,0,0,0,0,0,0,0,0,0,0,0,0,0,0,0,0,0,0,0,0,0,0,0
