# # np.logspace(-2, 2., num = num_time_points)
0,3.50879e-07,3.07706e-07,2.71194e-07,3.66784e-07,3.02887e-07,3.21156e-07,3.16322e-07,3.12511e-07,2.39584e-07,3.73749e-07,4.18489e-07,3.54865e-07,3.38107e-07,3.48382e-07,3.97358e-07,3.0138e-07,3.09256e-07,3.02634e-07,3.02387e-07,3.06638e-07,3.00886e-07,3.1446e-07,2.99156e-07,3.03953e-07,3.13149e-07,3.22984e-07,3.10694e-07,2.99595e-07,3.01203e-07,2.99945e-07,3.03829e-07,4.21066e-07,4.46333e-07,4.48065e-07,4.18717e-07,3.82892e-07,4.08321e-07,3.71935e-07,3.84736e-07,4.32653e-07,4.47192e-07,4.34488e-07,4.16826e-07,3.85766e-07,3.94006e-07,4.08244e-07,4.38377e-07
0,0,2.18414e-07,3.10981e-07,2.29854e-07,2.41849e-07,3.09982e-07,2.94007e-07,3.56671e-07,2.91443e-07,3.48037e-07,3.75931e-07,2.7449e-07,1.93759e-07,3.23885e-07,3.28398e-07,2.45045e-07,2.53949e-07,2.46508e-07,2.48415e-07,2.53512e-07,2.44724e-07,2.62328e-07,2.44054e-07,2.4822e-07,2.59135e-07,2.72524e-07,2.56246e-07,2.44408e-07,2.27942e-07,2.45506e-07,2.47981e-07,3.84227e-07,4.11697e-07,4.01963e-07,3.81652e-07,3.41932e-07,3.68175e-07,3.2965e-07,3.44204e-07,3.96813e-07,4.12635e-07,3.9699e-07,3.79662e-07,3.45375e-07,3.54335e-07,3.70154e-07,4.03269e-07
0,0,0,2.43588e-07,2.83159e-07,1.82111e-07,2.59411e-07,2.65672e-07,3.19332e-07,2.08644e-07,2.88634e-07,3.46043e-07,2.89748e-07,1.9292e-07,2.571e-07,2.90059e-07,2.4122e-07,2.50499e-07,2.42693e-07,2.43985e-07,2.49279e-07,2.41944e-07,2.58434e-07,2.39744e-07,2.36268e-07,2.5675e-07,2.67606e-07,2.53582e-07,2.40073e-07,2.38902e-07,2.41089e-07,2.43953e-07,3.81402e-07,4.09091e-07,4.05282e-07,3.78798e-07,3.38797e-07,3.66859e-07,3.26356e-07,3.4089e-07,3.94124e-07,4.1003e-07,3.95785e-07,3.76597e-07,3.42059e-07,3.51287e-07,3.67192e-07,4.00436e-07
0,0,0,0,3.2299e-07,2.41854e-07,2.21177e-07,3.40772e-07,3.39953e-07,2.05911e-07,3.5061e-07,3.6174e-07,2.93826e-07,2.86855e-07,3.25349e-07,3.61541e-07,2.56607e-07,2.65723e-07,2.58065e-07,2.58131e-07,2.63108e-07,2.56296e-07,2.72106e-07,2.54288e-07,2.57679e-07,2.70534e-07,2.8169e-07,2.67663e-07,2.54762e-07,2.55629e-07,2.5529e-07,2.59434e-07,3.90297e-07,4.17375e-07,4.10037e-07,3.8776e-07,3.48737e-07,3.74789e-07,3.36702e-07,3.50946e-07,4.027e-07,4.18299e-07,4.03131e-07,3.85829e-07,3.52092e-07,3.60909e-07,3.76447e-07,4.09041e-07
0,0,0,0,0,2.76308e-07,3.14784e-07,3.4172e-07,3.70396e-07,3.10425e-07,3.54837e-07,3.64249e-07,2.67312e-07,2.7224e-07,3.4697e-07,2.95286e-07,2.27042e-07,2.32778e-07,2.28318e-07,2.39827e-07,2.44337e-07,2.27478e-07,2.49763e-07,2.32375e-07,2.38848e-07,2.40262e-07,2.62229e-07,2.37602e-07,2.31806e-07,1.62245e-07,2.37106e-07,2.31481e-07,3.81038e-07,4.08726e-07,3.98128e-07,3.78452e-07,3.38334e-07,3.64532e-07,3.25964e-07,3.40683e-07,3.9376e-07,4.09674e-07,3.93604e-07,3.7605e-07,3.41895e-07,3.5091e-07,3.66856e-07,4.00265e-07
0,0,0,0,0,0,1.70732e-07,3.07421e-07,3.17759e-07,1.75155e-07,3.22406e-07,3.33127e-07,2.96956e-07,1.38117e-07,2.38374e-07,3.29572e-07,1.6337e-07,1.73441e-07,1.64982e-07,1.77665e-07,1.85052e-07,1.75813e-07,1.93469e-07,1.69022e-07,1.22575e-07,1.93836e-07,1.986e-07,1.87416e-07,1.6733e-07,1.69281e-07,1.74974e-07,1.67188e-07,3.43704e-07,3.74204e-07,3.79479e-07,3.40829e-07,2.95755e-07,3.28683e-07,2.81517e-07,2.98075e-07,3.57903e-07,3.75235e-07,3.60664e-07,3.37196e-07,2.99488e-07,3.10085e-07,3.27873e-07,3.64635e-07
0,0,0,0,0,0,0,3.51392e-07,3.51068e-07,1.97254e-07,3.39449e-07,2.9441e-07,3.10081e-07,2.63657e-07,3.17965e-07,3.47988e-07,2.29227e-07,2.39077e-07,2.30816e-07,2.32577e-07,2.38152e-07,2.30747e-07,2.47635e-07,2.27952e-07,2.20825e-07,2.46283e-07,2.56871e-07,2.42863e-07,2.2819e-07,2.30559e-07,2.29578e-07,2.32403e-07,3.74242e-07,4.02455e-07,4.04713e-07,3.71596e-07,3.30713e-07,3.59935e-07,3.17969e-07,3.32836e-07,3.87238e-07,4.03407e-07,3.89367e-07,3.69296e-07,3.34035e-07,3.43524e-07,3.59754e-07,3.93609e-07
0,0,0,0,0,0,0,0,3.18337e-07,2.98052e-07,3.28139e-07,3.99393e-07,3.35833e-07,3.18931e-07,3.13912e-07,3.35041e-07,3.12807e-07,3.20283e-07,3.13998e-07,3.1413e-07,3.1822e-07,3.12387e-07,3.25681e-07,3.10972e-07,3.15037e-07,3.24126e-07,3.33881e-07,3.21767e-07,3.11367e-07,3.09075e-07,3.11792e-07,3.15109e-07,4.29583e-07,4.54354e-07,4.50548e-07,4.27276e-07,3.92237e-07,4.16527e-07,3.81545e-07,3.9407e-07,4.40919e-07,4.552e-07,4.42213e-07,4.25443e-07,3.95078e-07,4.03081e-07,4.17022e-07,4.46588e-07
0,0,0,0,0,0,0,0,0,2.6706e-07,3.38266e-07,4.11746e-07,3.23575e-07,3.52652e-07,3.15109e-07,3.89624e-07,3.23106e-07,3.3041e-07,3.24268e-07,3.24237e-07,3.28207e-07,3.22725e-07,3.35482e-07,3.21199e-07,3.24981e-07,3.34149e-07,3.43416e-07,3.31847e-07,3.2159e-07,3.21533e-07,3.2197e-07,3.25364e-07,4.36785e-07,4.61135e-07,4.50756e-07,4.34524e-07,4.00078e-07,4.22467e-07,3.89638e-07,4.02048e-07,4.47894e-07,4.61973e-07,4.478e-07,4.32842e-07,4.03052e-07,4.10736e-07,4.24462e-07,4.53649e-07
0,0,0,0,0,0,0,0,0,0,2.89813e-07,3.38725e-07,2.95877e-07,2.5051e-07,2.4914e-07,3.38569e-07,2.32826e-07,2.42547e-07,2.34372e-07,2.3542e-07,2.40909e-07,2.33591e-07,2.50436e-07,2.31047e-07,2.27642e-07,2.48995e-07,2.59888e-07,2.45702e-07,2.31403e-07,2.33792e-07,2.32408e-07,2.35737e-07,3.75963e-07,4.04035e-07,4.02607e-07,3.73322e-07,3.32663e-07,3.6146e-07,3.19984e-07,3.34778e-07,3.88875e-07,4.04985e-07,3.90784e-07,3.71079e-07,3.35967e-07,3.45381e-07,3.61539e-07,3.95248e-07
0,0,0,0,0,0,0,0,0,0,0,3.41471e-07,3.11464e-07,3.45784e-07,3.5825e-07,3.25815e-07,3.25554e-07,3.32763e-07,3.26702e-07,3.26773e-07,3.30707e-07,3.25125e-07,3.37905e-07,3.23746e-07,3.27896e-07,3.36432e-07,3.45833e-07,3.3416e-07,3.24132e-07,3.2218e-07,3.24523e-07,3.27775e-07,4.38681e-07,4.62916e-07,4.499e-07,4.36425e-07,4.02151e-07,4.24203e-07,3.91758e-07,4.04115e-07,4.49728e-07,4.63753e-07,4.49442e-07,4.34762e-07,4.05112e-07,4.12742e-07,4.2641e-07,4.55478e-07
0,0,0,0,0,0,0,0,0,0,0,0,3.15705e-07,3.68521e-07,4.01154e-07,3.36669e-07,3.34856e-07,3.41851e-07,3.35976e-07,3.36244e-07,3.4007e-07,3.3453e-07,3.47036e-07,3.33256e-07,3.36768e-07,3.45532e-07,3.5473e-07,3.43312e-07,3.3361e-07,3.30236e-07,3.34062e-07,3.37073e-07,4.45705e-07,4.69609e-07,4.57515e-07,4.43502e-07,4.09766e-07,4.30995e-07,3.99618e-07,4.11792e-07,4.56619e-07,4.70434e-07,4.55839e-07,4.419e-07,4.12784e-07,4.2022e-07,4.33654e-07,4.62315e-07
0,0,0,0,0,0,0,0,0,0,0,0,0,3.08879e-07,3.13141e-07,3.00513e-07,2.90114e-07,2.97748e-07,2.91345e-07,2.92399e-07,2.96745e-07,2.89564e-07,3.04436e-07,2.88856e-07,2.94384e-07,3.01823e-07,3.13319e-07,2.99379e-07,2.89214e-07,2.78005e-07,2.89923e-07,2.92476e-07,4.10578e-07,4.35581e-07,3.52595e-07,4.08177e-07,3.7095e-07,3.77514e-07,3.60082e-07,3.75385e-07,4.21233e-07,4.36473e-07,4.054e-07,4.08083e-07,3.76668e-07,3.82377e-07,3.97773e-07,4.30089e-07
0,0,0,0,0,0,0,0,0,0,0,0,0,0,3.02405e-07,3.41097e-07,1.97224e-07,2.08483e-07,1.99063e-07,2.01712e-07,2.08118e-07,1.99283e-07,2.18772e-07,1.96231e-07,1.86638e-07,2.17001e-07,2.29059e-07,2.1309e-07,1.96437e-07,1.95121e-07,1.98272e-07,2.0096e-07,3.55975e-07,3.85538e-07,3.91055e-07,3.53193e-07,3.09895e-07,3.4132e-07,2.96256e-07,3.12128e-07,3.69628e-07,3.8653e-07,3.72227e-07,3.50729e-07,3.13406e-07,3.23535e-07,3.40709e-07,3.76262e-07
0,0,0,0,0,0,0,0,0,0,0,0,0,0,0,3.75134e-07,2.92251e-07,3.00004e-07,2.93491e-07,2.94894e-07,2.99304e-07,2.93318e-07,3.06904e-07,2.91279e-07,2.85984e-07,3.05669e-07,3.14458e-07,3.02945e-07,2.9148e-07,2.91566e-07,2.92527e-07,2.94696e-07,4.15619e-07,4.41139e-07,4.32465e-07,4.1324e-07,3.76865e-07,4.00908e-07,3.65763e-07,3.78921e-07,4.27286e-07,4.42015e-07,4.27522e-07,4.11313e-07,3.7999e-07,3.88159e-07,4.02644e-07,4.33277e-07
0,0,0,0,0,0,0,0,0,0,0,0,0,0,0,0,3.19269e-07,3.26166e-07,3.20399e-07,3.21799e-07,3.25738e-07,3.18803e-07,3.32657e-07,3.18443e-07,3.2354e-07,3.30005e-07,3.40961e-07,3.27772e-07,3.18735e-07,3.04362e-07,3.19542e-07,3.21563e-07,4.35228e-07,4.59649e-07,4.45794e-07,4.32959e-07,3.98372e-07,4.20397e-07,3.87892e-07,4.00386e-07,4.46364e-07,4.60493e-07,4.45847e-07,4.31265e-07,4.01398e-07,4.09072e-07,4.22863e-07,4.52174e-07
0,0,0,0,0,0,0,0,0,0,0,0,0,0,0,0,0,5.43178e-08,3.42578e-08,5.31788e-08,4.20273e-08,3.37921e-08,5.8499e-08,8.23037e-08,4.6757e-08,7.15156e-08,1.00085e-07,3.66101e-08,8.25324e-08,5.77528e-08,4.08509e-08,1.07934e-08,3.00387e-07,3.34823e-07,3.46617e-07,2.97079e-07,2.44098e-07,2.83743e-07,2.26645e-07,2.46844e-07,3.16567e-07,3.35976e-07,3.20239e-07,2.92293e-07,2.48566e-07,2.61287e-07,2.82121e-07,3.2405e-07
0,0,0,0,0,0,0,0,0,0,0,0,0,0,0,0,0,0,4.65724e-08,7.96575e-08,6.67099e-08,6.54949e-08,2.02018e-08,5.24222e-08,1.13278e-08,7.22164e-08,8.74931e-08,9.27542e-09,4.77148e-08,3.3563e-08,7.59956e-08,5.18063e-08,3.08088e-07,3.41667e-07,3.53479e-07,3.04877e-07,2.53591e-07,2.92111e-07,2.37046e-07,2.5622e-07,3.24059e-07,3.42819e-07,3.27643e-07,2.97784e-07,2.58054e-07,2.70339e-07,2.9032e-07,3.31117e-07
0,0,0,0,0,0,0,0,0,0,0,0,0,0,0,0,0,0,0,5.89952e-08,4.60496e-08,4.05505e-08,5.85068e-08,7.83099e-08,3.90116e-08,7.39531e-08,1.01516e-07,3.62797e-08,7.81908e-08,5.01863e-08,4.80321e-08,1.52011e-08,3.01648e-07,3.35955e-07,3.47712e-07,2.98355e-07,2.45648e-07,2.85084e-07,2.28321e-07,2.48378e-07,3.17769e-07,3.37105e-07,3.21426e-07,2.9351e-07,2.50095e-07,2.62742e-07,2.83464e-07,3.2522e-07
0,0,0,0,0,0,0,0,0,0,0,0,0,0,0,0,0,0,0,0,2.75135e-08,1.28305e-07,7.62002e-08,3.28343e-08,6.88179e-08,5.67543e-08,9.50238e-08,6.9881e-08,4.38295e-08,3.20475e-08,1.42246e-07,6.52952e-08,2.99673e-07,3.33898e-07,3.47263e-07,2.96467e-07,2.43584e-07,2.8401e-07,2.26954e-07,2.46292e-07,3.16605e-07,3.35159e-07,3.20315e-07,2.85563e-07,2.48682e-07,2.61467e-07,2.81472e-07,3.23093e-07
0,0,0,0,0,0,0,0,0,0,0,0,0,0,0,0,0,0,0,0,0,2.49292e-08,4.72051e-08,5.21111e-08,8.0388e-08,3.65795e-08,8.87171e-08,5.34802e-08,2.70032e-08,3.20467e-08,9.01568e-08,7.30884e-08,3.04988e-07,3.38918e-07,3.51046e-07,3.01748e-07,2.49787e-07,2.88807e-07,2.32924e-07,2.52466e-07,3.21073e-07,3.40072e-07,3.24711e-07,2.9524e-07,2.54282e-07,2.66742e-07,2.87032e-07,3.28279e-07
0,0,0,0,0,0,0,0,0,0,0,0,0,0,0,0,0,0,0,0,0,0,6.88999e-08,1.82507e-08,6.70702e-08,6.83026e-08,8.49553e-08,6.36962e-08,2.7722e-08,6.91225e-08,1.48655e-07,4.48622e-08,2.99268e-07,3.3373e-07,3.4588e-07,2.95951e-07,2.42794e-07,2.82756e-07,2.25406e-07,2.45533e-07,3.15645e-07,3.34907e-07,3.19335e-07,2.89233e-07,2.47408e-07,2.60196e-07,2.80934e-07,3.22923e-07
0,0,0,0,0,0,0,0,0,0,0,0,0,0,0,0,0,0,0,0,0,0,0,6.24829e-08,6.97073e-08,1.62292e-08,4.22366e-08,2.08122e-08,6.20134e-08,3.72745e-08,7.64102e-08,7.92904e-08,3.11582e-07,3.44536e-07,3.5781e-07,3.0852e-07,2.58187e-07,2.96829e-07,2.42809e-07,2.60727e-07,3.28116e-07,3.45784e-07,3.31698e-07,2.94719e-07,2.63195e-07,2.75322e-07,2.9414e-07,3.34078e-07
0,0,0,0,0,0,0,0,0,0,0,0,0,0,0,0,0,0,0,0,0,0,0,0,4.50642e-08,6.07501e-08,9.67279e-08,5.67724e-08,1.07214e-07,4.80321e-08,5.70588e-09,1.2922e-08,2.97748e-07,3.3244e-07,3.4456e-07,2.94404e-07,2.40849e-07,2.80967e-07,2.23135e-07,2.43625e-07,3.1406e-07,3.33603e-07,3.17778e-07,2.89581e-07,2.45367e-07,2.58246e-07,2.79303e-07,3.21587e-07
0,0,0,0,0,0,0,0,0,0,0,0,0,0,0,0,0,0,0,0,0,0,0,0,0,8.56821e-08,6.64707e-08,5.61006e-08,4.49601e-08,6.64669e-09,7.26615e-08,6.00159e-08,3.05601e-07,3.39202e-07,3.51778e-07,3.02433e-07,2.50834e-07,2.90137e-07,2.34633e-07,2.53452e-07,3.22151e-07,3.40439e-07,3.2577e-07,2.91782e-07,2.5572e-07,2.68158e-07,2.87753e-07,3.28576e-07
0,0,0,0,0,0,0,0,0,0,0,0,0,0,0,0,0,0,0,0,0,0,0,0,0,0,5.07273e-08,6.06382e-08,6.5529e-08,7.66128e-09,6.96391e-08,8.38851e-08,3.10378e-07,3.43514e-07,3.56511e-07,3.07318e-07,2.56696e-07,2.95491e-07,2.41191e-07,2.59275e-07,3.26941e-07,3.44757e-07,3.3051e-07,2.94249e-07,2.61715e-07,2.73906e-07,2.92877e-07,3.33022e-07
0,0,0,0,0,0,0,0,0,0,0,0,0,0,0,0,0,0,0,0,0,0,0,0,0,0,0,5.54606e-08,9.84342e-08,7.63128e-08,9.83942e-08,1.1079e-07,3.0921e-07,3.41126e-07,3.64298e-07,3.07735e-07,2.58373e-07,3.02428e-07,2.49669e-07,2.61075e-07,3.3156e-07,3.4333e-07,3.35147e-07,2.66481e-07,2.68003e-07,2.80618e-07,2.93245e-07,3.30495e-07
0,0,0,0,0,0,0,0,0,0,0,0,0,0,0,0,0,0,0,0,0,0,0,0,0,0,0,0,4.4086e-08,1.23256e-08,7.29455e-08,6.91415e-08,3.08029e-07,3.41389e-07,3.54392e-07,3.0493e-07,2.53835e-07,2.92939e-07,2.38059e-07,2.56437e-07,3.24641e-07,3.42635e-07,3.28239e-07,2.92547e-07,2.5884e-07,2.71153e-07,2.90369e-07,3.3083e-07
0,0,0,0,0,0,0,0,0,0,0,0,0,0,0,0,0,0,0,0,0,0,0,0,0,0,0,0,0,4.88248e-08,2.44836e-08,6.84957e-08,2.98255e-07,3.32906e-07,3.44968e-07,2.94919e-07,2.41468e-07,2.81491e-07,2.23795e-07,2.44241e-07,3.14533e-07,3.34065e-07,3.18243e-07,2.90236e-07,2.45971e-07,2.58819e-07,2.79845e-07,3.22068e-07
0,0,0,0,0,0,0,0,0,0,0,0,0,0,0,0,0,0,0,0,0,0,0,0,0,0,0,0,0,0,4.06425e-08,6.56942e-08,3.01288e-07,3.35519e-07,3.44589e-07,2.97979e-07,2.45273e-07,2.84542e-07,2.28032e-07,2.47996e-07,3.17512e-07,3.36688e-07,3.20927e-07,2.91362e-07,2.4983e-07,2.62468e-07,2.83073e-07,3.24799e-07
0,0,0,0,0,0,0,0,0,0,0,0,0,0,0,0,0,0,0,0,0,0,0,0,0,0,0,0,0,0,0,5.72734e-08,2.98346e-07,3.32955e-07,3.45215e-07,2.95018e-07,2.41616e-07,2.81696e-07,2.24047e-07,2.4438e-07,3.14697e-07,3.34124e-07,3.18411e-07,2.89381e-07,2.46186e-07,2.59029e-07,2.7995e-07,3.22119e-07
0,0,0,0,0,0,0,0,0,0,0,0,0,0,0,0,0,0,0,0,0,0,0,0,0,0,0,0,0,0,0,0,3.02867e-07,3.3708e-07,3.48771e-07,2.99597e-07,2.47131e-07,2.86359e-07,2.29912e-07,2.49856e-07,3.18921e-07,3.38224e-07,3.22558e-07,2.95101e-07,2.51551e-07,2.64129e-07,2.84769e-07,3.26381e-07
0,0,0,0,0,0,0,0,0,0,0,0,0,0,0,0,0,0,0,0,0,0,0,0,0,0,0,0,0,0,0,0,0,3.29771e-07,4.18796e-07,2.98281e-07,2.54176e-07,3.4468e-07,3.02184e-07,2.68121e-07,3.53478e-07,3.3142e-07,3.24447e-07,2.86228e-07,2.74866e-07,3.287e-07,2.85507e-07,3.18436e-07
0,0,0,0,0,0,0,0,0,0,0,0,0,0,0,0,0,0,0,0,0,0,0,0,0,0,0,0,0,0,0,0,0,0,4.47461e-07,3.90916e-07,2.90881e-07,3.35068e-07,3.48503e-07,3.51449e-07,4.23088e-07,4.20412e-07,4.08201e-07,3.28385e-07,3.66738e-07,3.57835e-07,3.71491e-07,3.48345e-07
0,0,0,0,0,0,0,0,0,0,0,0,0,0,0,0,0,0,0,0,0,0,0,0,0,0,0,0,0,0,0,0,0,0,0,4.20983e-07,3.73473e-07,3.22209e-07,3.74928e-07,3.9997e-07,4.32876e-07,4.4756e-07,3.50536e-07,4.30235e-07,4.05029e-07,3.96888e-07,4.13308e-07,4.54854e-07
0,0,0,0,0,0,0,0,0,0,0,0,0,0,0,0,0,0,0,0,0,0,0,0,0,0,0,0,0,0,0,0,0,0,0,0,2.53171e-07,3.57259e-07,3.09753e-07,2.70144e-07,3.11921e-07,3.62672e-07,3.23871e-07,3.11091e-07,2.75413e-07,3.44105e-07,3.30496e-07,3.8693e-07
0,0,0,0,0,0,0,0,0,0,0,0,0,0,0,0,0,0,0,0,0,0,0,0,0,0,0,0,0,0,0,0,0,0,0,0,0,2.50986e-07,2.08442e-07,2.14538e-07,2.68875e-07,2.86974e-07,3.06688e-07,2.60105e-07,2.25345e-07,2.32903e-07,2.8163e-07,3.18007e-07
0,0,0,0,0,0,0,0,0,0,0,0,0,0,0,0,0,0,0,0,0,0,0,0,0,0,0,0,0,0,0,0,0,0,0,0,0,0,2.49395e-07,3.07493e-07,3.74578e-07,3.89282e-07,3.16965e-07,3.52621e-07,3.22949e-07,2.68069e-07,3.40702e-07,3.69799e-07
0,0,0,0,0,0,0,0,0,0,0,0,0,0,0,0,0,0,0,0,0,0,0,0,0,0,0,0,0,0,0,0,0,0,0,0,0,0,0,2.0698e-07,3.49901e-07,3.6531e-07,3.37069e-07,3.09703e-07,2.15811e-07,2.16762e-07,2.51137e-07,3.33263e-07
0,0,0,0,0,0,0,0,0,0,0,0,0,0,0,0,0,0,0,0,0,0,0,0,0,0,0,0,0,0,0,0,0,0,0,0,0,0,0,0,3.44471e-07,3.56381e-07,3.40513e-07,2.73973e-07,2.18576e-07,2.4352e-07,2.51278e-07,3.29157e-07
0,0,0,0,0,0,0,0,0,0,0,0,0,0,0,0,0,0,0,0,0,0,0,0,0,0,0,0,0,0,0,0,0,0,0,0,0,0,0,0,0,3.33406e-07,3.21883e-07,3.64582e-07,3.49909e-07,3.76074e-07,3.76763e-07,4.24354e-07
0,0,0,0,0,0,0,0,0,0,0,0,0,0,0,0,0,0,0,0,0,0,0,0,0,0,0,0,0,0,0,0,0,0,0,0,0,0,0,0,0,0,3.42337e-07,3.39121e-07,3.66955e-07,3.88706e-07,3.79045e-07,4.19965e-07
0,0,0,0,0,0,0,0,0,0,0,0,0,0,0,0,0,0,0,0,0,0,0,0,0,0,0,0,0,0,0,0,0,0,0,0,0,0,0,0,0,0,0,3.6294e-07,3.44974e-07,3.66317e-07,3.31984e-07,4.06308e-07
0,0,0,0,0,0,0,0,0,0,0,0,0,0,0,0,0,0,0,0,0,0,0,0,0,0,0,0,0,0,0,0,0,0,0,0,0,0,0,0,0,0,0,0,3.09981e-07,3.29278e-07,2.96453e-07,3.16665e-07
0,0,0,0,0,0,0,0,0,0,0,0,0,0,0,0,0,0,0,0,0,0,0,0,0,0,0,0,0,0,0,0,0,0,0,0,0,0,0,0,0,0,0,0,0,2.9366e-07,2.58306e-07,3.52148e-07
0,0,0,0,0,0,0,0,0,0,0,0,0,0,0,0,0,0,0,0,0,0,0,0,0,0,0,0,0,0,0,0,0,0,0,0,0,0,0,0,0,0,0,0,0,0,3.13125e-07,3.13153e-07
0,0,0,0,0,0,0,0,0,0,0,0,0,0,0,0,0,0,0,0,0,0,0,0,0,0,0,0,0,0,0,0,0,0,0,0,0,0,0,0,0,0,0,0,0,0,0,3.17225e-07
0,0,0,0,0,0,0,0,0,0,0,0,0,0,0,0,0,0,0,0,0,0,0,0,0,0,0,0,0,0,0,0,0,0,0,0,0,0,0,0,0,0,0,0,0,0,0,0
