# # np.logspace(-2, 2., num = num_time_points)
0,0.000623081,0.00062308,0.000623081,0.000623079,0.000623081,0.000623082,0.000623082,0.000623082,0.000623213,0.000623081,0.000623081,0.000623081,0.000623209,0.000623204,0.000623081,0.000623081,0.000623081,0.000623081,0.000623082,0.000623081,0.000623081,0.000623081,0.000623081,0.000623081,0.000623081,0.000623081,0.00062308,0.000623081,0.000623082,0.00062308,0.000623081,0.00062308,0.000623081,0.00062308,0.000623081,0.000623081,0.000623081,0.000623081,0.000623081,0.000623081,0.000623082,0.000623081,0.000623081,0.000623082,0.000623081,0.00062308,0.000623081
0,0,0.00062316,0.00062308,0.000623144,0.000623181,0.000623081,0.000623081,0.000623081,0.00062316,0.00062308,0.00062308,0.000623167,0.000623079,0.000623079,0.00062308,0.00062308,0.000623079,0.00062308,0.000623081,0.00062308,0.00062308,0.00062308,0.00062308,0.00062308,0.00062308,0.00062308,0.000623079,0.00062308,0.000623081,0.000623079,0.00062308,0.000623079,0.00062308,0.000623079,0.00062308,0.00062308,0.00062308,0.00062308,0.00062308,0.00062308,0.000623081,0.00062308,0.00062308,0.000623081,0.00062308,0.000623151,0.00062308
0,0,0,0.000623079,0.000623138,0.00062308,0.000623216,0.000623214,0.000623081,0.000623154,0.000623172,0.00062308,0.000623079,0.000623079,0.000623144,0.00062308,0.00062308,0.000623079,0.000623079,0.000623081,0.000623079,0.00062308,0.00062308,0.000623079,0.00062308,0.00062308,0.000623079,0.000623079,0.00062308,0.000623081,0.000623079,0.00062308,0.000623079,0.00062308,0.000623079,0.00062308,0.00062308,0.00062308,0.00062308,0.00062308,0.00062308,0.000623081,0.00062308,0.00062308,0.00062308,0.00062308,0.000623078,0.000623079
0,0,0,0,0.000623145,0.000623182,0.000623081,0.000623081,0.000623081,0.000623161,0.000623179,0.00062308,0.00062308,0.000623079,0.000623079,0.000623179,0.00062308,0.00062308,0.00062308,0.000623081,0.00062308,0.00062308,0.00062308,0.00062308,0.00062308,0.00062308,0.00062308,0.000623079,0.00062308,0.000623081,0.000623079,0.00062308,0.000623079,0.00062308,0.000623079,0.00062308,0.00062308,0.00062308,0.00062308,0.000623081,0.000623081,0.000623081,0.00062308,0.00062308,0.000623081,0.00062308,0.000623079,0.000623169
0,0,0,0,0,0.000623078,0.000623199,0.000623197,0.000623079,0.000623137,0.000623078,0.00062317,0.000623144,0.000623133,0.000623128,0.000623155,0.000623078,0.000623078,0.000623078,0.000623079,0.000623078,0.000623078,0.000623079,0.000623078,0.000623079,0.000623079,0.000623078,0.000623077,0.000623079,0.000623079,0.000623078,0.000623078,0.000623077,0.000623078,0.000623077,0.000623078,0.000623078,0.000623079,0.000623078,0.000623079,0.000623079,0.000623079,0.000623078,0.000623078,0.000623079,0.000623078,0.000623077,0.000623078
0,0,0,0,0,0,0.000623237,0.000623081,0.000623306,0.00062308,0.00062308,0.000623081,0.00062308,0.000623079,0.000623165,0.00062308,0.00062308,0.00062308,0.00062308,0.000623081,0.00062308,0.000623081,0.000623081,0.00062308,0.000623081,0.000623081,0.00062308,0.00062308,0.000623081,0.000623081,0.00062308,0.000623081,0.000623079,0.000623081,0.00062308,0.00062308,0.00062308,0.000623081,0.00062308,0.000623081,0.000623081,0.000623082,0.000623081,0.00062308,0.000623081,0.000623081,0.000623079,0.00062308
0,0,0,0,0,0,0,0.000623082,0.000623082,0.00062308,0.000623081,0.000623081,0.000623081,0.00062308,0.00062308,0.000623081,0.000623081,0.000623081,0.000623081,0.000623082,0.000623081,0.000623081,0.000623081,0.000623081,0.000623081,0.000623081,0.000623081,0.00062308,0.000623081,0.000623082,0.00062308,0.000623081,0.00062308,0.000623081,0.00062308,0.000623081,0.000623081,0.000623081,0.000623081,0.000623082,0.000623081,0.000623082,0.000623081,0.000623081,0.000623082,0.000623081,0.00062308,0.000623081
0,0,0,0,0,0,0,0,0.000623082,0.00062308,0.000623081,0.000623081,0.000623081,0.000623209,0.00062308,0.000623081,0.000623081,0.000623081,0.000623081,0.000623082,0.000623081,0.000623081,0.000623081,0.000623081,0.000623081,0.000623081,0.000623081,0.00062308,0.000623081,0.000623082,0.00062308,0.000623081,0.00062308,0.000623081,0.00062308,0.000623081,0.000623081,0.000623081,0.000623081,0.000623081,0.000623081,0.000623082,0.000623081,0.000623081,0.000623082,0.000623081,0.00062308,0.000623081
0,0,0,0,0,0,0,0,0,0.000623081,0.000623081,0.000623082,0.000623081,0.00062328,0.00062308,0.000623081,0.000623081,0.000623081,0.000623081,0.000623082,0.000623081,0.000623081,0.000623082,0.000623081,0.000623082,0.000623082,0.000623081,0.000623081,0.000623082,0.000623082,0.000623081,0.000623081,0.00062308,0.000623081,0.000623081,0.000623081,0.000623081,0.000623082,0.000623081,0.000623082,0.000623082,0.000623082,0.000623082,0.000623081,0.000623082,0.000623082,0.00062308,0.000623081
0,0,0,0,0,0,0,0,0,0,0.00062308,0.00062308,0.000623079,0.000623148,0.000623143,0.00062308,0.000623079,0.000623079,0.000623079,0.00062308,0.000623079,0.00062308,0.00062308,0.000623079,0.00062308,0.00062308,0.000623079,0.000623079,0.00062308,0.00062308,0.000623079,0.00062308,0.000623079,0.00062308,0.000623079,0.000623079,0.000623079,0.00062308,0.000623079,0.00062308,0.00062308,0.000623081,0.00062308,0.000623079,0.00062308,0.00062308,0.000623078,0.000623079
0,0,0,0,0,0,0,0,0,0,0,0.000623081,0.000623178,0.000623167,0.000623079,0.000623189,0.00062308,0.00062308,0.00062308,0.000623081,0.00062308,0.00062308,0.000623081,0.00062308,0.000623081,0.000623081,0.00062308,0.000623079,0.000623081,0.000623081,0.00062308,0.00062308,0.000623079,0.00062308,0.000623079,0.00062308,0.00062308,0.000623081,0.00062308,0.000623081,0.000623081,0.000623081,0.00062308,0.00062308,0.000623081,0.00062308,0.000623079,0.00062308
0,0,0,0,0,0,0,0,0,0,0,0,0.000623193,0.00062308,0.000623177,0.000623204,0.00062308,0.00062308,0.00062308,0.000623081,0.00062308,0.000623081,0.000623081,0.00062308,0.000623081,0.000623081,0.00062308,0.00062308,0.000623081,0.000623081,0.00062308,0.000623081,0.000623079,0.000623081,0.00062308,0.00062308,0.00062308,0.000623081,0.00062308,0.000623081,0.000623081,0.000623082,0.000623081,0.00062308,0.000623081,0.000623081,0.000623079,0.00062308
0,0,0,0,0,0,0,0,0,0,0,0,0,0.000623156,0.000623151,0.00062308,0.00062308,0.000623079,0.00062308,0.000623081,0.00062308,0.00062308,0.00062308,0.00062308,0.00062308,0.00062308,0.00062308,0.000623079,0.00062308,0.000623081,0.000623079,0.00062308,0.000623079,0.00062308,0.000623079,0.00062308,0.00062308,0.00062308,0.00062308,0.00062308,0.00062308,0.000623081,0.00062308,0.00062308,0.000623081,0.00062308,0.000623079,0.00062308
0,0,0,0,0,0,0,0,0,0,0,0,0,0,0.000623139,0.000623079,0.000623079,0.000623079,0.000623079,0.00062308,0.000623079,0.000623079,0.00062308,0.000623079,0.00062308,0.00062308,0.000623079,0.000623078,0.00062308,0.00062308,0.000623079,0.000623079,0.000623078,0.000623079,0.000623078,0.000623079,0.000623079,0.00062308,0.000623079,0.00062308,0.00062308,0.00062308,0.000623079,0.000623079,0.00062308,0.000623079,0.000623078,0.000623079
0,0,0,0,0,0,0,0,0,0,0,0,0,0,0,0.000623161,0.000623079,0.000623078,0.000623079,0.00062308,0.000623079,0.000623079,0.000623079,0.000623079,0.000623079,0.000623079,0.000623079,0.000623078,0.000623079,0.00062308,0.000623078,0.000623079,0.000623078,0.000623079,0.000623078,0.000623079,0.000623079,0.000623079,0.000623079,0.000623079,0.000623079,0.00062308,0.000623079,0.000623079,0.00062308,0.000623079,0.000623078,0.000623079
0,0,0,0,0,0,0,0,0,0,0,0,0,0,0,0,0.00062308,0.00062308,0.00062308,0.000623081,0.00062308,0.00062308,0.000623081,0.00062308,0.000623081,0.000623081,0.00062308,0.000623079,0.000623081,0.000623081,0.00062308,0.00062308,0.000623079,0.00062308,0.000623079,0.00062308,0.00062308,0.000623081,0.00062308,0.000623081,0.000623081,0.000623081,0.00062308,0.00062308,0.000623081,0.00062308,0.000623079,0.00062308
0,0,0,0,0,0,0,0,0,0,0,0,0,0,0,0,0,0.00062308,0.000623172,0.00062323,0.00062308,0.00062308,0.000623081,0.000623171,0.000623081,0.000623184,0.00062308,0.000623157,0.00062308,0.000623081,0.00062308,0.000623182,0.000623079,0.00062308,0.000623079,0.00062308,0.00062308,0.000623081,0.00062308,0.000623081,0.000623081,0.000623081,0.00062308,0.00062308,0.000623081,0.00062308,0.000623079,0.00062308
0,0,0,0,0,0,0,0,0,0,0,0,0,0,0,0,0,0,0.00062308,0.000623081,0.000623162,0.000623173,0.00062308,0.00062308,0.000623189,0.000623176,0.00062308,0.000623149,0.000623175,0.000623081,0.000623155,0.00062308,0.000623079,0.00062308,0.000623079,0.00062308,0.00062308,0.00062308,0.00062308,0.00062308,0.00062308,0.000623081,0.00062308,0.00062308,0.000623081,0.00062308,0.000623079,0.00062308
0,0,0,0,0,0,0,0,0,0,0,0,0,0,0,0,0,0,0,0.000623081,0.00062317,0.00062308,0.00062308,0.00062308,0.000623198,0.00062308,0.00062308,0.000623079,0.00062308,0.00062323,0.000623163,0.000623182,0.000623079,0.00062308,0.000623079,0.00062308,0.00062308,0.000623081,0.00062308,0.000623081,0.000623081,0.000623081,0.00062308,0.00062308,0.000623081,0.00062308,0.000623079,0.00062308
0,0,0,0,0,0,0,0,0,0,0,0,0,0,0,0,0,0,0,0,0.000623081,0.000623081,0.000623082,0.000623081,0.000623082,0.000623242,0.000623081,0.00062308,0.000623242,0.000623082,0.000623081,0.000623081,0.00062308,0.000623081,0.00062308,0.000623081,0.000623081,0.000623082,0.000623081,0.000623082,0.000623082,0.000623082,0.000623081,0.000623081,0.000623082,0.000623081,0.00062308,0.000623081
0,0,0,0,0,0,0,0,0,0,0,0,0,0,0,0,0,0,0,0,0,0.00062308,0.000623081,0.00062308,0.00062308,0.00062308,0.00062317,0.000623156,0.00062308,0.000623081,0.000623161,0.00062318,0.000623079,0.00062308,0.000623079,0.00062308,0.00062308,0.000623081,0.00062308,0.000623081,0.000623081,0.000623081,0.00062308,0.00062308,0.000623081,0.00062308,0.000623079,0.00062308
0,0,0,0,0,0,0,0,0,0,0,0,0,0,0,0,0,0,0,0,0,0,0.000623081,0.00062318,0.000623081,0.000623081,0.000623181,0.000623167,0.000623081,0.000623081,0.00062308,0.000623191,0.000623079,0.00062308,0.000623079,0.00062308,0.00062308,0.000623081,0.00062308,0.000623081,0.000623081,0.000623081,0.000623081,0.00062308,0.000623081,0.00062308,0.000623079,0.00062308
0,0,0,0,0,0,0,0,0,0,0,0,0,0,0,0,0,0,0,0,0,0,0,0.000623196,0.000623081,0.000623081,0.000623197,0.000623183,0.000623081,0.000623082,0.000623188,0.000623081,0.00062308,0.000623081,0.00062308,0.000623081,0.000623081,0.000623081,0.000623081,0.000623081,0.000623081,0.000623082,0.000623081,0.000623081,0.000623081,0.000623081,0.000623079,0.00062308
0,0,0,0,0,0,0,0,0,0,0,0,0,0,0,0,0,0,0,0,0,0,0,0,0.000623197,0.00062308,0.00062308,0.000623157,0.00062308,0.000623081,0.000623162,0.00062308,0.000623079,0.00062308,0.000623079,0.00062308,0.00062308,0.00062308,0.00062308,0.000623081,0.000623081,0.000623081,0.00062308,0.00062308,0.000623081,0.00062308,0.000623079,0.00062308
0,0,0,0,0,0,0,0,0,0,0,0,0,0,0,0,0,0,0,0,0,0,0,0,0,0.000623081,0.000623197,0.00062308,0.000623081,0.000623082,0.00062308,0.000623081,0.00062308,0.000623081,0.00062308,0.000623081,0.000623081,0.000623081,0.000623081,0.000623081,0.000623081,0.000623082,0.000623081,0.000623081,0.000623081,0.000623081,0.000623079,0.00062308
0,0,0,0,0,0,0,0,0,0,0,0,0,0,0,0,0,0,0,0,0,0,0,0,0,0,0.00062308,0.00062308,0.000623081,0.000623242,0.00062308,0.000623194,0.000623079,0.000623081,0.00062308,0.00062308,0.00062308,0.000623081,0.00062308,0.000623081,0.000623081,0.000623082,0.000623081,0.00062308,0.000623081,0.000623081,0.000623079,0.00062308
0,0,0,0,0,0,0,0,0,0,0,0,0,0,0,0,0,0,0,0,0,0,0,0,0,0,0,0.000623157,0.000623183,0.000623081,0.00062308,0.00062308,0.000623079,0.00062308,0.000623079,0.00062308,0.00062308,0.000623081,0.00062308,0.000623081,0.000623081,0.000623081,0.00062308,0.00062308,0.000623081,0.00062308,0.000623079,0.00062308
0,0,0,0,0,0,0,0,0,0,0,0,0,0,0,0,0,0,0,0,0,0,0,0,0,0,0,0,0.00062308,0.00062308,0.000623079,0.00062308,0.000623078,0.000623079,0.000623079,0.000623156,0.000623079,0.00062308,0.000623079,0.00062308,0.00062308,0.000623081,0.00062308,0.000623079,0.00062308,0.00062308,0.000623078,0.000623079
0,0,0,0,0,0,0,0,0,0,0,0,0,0,0,0,0,0,0,0,0,0,0,0,0,0,0,0,0,0.000623242,0.000623175,0.000623081,0.000623079,0.000623081,0.00062308,0.00062308,0.00062308,0.000623081,0.00062308,0.000623081,0.000623081,0.000623082,0.000623081,0.00062308,0.000623081,0.000623081,0.000623079,0.00062308
0,0,0,0,0,0,0,0,0,0,0,0,0,0,0,0,0,0,0,0,0,0,0,0,0,0,0,0,0,0,0.000623081,0.000623081,0.00062308,0.000623081,0.00062308,0.000623081,0.000623081,0.000623082,0.000623081,0.000623082,0.000623082,0.000623082,0.000623081,0.000623081,0.000623082,0.000623081,0.00062308,0.000623081
0,0,0,0,0,0,0,0,0,0,0,0,0,0,0,0,0,0,0,0,0,0,0,0,0,0,0,0,0,0,0,0.00062308,0.000623079,0.00062308,0.000623079,0.00062308,0.00062308,0.00062308,0.00062308,0.00062308,0.00062308,0.000623081,0.00062308,0.00062308,0.00062308,0.00062308,0.000623145,0.00062308
0,0,0,0,0,0,0,0,0,0,0,0,0,0,0,0,0,0,0,0,0,0,0,0,0,0,0,0,0,0,0,0,0.000623079,0.00062308,0.000623079,0.00062308,0.00062308,0.000623081,0.00062308,0.000623081,0.000623081,0.000623081,0.000623081,0.00062308,0.000623081,0.00062308,0.000623079,0.00062308
0,0,0,0,0,0,0,0,0,0,0,0,0,0,0,0,0,0,0,0,0,0,0,0,0,0,0,0,0,0,0,0,0,0.000623079,0.000623139,0.000623152,0.000623079,0.00062308,0.000623153,0.00062308,0.00062318,0.00062308,0.000623163,0.000623152,0.000623207,0.000623161,0.000623078,0.000623153
0,0,0,0,0,0,0,0,0,0,0,0,0,0,0,0,0,0,0,0,0,0,0,0,0,0,0,0,0,0,0,0,0,0,0.000623167,0.00062308,0.00062308,0.000623209,0.00062308,0.000623081,0.000623081,0.000623081,0.00062319,0.00062308,0.000623081,0.00062308,0.000623163,0.00062318
0,0,0,0,0,0,0,0,0,0,0,0,0,0,0,0,0,0,0,0,0,0,0,0,0,0,0,0,0,0,0,0,0,0,0,0.000623155,0.000623158,0.00062308,0.000623079,0.000623183,0.00062308,0.000623081,0.00062308,0.000623156,0.00062308,0.000623165,0.000623139,0.000623079
0,0,0,0,0,0,0,0,0,0,0,0,0,0,0,0,0,0,0,0,0,0,0,0,0,0,0,0,0,0,0,0,0,0,0,0,0.00062308,0.000623081,0.00062308,0.000623081,0.000623081,0.000623081,0.000623179,0.000623169,0.000623081,0.000623178,0.000623079,0.00062308
0,0,0,0,0,0,0,0,0,0,0,0,0,0,0,0,0,0,0,0,0,0,0,0,0,0,0,0,0,0,0,0,0,0,0,0,0,0.000623081,0.000623172,0.000623081,0.000623199,0.000623296,0.000623182,0.00062308,0.000623081,0.00062318,0.000623079,0.00062308
0,0,0,0,0,0,0,0,0,0,0,0,0,0,0,0,0,0,0,0,0,0,0,0,0,0,0,0,0,0,0,0,0,0,0,0,0,0,0.000623081,0.000623081,0.000623081,0.000623082,0.000623081,0.000623081,0.000623253,0.000623081,0.000623181,0.000623198
0,0,0,0,0,0,0,0,0,0,0,0,0,0,0,0,0,0,0,0,0,0,0,0,0,0,0,0,0,0,0,0,0,0,0,0,0,0,0,0.000623081,0.000623198,0.000623295,0.00062308,0.00062308,0.000623081,0.00062308,0.000623153,0.00062317
0,0,0,0,0,0,0,0,0,0,0,0,0,0,0,0,0,0,0,0,0,0,0,0,0,0,0,0,0,0,0,0,0,0,0,0,0,0,0,0,0.000623224,0.000623082,0.000623081,0.000623196,0.000623082,0.000623081,0.000623179,0.000623081
0,0,0,0,0,0,0,0,0,0,0,0,0,0,0,0,0,0,0,0,0,0,0,0,0,0,0,0,0,0,0,0,0,0,0,0,0,0,0,0,0,0.000623082,0.000623081,0.000623081,0.000623082,0.000623081,0.00062308,0.000623081
0,0,0,0,0,0,0,0,0,0,0,0,0,0,0,0,0,0,0,0,0,0,0,0,0,0,0,0,0,0,0,0,0,0,0,0,0,0,0,0,0,0,0.000623082,0.000623081,0.000623082,0.000623082,0.00062308,0.000623081
0,0,0,0,0,0,0,0,0,0,0,0,0,0,0,0,0,0,0,0,0,0,0,0,0,0,0,0,0,0,0,0,0,0,0,0,0,0,0,0,0,0,0,0.00062318,0.000623081,0.000623081,0.000623079,0.00062308
0,0,0,0,0,0,0,0,0,0,0,0,0,0,0,0,0,0,0,0,0,0,0,0,0,0,0,0,0,0,0,0,0,0,0,0,0,0,0,0,0,0,0,0,0.000623081,0.00062308,0.000623079,0.000623169
0,0,0,0,0,0,0,0,0,0,0,0,0,0,0,0,0,0,0,0,0,0,0,0,0,0,0,0,0,0,0,0,0,0,0,0,0,0,0,0,0,0,0,0,0,0.000623081,0.000623207,0.000623081
0,0,0,0,0,0,0,0,0,0,0,0,0,0,0,0,0,0,0,0,0,0,0,0,0,0,0,0,0,0,0,0,0,0,0,0,0,0,0,0,0,0,0,0,0,0,0.000623161,0.00062308
0,0,0,0,0,0,0,0,0,0,0,0,0,0,0,0,0,0,0,0,0,0,0,0,0,0,0,0,0,0,0,0,0,0,0,0,0,0,0,0,0,0,0,0,0,0,0,0.000623079
0,0,0,0,0,0,0,0,0,0,0,0,0,0,0,0,0,0,0,0,0,0,0,0,0,0,0,0,0,0,0,0,0,0,0,0,0,0,0,0,0,0,0,0,0,0,0,0
