# # np.logspace(-2, 2., num = num_time_points)
0,0.000612821,0.00061282,0.000612821,0.000612815,0.000612823,0.000612825,0.000612825,0.000612827,0.000613309,0.000612822,0.000612823,0.000612821,0.000613294,0.000613275,0.000612822,0.000612822,0.000612821,0.000612822,0.000612826,0.000612822,0.000612823,0.000612824,0.000612821,0.000612824,0.000612824,0.000612822,0.000612819,0.000612824,0.000612826,0.00061282,0.000612823,0.000612818,0.000612823,0.000612819,0.000612822,0.000612822,0.000612824,0.000612822,0.000612824,0.000612824,0.000612827,0.000612823,0.000612822,0.000612825,0.000612823,0.000612818,0.000612822
0,0,0.000613115,0.000612818,0.000613054,0.00061319,0.000612821,0.000612821,0.000612823,0.000613111,0.000612819,0.00061282,0.000613138,0.000612815,0.000612813,0.000612818,0.000612818,0.000612817,0.000612818,0.000612822,0.000612818,0.000612819,0.00061282,0.000612818,0.00061282,0.00061282,0.000612818,0.000612815,0.00061282,0.000612822,0.000612816,0.000612819,0.000612814,0.000612819,0.000612815,0.000612818,0.000612818,0.00061282,0.000612818,0.00061282,0.00061282,0.000612823,0.000612819,0.000612818,0.000612821,0.000612819,0.000613079,0.000612818
0,0,0,0.000612817,0.000613032,0.000612819,0.000613319,0.00061331,0.000612822,0.000613089,0.000613157,0.000612819,0.000612816,0.000612814,0.000613055,0.000612817,0.000612817,0.000612816,0.000612817,0.000612821,0.000612817,0.000612818,0.000612819,0.000612817,0.000612819,0.000612819,0.000612817,0.000612814,0.000612819,0.000612821,0.000612816,0.000612818,0.000612814,0.000612818,0.000612814,0.000612817,0.000612817,0.000612819,0.000612817,0.000612819,0.000612819,0.000612822,0.000612818,0.000612817,0.00061282,0.000612818,0.000612813,0.000612817
0,0,0,0,0.000613058,0.000613194,0.000612822,0.000612821,0.000612823,0.000613115,0.000613183,0.00061282,0.000612817,0.000612815,0.000612814,0.000613182,0.000612818,0.000612817,0.000612818,0.000612822,0.000612818,0.000612819,0.00061282,0.000612818,0.00061282,0.00061282,0.000612818,0.000612816,0.00061282,0.000612822,0.000612817,0.000612819,0.000612815,0.000612819,0.000612816,0.000612818,0.000612818,0.000612821,0.000612819,0.000612821,0.000612821,0.000612823,0.000612819,0.000612818,0.000612822,0.000612819,0.000612814,0.000613147
0,0,0,0,0,0.000612813,0.000613258,0.000613249,0.000612817,0.000613028,0.000612813,0.000613151,0.000613055,0.000613013,0.000612994,0.000613095,0.000612812,0.000612811,0.000612812,0.000612816,0.000612812,0.000612813,0.000612814,0.000612811,0.000612814,0.000612814,0.000612812,0.000612809,0.000612813,0.000612816,0.00061281,0.000612813,0.000612808,0.000612813,0.000612809,0.000612812,0.000612812,0.000612814,0.000612812,0.000612814,0.000612814,0.000612816,0.000612813,0.000612812,0.000612815,0.000612813,0.000612808,0.000612812
0,0,0,0,0,0,0.000613394,0.000612823,0.000613647,0.000612818,0.000612821,0.000612822,0.000612819,0.000612817,0.00061313,0.000612821,0.00061282,0.000612819,0.00061282,0.000612824,0.00061282,0.000612821,0.000612822,0.00061282,0.000612822,0.000612822,0.00061282,0.000612817,0.000612822,0.000612824,0.000612819,0.000612821,0.000612817,0.000612821,0.000612817,0.00061282,0.00061282,0.000612822,0.00061282,0.000612822,0.000612822,0.000612825,0.000612821,0.00061282,0.000612823,0.000612821,0.000612816,0.00061282
0,0,0,0,0,0,0,0.000612825,0.000612827,0.00061282,0.000612823,0.000612823,0.000612821,0.000612819,0.000612818,0.000612822,0.000612822,0.000612821,0.000612822,0.000612826,0.000612822,0.000612823,0.000612824,0.000612822,0.000612824,0.000612824,0.000612822,0.000612819,0.000612824,0.000612826,0.00061282,0.000612823,0.000612818,0.000612823,0.000612819,0.000612822,0.000612822,0.000612824,0.000612822,0.000612824,0.000612824,0.000612827,0.000612823,0.000612822,0.000612825,0.000612823,0.000612818,0.000612822
0,0,0,0,0,0,0,0,0.000612827,0.00061282,0.000612823,0.000612823,0.000612821,0.000613291,0.000612817,0.000612822,0.000612822,0.000612821,0.000612822,0.000612826,0.000612822,0.000612823,0.000612824,0.000612821,0.000612824,0.000612824,0.000612822,0.000612819,0.000612824,0.000612826,0.00061282,0.000612823,0.000612818,0.000612823,0.000612819,0.000612822,0.000612822,0.000612824,0.000612822,0.000612824,0.000612824,0.000612827,0.000612823,0.000612822,0.000612825,0.000612823,0.000612818,0.000612822
0,0,0,0,0,0,0,0,0,0.000612822,0.000612824,0.000612825,0.000612823,0.000613553,0.000612819,0.000612824,0.000612824,0.000612822,0.000612823,0.000612827,0.000612823,0.000612824,0.000612825,0.000612823,0.000612825,0.000612825,0.000612823,0.000612821,0.000612825,0.000612827,0.000612822,0.000612824,0.00061282,0.000612824,0.000612821,0.000612823,0.000612824,0.000612826,0.000612824,0.000612826,0.000612826,0.000612828,0.000612825,0.000612823,0.000612827,0.000612824,0.000612819,0.000612823
0,0,0,0,0,0,0,0,0,0,0.000612818,0.000612818,0.000612816,0.000613071,0.000613051,0.000612817,0.000612817,0.000612816,0.000612817,0.000612821,0.000612817,0.000612818,0.000612819,0.000612816,0.000612819,0.000612818,0.000612817,0.000612814,0.000612818,0.000612821,0.000612815,0.000612818,0.000612813,0.000612818,0.000612814,0.000612817,0.000612817,0.000612819,0.000612817,0.000612819,0.000612819,0.000612821,0.000612818,0.000612817,0.00061282,0.000612818,0.000612813,0.000612817
0,0,0,0,0,0,0,0,0,0,0,0.000612821,0.000613181,0.000613139,0.000612815,0.000613221,0.000612819,0.000612818,0.000612819,0.000612823,0.000612819,0.00061282,0.000612821,0.000612819,0.000612821,0.000612821,0.000612819,0.000612817,0.000612821,0.000612823,0.000612818,0.00061282,0.000612816,0.00061282,0.000612817,0.000612819,0.000612819,0.000612822,0.000612819,0.000612822,0.000612822,0.000612824,0.00061282,0.000612819,0.000612823,0.00061282,0.000612815,0.000612819
0,0,0,0,0,0,0,0,0,0,0,0,0.000613235,0.000612817,0.000613174,0.000613275,0.00061282,0.000612819,0.00061282,0.000612824,0.00061282,0.000612821,0.000612822,0.00061282,0.000612822,0.000612822,0.00061282,0.000612818,0.000612822,0.000612824,0.000612819,0.000612821,0.000612817,0.000612821,0.000612817,0.00061282,0.00061282,0.000612823,0.00061282,0.000612823,0.000612823,0.000612825,0.000612821,0.00061282,0.000612824,0.000612821,0.000612816,0.00061282
0,0,0,0,0,0,0,0,0,0,0,0,0,0.000613098,0.000613078,0.000612818,0.000612818,0.000612817,0.000612817,0.000612822,0.000612818,0.000612818,0.00061282,0.000612817,0.00061282,0.000612819,0.000612818,0.000612815,0.000612819,0.000612822,0.000612816,0.000612819,0.000612814,0.000612819,0.000612815,0.000612818,0.000612818,0.00061282,0.000612818,0.00061282,0.00061282,0.000612822,0.000612819,0.000612818,0.000612821,0.000612819,0.000612814,0.000612818
0,0,0,0,0,0,0,0,0,0,0,0,0,0,0.000613036,0.000612816,0.000612816,0.000612815,0.000612816,0.00061282,0.000612816,0.000612817,0.000612818,0.000612815,0.000612818,0.000612817,0.000612816,0.000612813,0.000612817,0.00061282,0.000612814,0.000612817,0.000612812,0.000612817,0.000612813,0.000612816,0.000612816,0.000612818,0.000612816,0.000612818,0.000612818,0.00061282,0.000612817,0.000612816,0.000612819,0.000612817,0.000612812,0.000612816
0,0,0,0,0,0,0,0,0,0,0,0,0,0,0,0.000613118,0.000612814,0.000612813,0.000612814,0.000612818,0.000612814,0.000612815,0.000612816,0.000612814,0.000612816,0.000612816,0.000612814,0.000612811,0.000612816,0.000612818,0.000612813,0.000612815,0.000612811,0.000612815,0.000612811,0.000612814,0.000612814,0.000612816,0.000612814,0.000612816,0.000612816,0.000612819,0.000612815,0.000612814,0.000612817,0.000612815,0.00061281,0.000612814
0,0,0,0,0,0,0,0,0,0,0,0,0,0,0,0,0.000612819,0.000612818,0.000612819,0.000612823,0.000612819,0.00061282,0.000612821,0.000612819,0.000612821,0.000612821,0.000612819,0.000612816,0.000612821,0.000612823,0.000612818,0.00061282,0.000612816,0.00061282,0.000612816,0.000612819,0.000612819,0.000612821,0.000612819,0.000612821,0.000612821,0.000612824,0.00061282,0.000612819,0.000612822,0.00061282,0.000612815,0.000612819
0,0,0,0,0,0,0,0,0,0,0,0,0,0,0,0,0,0.000612818,0.000613156,0.000613369,0.000612819,0.00061282,0.000612821,0.000613153,0.000612821,0.000613201,0.000612819,0.000613103,0.000612821,0.000612823,0.000612818,0.000613193,0.000612815,0.00061282,0.000612816,0.000612819,0.000612819,0.000612821,0.000612819,0.000612821,0.000612821,0.000612824,0.00061282,0.000612819,0.000612822,0.00061282,0.000612815,0.000612819
0,0,0,0,0,0,0,0,0,0,0,0,0,0,0,0,0,0,0.000612818,0.000612822,0.00061312,0.000613159,0.00061282,0.000612818,0.00061322,0.000613171,0.000612818,0.000613073,0.000613169,0.000612822,0.000613093,0.000612819,0.000612814,0.000612818,0.000612815,0.000612818,0.000612818,0.00061282,0.000612818,0.00061282,0.00061282,0.000612822,0.000612819,0.000612818,0.000612821,0.000612819,0.000612814,0.000612817
0,0,0,0,0,0,0,0,0,0,0,0,0,0,0,0,0,0,0,0.000612823,0.000613151,0.000612819,0.000612821,0.000612818,0.000613251,0.000612821,0.000612819,0.000612816,0.000612821,0.00061337,0.000613124,0.000613194,0.000612815,0.000612819,0.000612816,0.000612819,0.000612819,0.000612821,0.000612819,0.000612821,0.000612821,0.000612823,0.00061282,0.000612819,0.000612822,0.000612819,0.000612814,0.000612818
0,0,0,0,0,0,0,0,0,0,0,0,0,0,0,0,0,0,0,0,0.000612823,0.000612823,0.000612825,0.000612822,0.000612825,0.000613415,0.000612823,0.00061282,0.000613413,0.000612827,0.000612821,0.000612824,0.000612819,0.000612824,0.00061282,0.000612823,0.000612823,0.000612825,0.000612823,0.000612825,0.000612825,0.000612827,0.000612824,0.000612823,0.000612826,0.000612824,0.000612819,0.000612823
0,0,0,0,0,0,0,0,0,0,0,0,0,0,0,0,0,0,0,0,0,0.00061282,0.000612821,0.000612818,0.000612821,0.000612821,0.000613149,0.000613098,0.000612821,0.000612823,0.000613118,0.000613188,0.000612815,0.000612819,0.000612816,0.000612819,0.000612819,0.000612821,0.000612819,0.000612821,0.000612821,0.000612823,0.00061282,0.000612819,0.000612822,0.00061282,0.000612815,0.000612818
0,0,0,0,0,0,0,0,0,0,0,0,0,0,0,0,0,0,0,0,0,0,0.000612822,0.000613187,0.000612822,0.000612821,0.000613189,0.000613137,0.000612821,0.000612823,0.000612818,0.000613227,0.000612816,0.00061282,0.000612817,0.00061282,0.00061282,0.000612822,0.00061282,0.000612822,0.000612822,0.000612824,0.000612821,0.00061282,0.000612823,0.00061282,0.000612815,0.000612819
0,0,0,0,0,0,0,0,0,0,0,0,0,0,0,0,0,0,0,0,0,0,0,0.000613246,0.000612823,0.000612822,0.000613247,0.000613196,0.000612823,0.000612825,0.000613216,0.000612822,0.000612817,0.000612822,0.000612818,0.000612821,0.000612821,0.000612823,0.000612821,0.000612823,0.000612823,0.000612825,0.000612822,0.000612821,0.000612824,0.000612822,0.000612817,0.000612821
0,0,0,0,0,0,0,0,0,0,0,0,0,0,0,0,0,0,0,0,0,0,0,0,0.000613249,0.00061282,0.000612819,0.000613102,0.00061282,0.000612822,0.000613121,0.000612819,0.000612815,0.000612819,0.000612816,0.000612818,0.000612818,0.000612821,0.000612819,0.000612821,0.000612821,0.000612823,0.00061282,0.000612818,0.000612822,0.000612819,0.000612814,0.000612818
0,0,0,0,0,0,0,0,0,0,0,0,0,0,0,0,0,0,0,0,0,0,0,0,0,0.000612823,0.00061325,0.000612818,0.000612823,0.000612825,0.000612819,0.000612822,0.000612817,0.000612822,0.000612818,0.000612821,0.000612821,0.000612823,0.000612821,0.000612823,0.000612823,0.000612825,0.000612822,0.000612821,0.000612824,0.000612822,0.000612817,0.000612821
0,0,0,0,0,0,0,0,0,0,0,0,0,0,0,0,0,0,0,0,0,0,0,0,0,0,0.00061282,0.000612818,0.000612823,0.000613415,0.000612819,0.000613239,0.000612817,0.000612821,0.000612818,0.000612821,0.000612821,0.000612823,0.000612821,0.000612823,0.000612823,0.000612825,0.000612822,0.00061282,0.000612824,0.000612821,0.000612816,0.00061282
0,0,0,0,0,0,0,0,0,0,0,0,0,0,0,0,0,0,0,0,0,0,0,0,0,0,0,0.000613103,0.000613198,0.000612823,0.000612817,0.00061282,0.000612815,0.000612819,0.000612816,0.000612819,0.000612819,0.000612821,0.000612819,0.000612821,0.000612821,0.000612823,0.00061282,0.000612819,0.000612822,0.00061282,0.000612814,0.000612818
0,0,0,0,0,0,0,0,0,0,0,0,0,0,0,0,0,0,0,0,0,0,0,0,0,0,0,0,0.000612818,0.00061282,0.000612815,0.000612817,0.000612813,0.000612817,0.000612813,0.000613097,0.000612816,0.000612818,0.000612816,0.000612818,0.000612818,0.000612821,0.000612817,0.000612816,0.000612819,0.000612817,0.000612812,0.000612816
0,0,0,0,0,0,0,0,0,0,0,0,0,0,0,0,0,0,0,0,0,0,0,0,0,0,0,0,0,0.000613413,0.000613167,0.000612821,0.000612817,0.000612821,0.000612818,0.00061282,0.000612821,0.000612823,0.000612821,0.000612823,0.000612823,0.000612825,0.000612822,0.00061282,0.000612824,0.000612821,0.000612816,0.00061282
0,0,0,0,0,0,0,0,0,0,0,0,0,0,0,0,0,0,0,0,0,0,0,0,0,0,0,0,0,0,0.000612821,0.000612824,0.000612819,0.000612823,0.00061282,0.000612823,0.000612823,0.000612825,0.000612823,0.000612825,0.000612825,0.000612827,0.000612824,0.000612823,0.000612826,0.000612824,0.000612818,0.000612822
0,0,0,0,0,0,0,0,0,0,0,0,0,0,0,0,0,0,0,0,0,0,0,0,0,0,0,0,0,0,0,0.000612818,0.000612814,0.000612818,0.000612815,0.000612817,0.000612817,0.00061282,0.000612817,0.00061282,0.00061282,0.000612822,0.000612818,0.000612817,0.000612821,0.000612818,0.000613057,0.000612817
0,0,0,0,0,0,0,0,0,0,0,0,0,0,0,0,0,0,0,0,0,0,0,0,0,0,0,0,0,0,0,0,0.000612816,0.00061282,0.000612817,0.00061282,0.00061282,0.000612822,0.00061282,0.000612822,0.000612822,0.000612824,0.000612821,0.00061282,0.000612823,0.000612821,0.000612815,0.000612819
0,0,0,0,0,0,0,0,0,0,0,0,0,0,0,0,0,0,0,0,0,0,0,0,0,0,0,0,0,0,0,0,0,0.000612816,0.000613036,0.000613082,0.000612816,0.000612818,0.000613088,0.000612818,0.000613186,0.00061282,0.000613123,0.000613084,0.000613287,0.000613118,0.000612811,0.000613086
0,0,0,0,0,0,0,0,0,0,0,0,0,0,0,0,0,0,0,0,0,0,0,0,0,0,0,0,0,0,0,0,0,0,0.000613137,0.00061282,0.00061282,0.000613292,0.00061282,0.000612822,0.000612822,0.000612824,0.000613224,0.00061282,0.000612823,0.000612821,0.000613124,0.000613187
0,0,0,0,0,0,0,0,0,0,0,0,0,0,0,0,0,0,0,0,0,0,0,0,0,0,0,0,0,0,0,0,0,0,0,0.000613096,0.000613105,0.000612819,0.000612816,0.000613197,0.000612819,0.000612821,0.000612818,0.000613098,0.00061282,0.000613132,0.000613036,0.000612816
0,0,0,0,0,0,0,0,0,0,0,0,0,0,0,0,0,0,0,0,0,0,0,0,0,0,0,0,0,0,0,0,0,0,0,0,0.000612819,0.000612821,0.000612819,0.000612821,0.000612821,0.000612823,0.000613183,0.000613144,0.000612822,0.000613178,0.000612815,0.000612819
0,0,0,0,0,0,0,0,0,0,0,0,0,0,0,0,0,0,0,0,0,0,0,0,0,0,0,0,0,0,0,0,0,0,0,0,0,0.000612821,0.000613158,0.000612822,0.000613256,0.000613611,0.000613192,0.000612819,0.000612822,0.000613187,0.000612815,0.000612819
0,0,0,0,0,0,0,0,0,0,0,0,0,0,0,0,0,0,0,0,0,0,0,0,0,0,0,0,0,0,0,0,0,0,0,0,0,0,0.000612821,0.000612824,0.000612824,0.000612826,0.000612822,0.000612821,0.000613455,0.000612822,0.000613191,0.000613254
0,0,0,0,0,0,0,0,0,0,0,0,0,0,0,0,0,0,0,0,0,0,0,0,0,0,0,0,0,0,0,0,0,0,0,0,0,0,0,0.000612822,0.000613252,0.000613607,0.00061282,0.000612819,0.000612822,0.00061282,0.000613088,0.000613152
0,0,0,0,0,0,0,0,0,0,0,0,0,0,0,0,0,0,0,0,0,0,0,0,0,0,0,0,0,0,0,0,0,0,0,0,0,0,0,0,0.000613347,0.000612826,0.000612822,0.000613245,0.000612825,0.000612822,0.000613183,0.000612821
0,0,0,0,0,0,0,0,0,0,0,0,0,0,0,0,0,0,0,0,0,0,0,0,0,0,0,0,0,0,0,0,0,0,0,0,0,0,0,0,0,0.000612826,0.000612823,0.000612821,0.000612825,0.000612822,0.000612817,0.000612821
0,0,0,0,0,0,0,0,0,0,0,0,0,0,0,0,0,0,0,0,0,0,0,0,0,0,0,0,0,0,0,0,0,0,0,0,0,0,0,0,0,0,0.000612825,0.000612823,0.000612827,0.000612825,0.000612819,0.000612823
0,0,0,0,0,0,0,0,0,0,0,0,0,0,0,0,0,0,0,0,0,0,0,0,0,0,0,0,0,0,0,0,0,0,0,0,0,0,0,0,0,0,0,0.000613185,0.000612823,0.000612821,0.000612816,0.00061282
0,0,0,0,0,0,0,0,0,0,0,0,0,0,0,0,0,0,0,0,0,0,0,0,0,0,0,0,0,0,0,0,0,0,0,0,0,0,0,0,0,0,0,0,0.000612822,0.00061282,0.000612815,0.000613148
0,0,0,0,0,0,0,0,0,0,0,0,0,0,0,0,0,0,0,0,0,0,0,0,0,0,0,0,0,0,0,0,0,0,0,0,0,0,0,0,0,0,0,0,0,0.000612823,0.000613287,0.000612822
0,0,0,0,0,0,0,0,0,0,0,0,0,0,0,0,0,0,0,0,0,0,0,0,0,0,0,0,0,0,0,0,0,0,0,0,0,0,0,0,0,0,0,0,0,0,0.000613118,0.00061282
0,0,0,0,0,0,0,0,0,0,0,0,0,0,0,0,0,0,0,0,0,0,0,0,0,0,0,0,0,0,0,0,0,0,0,0,0,0,0,0,0,0,0,0,0,0,0,0.000612815
0,0,0,0,0,0,0,0,0,0,0,0,0,0,0,0,0,0,0,0,0,0,0,0,0,0,0,0,0,0,0,0,0,0,0,0,0,0,0,0,0,0,0,0,0,0,0,0
