# # np.logspace(-2, 2., num = num_time_points)
0,0.000411028,0.000411048,0.000411043,0.000410977,0.000411102,0.000411074,0.000411092,0.000411153,0.000417012,0.000411057,0.000411065,0.000411046,0.000416851,0.00041659,0.000411051,0.000411042,0.000411013,0.00041104,0.000411106,0.000411021,0.000411038,0.000411054,0.000411029,0.000411058,0.000411084,0.000411036,0.000410986,0.000411077,0.000411104,0.000411004,0.000411047,0.000410979,0.000411042,0.000410982,0.000411021,0.000411055,0.00041108,0.000411048,0.000411066,0.00041107,0.000411113,0.000411044,0.000411027,0.000411081,0.00041103,0.000410971,0.000411028
0,0,0.000414654,0.000411007,0.000413901,0.000415591,0.000411091,0.000411041,0.000411106,0.000414599,0.000411011,0.000411018,0.000414915,0.000410977,0.000410962,0.000410981,0.000410981,0.000410953,0.00041098,0.000411045,0.00041096,0.000410977,0.000410994,0.000410968,0.000410998,0.000411023,0.000410975,0.000410925,0.000411017,0.000411044,0.000410955,0.000410987,0.000410919,0.000410996,0.000410933,0.000410961,0.000410995,0.000411036,0.000411,0.000411021,0.00041101,0.000411053,0.000410983,0.000410966,0.00041104,0.000410984,0.000414192,0.000410968
0,0,0,0.000411006,0.00041369,0.000411097,0.000417122,0.000417005,0.000411055,0.000414353,0.000415161,0.000411012,0.000411006,0.00041102,0.000413913,0.000411019,0.000410984,0.000410956,0.000410983,0.000411048,0.000410963,0.000410981,0.000410997,0.000410972,0.000411001,0.000411026,0.000410979,0.000410929,0.00041102,0.000411047,0.000410947,0.00041099,0.000410922,0.000410985,0.000410925,0.000410964,0.000410998,0.000411023,0.000410991,0.000411008,0.000411013,0.000411056,0.000410986,0.00041097,0.000411024,0.000410973,0.000410928,0.000410971
0,0,0,0,0.000413951,0.00041565,0.000411082,0.000411032,0.000411121,0.000414643,0.0004155,0.000411038,0.000410992,0.000410996,0.000410968,0.000415496,0.000410996,0.000410968,0.000410995,0.00041106,0.000410975,0.000410992,0.000411009,0.000410983,0.000411013,0.000411038,0.00041099,0.00041094,0.000411032,0.000411059,0.000410958,0.000411002,0.000410949,0.000411018,0.000410937,0.000410976,0.00041101,0.000411059,0.000411022,0.00041102,0.000411025,0.000411068,0.000410998,0.000411,0.000411036,0.000410985,0.000410926,0.000415034
0,0,0,0,0,0.000411017,0.000416363,0.000416265,0.000410999,0.000413605,0.000410969,0.000415105,0.000413937,0.000413442,0.000413193,0.00041443,0.000410899,0.000410871,0.000410898,0.000410963,0.000410878,0.000410895,0.000410912,0.000410886,0.000410915,0.000410941,0.000410893,0.000410843,0.000410935,0.000410962,0.000410861,0.000410905,0.000410836,0.0004109,0.00041084,0.000410878,0.000410913,0.000410937,0.000410905,0.000410923,0.000410928,0.00041097,0.000410901,0.000410884,0.000410938,0.000410888,0.000410839,0.000410899
0,0,0,0,0,0,0.000418065,0.000411079,0.00042103,0.00041106,0.000411074,0.000411077,0.000411057,0.000411089,0.000414855,0.000411086,0.000411059,0.000411031,0.000411058,0.000411123,0.000411038,0.000411055,0.000411071,0.000411046,0.000411075,0.000411101,0.000411053,0.000411003,0.000411095,0.000411122,0.000411021,0.000411065,0.000410996,0.00041106,0.000411,0.000411038,0.000411073,0.000411097,0.000411065,0.000411083,0.000411088,0.00041113,0.000411061,0.000411044,0.000411098,0.000411048,0.000411006,0.000411066
0,0,0,0,0,0,0,0.000411127,0.00041119,0.00041104,0.000411071,0.00041107,0.000411031,0.000411025,0.000411034,0.000411057,0.000411051,0.000411023,0.00041105,0.000411116,0.000411031,0.000411048,0.000411064,0.000411039,0.000411068,0.000411093,0.000411046,0.000410996,0.000411087,0.000411114,0.000411014,0.000411057,0.000410989,0.000411052,0.000410992,0.000411031,0.000411065,0.00041109,0.000411058,0.000411075,0.00041108,0.000411123,0.000411054,0.000411037,0.000411091,0.00041104,0.000410981,0.000411038
0,0,0,0,0,0,0,0,0.00041115,0.000411048,0.000411081,0.000411058,0.00041104,0.000416788,0.000411007,0.000411044,0.000411039,0.000411011,0.000411038,0.000411103,0.000411018,0.000411035,0.000411052,0.000411026,0.000411056,0.000411081,0.000411033,0.000410983,0.000411075,0.000411102,0.000411001,0.000411045,0.000410977,0.00041104,0.00041098,0.000411019,0.000411053,0.000411078,0.000411046,0.000411063,0.000411068,0.00041111,0.000411041,0.000411024,0.000411079,0.000411028,0.000410969,0.000411025
0,0,0,0,0,0,0,0,0,0.000411071,0.000411115,0.00041109,0.000411086,0.000419855,0.000411083,0.000411078,0.000411089,0.000411061,0.000411088,0.000411153,0.000411068,0.000411086,0.000411102,0.000411077,0.000411106,0.000411131,0.000411084,0.000411034,0.000411125,0.000411152,0.000411052,0.000411095,0.000411027,0.00041109,0.00041103,0.000411069,0.000411103,0.000411128,0.000411096,0.000411113,0.000411118,0.000411161,0.000411091,0.000411075,0.000411129,0.000411078,0.000411019,0.000411076
0,0,0,0,0,0,0,0,0,0,0.000411011,0.000410996,0.000410982,0.000414149,0.000413896,0.000410999,0.000410969,0.00041094,0.000410967,0.000411033,0.000410948,0.000410965,0.000410981,0.000410956,0.000410985,0.000411011,0.000410963,0.000410913,0.000411005,0.000411031,0.000410931,0.000410974,0.000410906,0.00041097,0.000410909,0.000410948,0.000410983,0.000411007,0.000410975,0.000410993,0.000410998,0.00041104,0.000410971,0.000410954,0.000411008,0.000410958,0.000410912,0.000410972
0,0,0,0,0,0,0,0,0,0,0,0.000411069,0.000415451,0.000414962,0.00041099,0.000415953,0.000411011,0.000410983,0.00041101,0.000411075,0.00041099,0.000411007,0.000411024,0.000410998,0.000411027,0.000411053,0.000411005,0.000410955,0.000411047,0.000411074,0.000410973,0.000411017,0.000410948,0.000411012,0.000410952,0.00041099,0.000411025,0.000411049,0.000411017,0.000411035,0.00041104,0.000411082,0.000411013,0.000410996,0.00041105,0.000411,0.000410941,0.000411018
0,0,0,0,0,0,0,0,0,0,0,0,0.000416119,0.000411025,0.000415392,0.000416616,0.00041102,0.000410992,0.000411019,0.000411084,0.000410999,0.000411016,0.000411033,0.000411007,0.000411036,0.000411062,0.000411014,0.000410964,0.000411056,0.000411083,0.000410982,0.000411026,0.000410957,0.000411021,0.000410961,0.000410999,0.000411034,0.000411058,0.000411026,0.000411044,0.000411049,0.000411091,0.000411022,0.000411005,0.000411059,0.000411009,0.00041095,0.000411006
0,0,0,0,0,0,0,0,0,0,0,0,0,0.000414471,0.000414212,0.000411051,0.000410983,0.000410954,0.000410981,0.000411047,0.000410962,0.000410979,0.000410995,0.00041097,0.000410999,0.000411025,0.000410977,0.000410927,0.000411018,0.000411045,0.000410945,0.000410988,0.00041092,0.000410983,0.000410923,0.000410962,0.000410996,0.000411021,0.000410989,0.000411007,0.000411011,0.000411054,0.000410985,0.000410968,0.000411022,0.000410972,0.000410927,0.000410969
0,0,0,0,0,0,0,0,0,0,0,0,0,0,0.000413733,0.00041101,0.000410977,0.000410949,0.000410976,0.000411041,0.000410956,0.000410973,0.00041099,0.000410964,0.000410994,0.000411019,0.000410972,0.000410921,0.000411013,0.00041104,0.000410939,0.000410983,0.000410915,0.000410978,0.000410918,0.000410957,0.000410991,0.000411016,0.000410984,0.000411001,0.000411006,0.000411049,0.000410979,0.000410962,0.000411017,0.000410966,0.000410907,0.000410964
0,0,0,0,0,0,0,0,0,0,0,0,0,0,0,0.000414701,0.000410932,0.000410904,0.000410931,0.000410996,0.000410911,0.000410928,0.000410945,0.000410919,0.000410949,0.000410974,0.000410926,0.000410876,0.000410968,0.000410995,0.000410894,0.000410938,0.00041087,0.000410933,0.000410873,0.000410912,0.000410946,0.000410971,0.000410939,0.000410956,0.000410961,0.000411004,0.000410934,0.000410917,0.000410972,0.000410921,0.000410862,0.000410919
0,0,0,0,0,0,0,0,0,0,0,0,0,0,0,0,0.000411008,0.00041098,0.000411007,0.000411072,0.000410987,0.000411004,0.000411021,0.000410995,0.000411024,0.00041105,0.000411002,0.000410952,0.000411044,0.000411071,0.00041097,0.000411014,0.000410945,0.000411009,0.000410949,0.000410987,0.000411022,0.000411046,0.000411014,0.000411032,0.000411037,0.000411079,0.00041101,0.000410993,0.000411047,0.000410997,0.000410938,0.000411015
0,0,0,0,0,0,0,0,0,0,0,0,0,0,0,0,0,0.000411028,0.000415199,0.000417794,0.000411056,0.000411079,0.000411075,0.000415146,0.000411086,0.000415816,0.000411029,0.000414526,0.000411102,0.000411155,0.000411018,0.00041567,0.000410957,0.00041102,0.00041096,0.000411013,0.000411033,0.000411058,0.000411026,0.000411043,0.000411048,0.000411091,0.000411022,0.000411005,0.000411059,0.000411009,0.000410949,0.000411006
0,0,0,0,0,0,0,0,0,0,0,0,0,0,0,0,0,0,0.00041105,0.00041113,0.000414727,0.0004152,0.000411041,0.000411055,0.000415935,0.000415365,0.000411087,0.000414163,0.000415348,0.000411129,0.000414415,0.000411066,0.000410929,0.000410992,0.000410932,0.000410984,0.000411005,0.00041103,0.000410998,0.000411015,0.00041102,0.000411063,0.000410993,0.000410976,0.000411031,0.00041098,0.000410933,0.000410977
0,0,0,0,0,0,0,0,0,0,0,0,0,0,0,0,0,0,0,0.000411115,0.000415131,0.000411041,0.000411052,0.000411071,0.000416326,0.000411156,0.000411062,0.000410997,0.000411119,0.000417769,0.000414788,0.000415677,0.000410956,0.000411019,0.000410959,0.000410998,0.000411032,0.000411057,0.000411025,0.000411042,0.000411047,0.00041109,0.00041102,0.000411003,0.000411058,0.000411007,0.000410961,0.000411004
0,0,0,0,0,0,0,0,0,0,0,0,0,0,0,0,0,0,0,0,0.000411064,0.000411081,0.000411097,0.000411103,0.000411101,0.000418369,0.000411117,0.000411057,0.000418301,0.000411255,0.000411083,0.000411166,0.000411021,0.000411084,0.000411024,0.000411063,0.000411098,0.000411122,0.00041109,0.000411108,0.000411113,0.000411155,0.000411086,0.000411069,0.000411123,0.000411073,0.000411013,0.00041107
0,0,0,0,0,0,0,0,0,0,0,0,0,0,0,0,0,0,0,0,0,0.000411075,0.000411074,0.000411017,0.000411086,0.000411086,0.000415086,0.000414455,0.000411093,0.000411094,0.000414705,0.000415558,0.000410936,0.000410999,0.00041094,0.000410992,0.000411013,0.000411037,0.000411005,0.000411023,0.000411028,0.00041107,0.000411001,0.000410984,0.000411038,0.000410988,0.000410942,0.000410985
0,0,0,0,0,0,0,0,0,0,0,0,0,0,0,0,0,0,0,0,0,0,0.000411102,0.000415549,0.000411109,0.000411107,0.000415574,0.000414964,0.000411096,0.000411079,0.000411015,0.000416022,0.000410953,0.000411017,0.000410957,0.000411011,0.00041103,0.000411054,0.000411022,0.00041104,0.000411045,0.000411087,0.000411018,0.000411001,0.000411055,0.000411005,0.000410946,0.000411002
0,0,0,0,0,0,0,0,0,0,0,0,0,0,0,0,0,0,0,0,0,0,0,0.00041628,0.000411109,0.000411074,0.000416284,0.000415663,0.000411118,0.000411095,0.00041589,0.000411039,0.00041097,0.000411033,0.000410973,0.00041103,0.000411046,0.000411071,0.000411039,0.000411056,0.000411061,0.000411104,0.000411034,0.000411017,0.000411072,0.000411021,0.00041098,0.000411018
0,0,0,0,0,0,0,0,0,0,0,0,0,0,0,0,0,0,0,0,0,0,0,0,0.000416282,0.000411071,0.000411097,0.00041454,0.000411062,0.00041107,0.000414753,0.00041106,0.000410944,0.000411007,0.000410948,0.000411,0.000411021,0.000411045,0.000411013,0.000411031,0.000411036,0.000411078,0.000411009,0.000410992,0.000411046,0.000410996,0.00041095,0.000410993
0,0,0,0,0,0,0,0,0,0,0,0,0,0,0,0,0,0,0,0,0,0,0,0,0,0.000411102,0.000416307,0.000411044,0.000411123,0.000411137,0.000411065,0.00041107,0.000410973,0.000411037,0.000410977,0.000411016,0.00041105,0.000411074,0.000411042,0.00041106,0.000411065,0.000411107,0.000411038,0.000411021,0.000411075,0.000411025,0.000410966,0.000411022
0,0,0,0,0,0,0,0,0,0,0,0,0,0,0,0,0,0,0,0,0,0,0,0,0,0,0.000411057,0.000411042,0.000411221,0.000418335,0.000411042,0.000416226,0.000410999,0.000411062,0.000411002,0.000411041,0.000411075,0.0004111,0.000411068,0.000411085,0.00041109,0.000411133,0.000411064,0.000411047,0.000411101,0.00041105,0.000410991,0.000411048
0,0,0,0,0,0,0,0,0,0,0,0,0,0,0,0,0,0,0,0,0,0,0,0,0,0,0,0.000414565,0.000415703,0.000411116,0.000411043,0.000411067,0.000410951,0.000411015,0.000410955,0.000411007,0.000411028,0.000411052,0.00041102,0.000411038,0.000411043,0.000411085,0.000411016,0.000410999,0.000411053,0.000411003,0.000410944,0.000411
0,0,0,0,0,0,0,0,0,0,0,0,0,0,0,0,0,0,0,0,0,0,0,0,0,0,0,0,0.000411036,0.000411027,0.000410991,0.00041103,0.000410914,0.000410965,0.000410918,0.000414411,0.000410978,0.000411002,0.00041097,0.000410988,0.000410993,0.000411035,0.000410984,0.000410965,0.000411003,0.000410971,0.000410894,0.00041095
0,0,0,0,0,0,0,0,0,0,0,0,0,0,0,0,0,0,0,0,0,0,0,0,0,0,0,0,0,0.000418301,0.000415321,0.000411062,0.000410993,0.000411056,0.000410996,0.000411035,0.000411069,0.000411094,0.000411062,0.000411079,0.000411084,0.000411127,0.000411057,0.000411041,0.000411095,0.000411044,0.000411001,0.000411042
0,0,0,0,0,0,0,0,0,0,0,0,0,0,0,0,0,0,0,0,0,0,0,0,0,0,0,0,0,0,0.000411112,0.000411165,0.00041102,0.000411083,0.000411023,0.000411062,0.000411096,0.000411121,0.000411089,0.000411106,0.000411111,0.000411154,0.000411084,0.000411068,0.000411122,0.000411071,0.000411012,0.000411069
0,0,0,0,0,0,0,0,0,0,0,0,0,0,0,0,0,0,0,0,0,0,0,0,0,0,0,0,0,0,0,0.000411028,0.000410919,0.000410995,0.000410932,0.000410962,0.000410996,0.000411036,0.000411,0.000411021,0.000411011,0.000411053,0.000410984,0.000410967,0.00041104,0.000410983,0.000413925,0.000410968
0,0,0,0,0,0,0,0,0,0,0,0,0,0,0,0,0,0,0,0,0,0,0,0,0,0,0,0,0,0,0,0,0.000410963,0.000411026,0.000410966,0.000411005,0.000411039,0.000411064,0.000411032,0.000411049,0.000411054,0.000411097,0.000411027,0.00041101,0.000411065,0.000411014,0.000410955,0.000411011
0,0,0,0,0,0,0,0,0,0,0,0,0,0,0,0,0,0,0,0,0,0,0,0,0,0,0,0,0,0,0,0,0,0.00041101,0.000413703,0.000414297,0.000411062,0.000411061,0.000414374,0.00041105,0.000415537,0.000411071,0.000414776,0.000414326,0.000416717,0.000414696,0.000410948,0.000414315
0,0,0,0,0,0,0,0,0,0,0,0,0,0,0,0,0,0,0,0,0,0,0,0,0,0,0,0,0,0,0,0,0,0,0.000414922,0.000411041,0.000411076,0.000416867,0.000411062,0.000411081,0.00041105,0.000411092,0.000415986,0.000411068,0.000411132,0.000411042,0.000414787,0.000415562
0,0,0,0,0,0,0,0,0,0,0,0,0,0,0,0,0,0,0,0,0,0,0,0,0,0,0,0,0,0,0,0,0,0,0,0.000414441,0.000414564,0.000411041,0.000411006,0.000415667,0.00041106,0.000411075,0.000411052,0.000414478,0.000411036,0.000414887,0.000413711,0.000410994
0,0,0,0,0,0,0,0,0,0,0,0,0,0,0,0,0,0,0,0,0,0,0,0,0,0,0,0,0,0,0,0,0,0,0,0,0.000411073,0.000411038,0.000411018,0.000411065,0.000411045,0.000411071,0.000415507,0.000415046,0.000411058,0.000415427,0.000410959,0.000411017
0,0,0,0,0,0,0,0,0,0,0,0,0,0,0,0,0,0,0,0,0,0,0,0,0,0,0,0,0,0,0,0,0,0,0,0,0,0.000411072,0.000415307,0.000411114,0.000416421,0.00042062,0.000415622,0.000411057,0.000411073,0.000415563,0.00041101,0.00041104
0,0,0,0,0,0,0,0,0,0,0,0,0,0,0,0,0,0,0,0,0,0,0,0,0,0,0,0,0,0,0,0,0,0,0,0,0,0,0.000411106,0.000411102,0.000411087,0.00041113,0.000411093,0.000411068,0.000418811,0.000411065,0.000415645,0.000416388
0,0,0,0,0,0,0,0,0,0,0,0,0,0,0,0,0,0,0,0,0,0,0,0,0,0,0,0,0,0,0,0,0,0,0,0,0,0,0,0.000411104,0.000416388,0.00042057,0.000411064,0.000411043,0.000411106,0.000411065,0.000414332,0.000415128
0,0,0,0,0,0,0,0,0,0,0,0,0,0,0,0,0,0,0,0,0,0,0,0,0,0,0,0,0,0,0,0,0,0,0,0,0,0,0,0,0.00041748,0.000411116,0.000411072,0.000416251,0.000411107,0.000411069,0.000415484,0.000411054
0,0,0,0,0,0,0,0,0,0,0,0,0,0,0,0,0,0,0,0,0,0,0,0,0,0,0,0,0,0,0,0,0,0,0,0,0,0,0,0,0,0.000411222,0.000411096,0.000411087,0.000411112,0.000411082,0.000411032,0.000411076
0,0,0,0,0,0,0,0,0,0,0,0,0,0,0,0,0,0,0,0,0,0,0,0,0,0,0,0,0,0,0,0,0,0,0,0,0,0,0,0,0,0,0.000411141,0.000411077,0.000411131,0.000411128,0.000411062,0.000411122
0,0,0,0,0,0,0,0,0,0,0,0,0,0,0,0,0,0,0,0,0,0,0,0,0,0,0,0,0,0,0,0,0,0,0,0,0,0,0,0,0,0,0,0.000415538,0.000411082,0.000411072,0.000410973,0.000411068
0,0,0,0,0,0,0,0,0,0,0,0,0,0,0,0,0,0,0,0,0,0,0,0,0,0,0,0,0,0,0,0,0,0,0,0,0,0,0,0,0,0,0,0,0.000411064,0.000411043,0.00041097,0.000415059
0,0,0,0,0,0,0,0,0,0,0,0,0,0,0,0,0,0,0,0,0,0,0,0,0,0,0,0,0,0,0,0,0,0,0,0,0,0,0,0,0,0,0,0,0,0.00041109,0.000416757,0.000411112
0,0,0,0,0,0,0,0,0,0,0,0,0,0,0,0,0,0,0,0,0,0,0,0,0,0,0,0,0,0,0,0,0,0,0,0,0,0,0,0,0,0,0,0,0,0,0.000414677,0.000411009
0,0,0,0,0,0,0,0,0,0,0,0,0,0,0,0,0,0,0,0,0,0,0,0,0,0,0,0,0,0,0,0,0,0,0,0,0,0,0,0,0,0,0,0,0,0,0,0.000410995
0,0,0,0,0,0,0,0,0,0,0,0,0,0,0,0,0,0,0,0,0,0,0,0,0,0,0,0,0,0,0,0,0,0,0,0,0,0,0,0,0,0,0,0,0,0,0,0
