# # np.logspace(-2, 2., num = num_time_points)
0,0.000621666,0.000621666,0.000621666,0.000621664,0.000621667,0.000621667,0.000621667,0.000621668,0.000621848,0.000621666,0.000621667,0.000621666,0.000621843,0.000621835,0.000621666,0.000621666,0.000621666,0.000621666,0.000621668,0.000621666,0.000621667,0.000621667,0.000621666,0.000621667,0.000621667,0.000621666,0.000621665,0.000621667,0.000621668,0.000621666,0.000621667,0.000621665,0.000621667,0.000621665,0.000621666,0.000621666,0.000621667,0.000621666,0.000621667,0.000621667,0.000621668,0.000621667,0.000621666,0.000621667,0.000621667,0.000621665,0.000621666
0,0,0.000621776,0.000621665,0.000621753,0.000621804,0.000621666,0.000621666,0.000621667,0.000621774,0.000621665,0.000621665,0.000621784,0.000621664,0.000621663,0.000621665,0.000621665,0.000621664,0.000621665,0.000621666,0.000621665,0.000621665,0.000621666,0.000621665,0.000621665,0.000621665,0.000621665,0.000621664,0.000621665,0.000621666,0.000621664,0.000621665,0.000621663,0.000621665,0.000621664,0.000621665,0.000621665,0.000621666,0.000621665,0.000621666,0.000621666,0.000621666,0.000621665,0.000621665,0.000621666,0.000621665,0.000621762,0.000621665
0,0,0,0.000621664,0.000621745,0.000621665,0.000621852,0.000621848,0.000621666,0.000621766,0.000621791,0.000621665,0.000621664,0.000621663,0.000621753,0.000621665,0.000621664,0.000621664,0.000621664,0.000621666,0.000621664,0.000621665,0.000621665,0.000621664,0.000621665,0.000621665,0.000621664,0.000621663,0.000621665,0.000621666,0.000621664,0.000621665,0.000621663,0.000621665,0.000621663,0.000621664,0.000621664,0.000621665,0.000621664,0.000621665,0.000621665,0.000621666,0.000621665,0.000621664,0.000621666,0.000621665,0.000621663,0.000621664
0,0,0,0,0.000621754,0.000621805,0.000621666,0.000621666,0.000621667,0.000621776,0.000621801,0.000621665,0.000621665,0.000621664,0.000621663,0.000621801,0.000621665,0.000621664,0.000621665,0.000621666,0.000621665,0.000621665,0.000621666,0.000621665,0.000621666,0.000621666,0.000621665,0.000621664,0.000621666,0.000621666,0.000621664,0.000621665,0.000621664,0.000621665,0.000621664,0.000621665,0.000621665,0.000621666,0.000621665,0.000621666,0.000621666,0.000621667,0.000621665,0.000621665,0.000621666,0.000621665,0.000621663,0.000621787
0,0,0,0,0,0.000621663,0.000621829,0.000621826,0.000621664,0.000621743,0.000621663,0.000621789,0.000621753,0.000621738,0.00062173,0.000621768,0.000621663,0.000621662,0.000621662,0.000621664,0.000621662,0.000621663,0.000621663,0.000621662,0.000621663,0.000621663,0.000621662,0.000621662,0.000621663,0.000621664,0.000621662,0.000621663,0.000621661,0.000621663,0.000621661,0.000621663,0.000621663,0.000621663,0.000621663,0.000621663,0.000621663,0.000621664,0.000621663,0.000621663,0.000621664,0.000621663,0.000621661,0.000621662
0,0,0,0,0,0,0.00062188,0.000621667,0.000621974,0.000621665,0.000621666,0.000621666,0.000621665,0.000621664,0.000621781,0.000621666,0.000621666,0.000621665,0.000621665,0.000621667,0.000621665,0.000621666,0.000621666,0.000621665,0.000621666,0.000621666,0.000621665,0.000621665,0.000621666,0.000621667,0.000621665,0.000621666,0.000621664,0.000621666,0.000621665,0.000621666,0.000621666,0.000621666,0.000621666,0.000621666,0.000621666,0.000621667,0.000621666,0.000621666,0.000621667,0.000621666,0.000621664,0.000621665
0,0,0,0,0,0,0,0.000621667,0.000621668,0.000621666,0.000621666,0.000621667,0.000621666,0.000621665,0.000621665,0.000621666,0.000621666,0.000621666,0.000621666,0.000621668,0.000621666,0.000621667,0.000621667,0.000621666,0.000621667,0.000621667,0.000621666,0.000621665,0.000621667,0.000621668,0.000621666,0.000621667,0.000621665,0.000621667,0.000621665,0.000621666,0.000621666,0.000621667,0.000621666,0.000621667,0.000621667,0.000621668,0.000621667,0.000621666,0.000621668,0.000621667,0.000621665,0.000621666
0,0,0,0,0,0,0,0,0.000621668,0.000621666,0.000621666,0.000621667,0.000621666,0.000621841,0.000621665,0.000621666,0.000621666,0.000621666,0.000621666,0.000621668,0.000621666,0.000621667,0.000621667,0.000621666,0.000621667,0.000621667,0.000621666,0.000621665,0.000621667,0.000621668,0.000621666,0.000621667,0.000621665,0.000621667,0.000621665,0.000621666,0.000621666,0.000621667,0.000621666,0.000621667,0.000621667,0.000621668,0.000621667,0.000621666,0.000621667,0.000621667,0.000621665,0.000621666
0,0,0,0,0,0,0,0,0,0.000621666,0.000621667,0.000621667,0.000621666,0.000621939,0.000621665,0.000621667,0.000621667,0.000621666,0.000621667,0.000621668,0.000621667,0.000621667,0.000621668,0.000621667,0.000621668,0.000621667,0.000621667,0.000621666,0.000621667,0.000621668,0.000621666,0.000621667,0.000621666,0.000621667,0.000621666,0.000621667,0.000621667,0.000621668,0.000621667,0.000621668,0.000621668,0.000621669,0.000621667,0.000621667,0.000621668,0.000621667,0.000621665,0.000621667
0,0,0,0,0,0,0,0,0,0,0.000621665,0.000621665,0.000621664,0.000621759,0.000621752,0.000621664,0.000621664,0.000621664,0.000621664,0.000621666,0.000621664,0.000621665,0.000621665,0.000621664,0.000621665,0.000621665,0.000621664,0.000621663,0.000621665,0.000621666,0.000621664,0.000621665,0.000621663,0.000621665,0.000621663,0.000621664,0.000621664,0.000621665,0.000621664,0.000621665,0.000621665,0.000621666,0.000621665,0.000621664,0.000621666,0.000621665,0.000621663,0.000621664
0,0,0,0,0,0,0,0,0,0,0,0.000621666,0.0006218,0.000621784,0.000621664,0.000621815,0.000621665,0.000621665,0.000621665,0.000621667,0.000621665,0.000621666,0.000621666,0.000621665,0.000621666,0.000621666,0.000621665,0.000621664,0.000621666,0.000621667,0.000621665,0.000621666,0.000621664,0.000621666,0.000621664,0.000621665,0.000621665,0.000621666,0.000621665,0.000621666,0.000621666,0.000621667,0.000621666,0.000621665,0.000621667,0.000621666,0.000621664,0.000621665
0,0,0,0,0,0,0,0,0,0,0,0,0.00062182,0.000621665,0.000621798,0.000621835,0.000621666,0.000621665,0.000621666,0.000621667,0.000621666,0.000621666,0.000621666,0.000621665,0.000621666,0.000621666,0.000621666,0.000621665,0.000621666,0.000621667,0.000621665,0.000621666,0.000621664,0.000621666,0.000621665,0.000621666,0.000621666,0.000621666,0.000621666,0.000621667,0.000621667,0.000621667,0.000621666,0.000621666,0.000621667,0.000621666,0.000621664,0.000621666
0,0,0,0,0,0,0,0,0,0,0,0,0,0.000621769,0.000621762,0.000621665,0.000621665,0.000621664,0.000621665,0.000621666,0.000621665,0.000621665,0.000621665,0.000621665,0.000621665,0.000621665,0.000621665,0.000621664,0.000621665,0.000621666,0.000621664,0.000621665,0.000621663,0.000621665,0.000621664,0.000621665,0.000621665,0.000621666,0.000621665,0.000621666,0.000621666,0.000621666,0.000621665,0.000621665,0.000621666,0.000621665,0.000621663,0.000621665
0,0,0,0,0,0,0,0,0,0,0,0,0,0,0.000621746,0.000621664,0.000621664,0.000621664,0.000621664,0.000621665,0.000621664,0.000621664,0.000621665,0.000621664,0.000621665,0.000621665,0.000621664,0.000621663,0.000621665,0.000621665,0.000621663,0.000621664,0.000621663,0.000621664,0.000621663,0.000621664,0.000621664,0.000621665,0.000621664,0.000621665,0.000621665,0.000621666,0.000621664,0.000621664,0.000621665,0.000621664,0.000621662,0.000621664
0,0,0,0,0,0,0,0,0,0,0,0,0,0,0,0.000621777,0.000621663,0.000621663,0.000621663,0.000621665,0.000621663,0.000621664,0.000621664,0.000621663,0.000621664,0.000621664,0.000621663,0.000621662,0.000621664,0.000621665,0.000621663,0.000621664,0.000621662,0.000621664,0.000621662,0.000621663,0.000621663,0.000621664,0.000621663,0.000621664,0.000621664,0.000621665,0.000621664,0.000621663,0.000621665,0.000621664,0.000621662,0.000621663
0,0,0,0,0,0,0,0,0,0,0,0,0,0,0,0,0.000621665,0.000621665,0.000621665,0.000621667,0.000621665,0.000621665,0.000621666,0.000621665,0.000621666,0.000621666,0.000621665,0.000621664,0.000621666,0.000621667,0.000621665,0.000621666,0.000621664,0.000621666,0.000621664,0.000621665,0.000621665,0.000621666,0.000621665,0.000621666,0.000621666,0.000621667,0.000621666,0.000621665,0.000621666,0.000621666,0.000621664,0.000621665
0,0,0,0,0,0,0,0,0,0,0,0,0,0,0,0,0,0.000621665,0.000621791,0.000621871,0.000621665,0.000621665,0.000621666,0.00062179,0.000621666,0.000621808,0.000621665,0.000621771,0.000621666,0.000621667,0.000621665,0.000621805,0.000621664,0.000621665,0.000621664,0.000621665,0.000621665,0.000621666,0.000621665,0.000621666,0.000621666,0.000621667,0.000621666,0.000621665,0.000621666,0.000621665,0.000621664,0.000621665
0,0,0,0,0,0,0,0,0,0,0,0,0,0,0,0,0,0,0.000621665,0.000621666,0.000621777,0.000621792,0.000621665,0.000621665,0.000621815,0.000621797,0.000621665,0.00062176,0.000621796,0.000621666,0.000621768,0.000621665,0.000621663,0.000621665,0.000621664,0.000621665,0.000621665,0.000621665,0.000621665,0.000621666,0.000621666,0.000621666,0.000621665,0.000621665,0.000621666,0.000621665,0.000621663,0.000621665
0,0,0,0,0,0,0,0,0,0,0,0,0,0,0,0,0,0,0,0.000621666,0.000621789,0.000621665,0.000621666,0.000621665,0.000621827,0.000621666,0.000621665,0.000621664,0.000621666,0.000621871,0.000621779,0.000621805,0.000621664,0.000621665,0.000621664,0.000621665,0.000621665,0.000621666,0.000621665,0.000621666,0.000621666,0.000621667,0.000621665,0.000621665,0.000621666,0.000621665,0.000621663,0.000621665
0,0,0,0,0,0,0,0,0,0,0,0,0,0,0,0,0,0,0,0,0.000621666,0.000621667,0.000621667,0.000621666,0.000621667,0.000621888,0.000621666,0.000621666,0.000621887,0.000621668,0.000621666,0.000621667,0.000621665,0.000621667,0.000621666,0.000621667,0.000621667,0.000621667,0.000621667,0.000621667,0.000621667,0.000621668,0.000621667,0.000621667,0.000621668,0.000621667,0.000621665,0.000621666
0,0,0,0,0,0,0,0,0,0,0,0,0,0,0,0,0,0,0,0,0,0.000621665,0.000621666,0.000621665,0.000621666,0.000621666,0.000621788,0.000621769,0.000621666,0.000621666,0.000621777,0.000621803,0.000621664,0.000621665,0.000621664,0.000621665,0.000621665,0.000621666,0.000621665,0.000621666,0.000621666,0.000621667,0.000621665,0.000621665,0.000621666,0.000621665,0.000621664,0.000621665
0,0,0,0,0,0,0,0,0,0,0,0,0,0,0,0,0,0,0,0,0,0,0.000621666,0.000621803,0.000621666,0.000621666,0.000621803,0.000621784,0.000621666,0.000621667,0.000621665,0.000621817,0.000621664,0.000621666,0.000621664,0.000621665,0.000621665,0.000621666,0.000621665,0.000621666,0.000621666,0.000621667,0.000621666,0.000621665,0.000621667,0.000621666,0.000621664,0.000621665
0,0,0,0,0,0,0,0,0,0,0,0,0,0,0,0,0,0,0,0,0,0,0,0.000621824,0.000621667,0.000621666,0.000621825,0.000621806,0.000621666,0.000621667,0.000621813,0.000621666,0.000621665,0.000621666,0.000621665,0.000621666,0.000621666,0.000621667,0.000621666,0.000621667,0.000621667,0.000621668,0.000621666,0.000621666,0.000621667,0.000621666,0.000621664,0.000621666
0,0,0,0,0,0,0,0,0,0,0,0,0,0,0,0,0,0,0,0,0,0,0,0,0.000621825,0.000621666,0.000621665,0.000621771,0.000621666,0.000621666,0.000621778,0.000621665,0.000621664,0.000621665,0.000621664,0.000621665,0.000621665,0.000621666,0.000621665,0.000621666,0.000621666,0.000621667,0.000621665,0.000621665,0.000621666,0.000621665,0.000621663,0.000621665
0,0,0,0,0,0,0,0,0,0,0,0,0,0,0,0,0,0,0,0,0,0,0,0,0,0.000621666,0.000621826,0.000621665,0.000621666,0.000621667,0.000621665,0.000621666,0.000621665,0.000621666,0.000621665,0.000621666,0.000621666,0.000621667,0.000621666,0.000621667,0.000621667,0.000621668,0.000621666,0.000621666,0.000621667,0.000621666,0.000621664,0.000621666
0,0,0,0,0,0,0,0,0,0,0,0,0,0,0,0,0,0,0,0,0,0,0,0,0,0,0.000621666,0.000621665,0.000621666,0.000621888,0.000621665,0.000621822,0.000621664,0.000621666,0.000621665,0.000621666,0.000621666,0.000621667,0.000621666,0.000621667,0.000621667,0.000621667,0.000621666,0.000621666,0.000621667,0.000621666,0.000621664,0.000621666
0,0,0,0,0,0,0,0,0,0,0,0,0,0,0,0,0,0,0,0,0,0,0,0,0,0,0,0.000621771,0.000621807,0.000621666,0.000621665,0.000621665,0.000621664,0.000621665,0.000621664,0.000621665,0.000621665,0.000621666,0.000621665,0.000621666,0.000621666,0.000621667,0.000621665,0.000621665,0.000621666,0.000621665,0.000621663,0.000621665
0,0,0,0,0,0,0,0,0,0,0,0,0,0,0,0,0,0,0,0,0,0,0,0,0,0,0,0,0.000621665,0.000621665,0.000621664,0.000621664,0.000621663,0.000621664,0.000621663,0.000621769,0.000621664,0.000621665,0.000621664,0.000621665,0.000621665,0.000621666,0.000621665,0.000621664,0.000621665,0.000621664,0.000621663,0.000621664
0,0,0,0,0,0,0,0,0,0,0,0,0,0,0,0,0,0,0,0,0,0,0,0,0,0,0,0,0,0.000621887,0.000621795,0.000621666,0.000621664,0.000621666,0.000621665,0.000621666,0.000621666,0.000621667,0.000621666,0.000621667,0.000621667,0.000621667,0.000621666,0.000621666,0.000621667,0.000621666,0.000621664,0.000621666
0,0,0,0,0,0,0,0,0,0,0,0,0,0,0,0,0,0,0,0,0,0,0,0,0,0,0,0,0,0,0.000621666,0.000621667,0.000621665,0.000621667,0.000621665,0.000621666,0.000621666,0.000621667,0.000621667,0.000621667,0.000621667,0.000621668,0.000621667,0.000621666,0.000621668,0.000621667,0.000621665,0.000621666
0,0,0,0,0,0,0,0,0,0,0,0,0,0,0,0,0,0,0,0,0,0,0,0,0,0,0,0,0,0,0,0.000621665,0.000621663,0.000621665,0.000621664,0.000621665,0.000621665,0.000621665,0.000621665,0.000621665,0.000621665,0.000621666,0.000621665,0.000621665,0.000621666,0.000621665,0.000621754,0.000621664
0,0,0,0,0,0,0,0,0,0,0,0,0,0,0,0,0,0,0,0,0,0,0,0,0,0,0,0,0,0,0,0,0.000621664,0.000621666,0.000621664,0.000621665,0.000621665,0.000621666,0.000621665,0.000621666,0.000621666,0.000621667,0.000621666,0.000621665,0.000621667,0.000621666,0.000621664,0.000621665
0,0,0,0,0,0,0,0,0,0,0,0,0,0,0,0,0,0,0,0,0,0,0,0,0,0,0,0,0,0,0,0,0,0.000621664,0.000621746,0.000621763,0.000621664,0.000621665,0.000621766,0.000621665,0.000621802,0.000621666,0.000621779,0.000621764,0.00062184,0.000621777,0.000621662,0.000621765
0,0,0,0,0,0,0,0,0,0,0,0,0,0,0,0,0,0,0,0,0,0,0,0,0,0,0,0,0,0,0,0,0,0,0.000621784,0.000621665,0.000621665,0.000621842,0.000621665,0.000621666,0.000621666,0.000621667,0.000621816,0.000621665,0.000621667,0.000621666,0.000621779,0.000621802
0,0,0,0,0,0,0,0,0,0,0,0,0,0,0,0,0,0,0,0,0,0,0,0,0,0,0,0,0,0,0,0,0,0,0,0.000621768,0.000621772,0.000621665,0.000621664,0.000621806,0.000621665,0.000621666,0.000621665,0.000621769,0.000621665,0.000621782,0.000621746,0.000621664
0,0,0,0,0,0,0,0,0,0,0,0,0,0,0,0,0,0,0,0,0,0,0,0,0,0,0,0,0,0,0,0,0,0,0,0,0.000621665,0.000621666,0.000621665,0.000621666,0.000621666,0.000621667,0.000621801,0.000621787,0.000621666,0.000621799,0.000621664,0.000621665
0,0,0,0,0,0,0,0,0,0,0,0,0,0,0,0,0,0,0,0,0,0,0,0,0,0,0,0,0,0,0,0,0,0,0,0,0,0.000621666,0.000621792,0.000621666,0.000621828,0.000621961,0.000621805,0.000621665,0.000621666,0.000621803,0.000621664,0.000621665
0,0,0,0,0,0,0,0,0,0,0,0,0,0,0,0,0,0,0,0,0,0,0,0,0,0,0,0,0,0,0,0,0,0,0,0,0,0,0.000621666,0.000621667,0.000621667,0.000621668,0.000621666,0.000621666,0.000621903,0.000621666,0.000621804,0.000621827
0,0,0,0,0,0,0,0,0,0,0,0,0,0,0,0,0,0,0,0,0,0,0,0,0,0,0,0,0,0,0,0,0,0,0,0,0,0,0,0.000621666,0.000621827,0.00062196,0.000621666,0.000621665,0.000621666,0.000621666,0.000621766,0.000621789
0,0,0,0,0,0,0,0,0,0,0,0,0,0,0,0,0,0,0,0,0,0,0,0,0,0,0,0,0,0,0,0,0,0,0,0,0,0,0,0,0.000621862,0.000621668,0.000621666,0.000621824,0.000621667,0.000621666,0.000621801,0.000621666
0,0,0,0,0,0,0,0,0,0,0,0,0,0,0,0,0,0,0,0,0,0,0,0,0,0,0,0,0,0,0,0,0,0,0,0,0,0,0,0,0,0.000621668,0.000621666,0.000621666,0.000621667,0.000621666,0.000621664,0.000621666
0,0,0,0,0,0,0,0,0,0,0,0,0,0,0,0,0,0,0,0,0,0,0,0,0,0,0,0,0,0,0,0,0,0,0,0,0,0,0,0,0,0,0.000621667,0.000621667,0.000621668,0.000621667,0.000621665,0.000621667
0,0,0,0,0,0,0,0,0,0,0,0,0,0,0,0,0,0,0,0,0,0,0,0,0,0,0,0,0,0,0,0,0,0,0,0,0,0,0,0,0,0,0,0.000621802,0.000621667,0.000621666,0.000621664,0.000621665
0,0,0,0,0,0,0,0,0,0,0,0,0,0,0,0,0,0,0,0,0,0,0,0,0,0,0,0,0,0,0,0,0,0,0,0,0,0,0,0,0,0,0,0,0.000621666,0.000621665,0.000621664,0.000621788
0,0,0,0,0,0,0,0,0,0,0,0,0,0,0,0,0,0,0,0,0,0,0,0,0,0,0,0,0,0,0,0,0,0,0,0,0,0,0,0,0,0,0,0,0,0.000621667,0.00062184,0.000621666
0,0,0,0,0,0,0,0,0,0,0,0,0,0,0,0,0,0,0,0,0,0,0,0,0,0,0,0,0,0,0,0,0,0,0,0,0,0,0,0,0,0,0,0,0,0,0.000621777,0.000621665
0,0,0,0,0,0,0,0,0,0,0,0,0,0,0,0,0,0,0,0,0,0,0,0,0,0,0,0,0,0,0,0,0,0,0,0,0,0,0,0,0,0,0,0,0,0,0,0.000621664
0,0,0,0,0,0,0,0,0,0,0,0,0,0,0,0,0,0,0,0,0,0,0,0,0,0,0,0,0,0,0,0,0,0,0,0,0,0,0,0,0,0,0,0,0,0,0,0
