# # np.logspace(-2, 2., num = num_time_points)
0,0.000522462,0.000522463,0.000522467,0.000522427,0.000522487,0.000522488,0.000522492,0.000522513,0.00052578,0.000522474,0.000522479,0.000522465,0.000525683,0.000525546,0.000522472,0.000522468,0.000522457,0.000522467,0.000522498,0.000522463,0.00052247,0.000522479,0.000522464,0.000522479,0.000522484,0.000522466,0.000522445,0.000522483,0.000522498,0.000522454,0.000522473,0.00052244,0.000522472,0.000522444,0.000522464,0.000522471,0.000522486,0.00052247,0.000522483,0.000522484,0.000522503,0.000522473,0.000522465,0.00052249,0.000522469,0.000522436,0.000522464
0,0,0.000524464,0.000522443,0.00052405,0.000524981,0.000522477,0.000522465,0.000522487,0.000524438,0.000522448,0.000522453,0.000524617,0.000522426,0.000522416,0.00052244,0.000522439,0.000522428,0.000522438,0.000522469,0.000522433,0.000522441,0.000522449,0.000522434,0.00052245,0.000522455,0.000522437,0.000522415,0.000522453,0.000522468,0.000522427,0.000522443,0.000522411,0.000522446,0.000522417,0.000522434,0.000522442,0.00052246,0.000522444,0.000522458,0.000522455,0.000522474,0.000522444,0.000522435,0.000522466,0.000522443,0.000524218,0.000522435
0,0,0,0.000522439,0.000523914,0.000522467,0.000525842,0.00052578,0.000522471,0.000524293,0.00052475,0.000522448,0.000522437,0.000522433,0.000524055,0.000522445,0.000522436,0.000522425,0.000522435,0.000522466,0.000522431,0.000522438,0.000522447,0.000522432,0.000522447,0.000522452,0.000522434,0.000522413,0.000522451,0.000522465,0.000522421,0.000522441,0.000522408,0.000522439,0.000522412,0.000522431,0.000522439,0.000522454,0.000522438,0.000522451,0.000522452,0.000522471,0.000522441,0.000522432,0.000522458,0.000522437,0.000522407,0.000522432
0,0,0,0,0.000524077,0.00052501,0.000522476,0.000522464,0.000522491,0.000524464,0.000524932,0.000522459,0.000522439,0.000522432,0.000522419,0.000524926,0.000522444,0.000522433,0.000522443,0.000522474,0.000522438,0.000522446,0.000522454,0.000522439,0.000522455,0.00052246,0.000522442,0.00052242,0.000522458,0.000522473,0.000522429,0.000522448,0.000522419,0.000522452,0.000522419,0.000522439,0.000522447,0.000522467,0.00052245,0.000522459,0.00052246,0.000522478,0.000522449,0.000522445,0.000522466,0.000522445,0.000522411,0.000524679
0,0,0,0,0,0.000522429,0.000525426,0.000525369,0.000522438,0.00052388,0.000522415,0.000524712,0.000524063,0.000523783,0.000523649,0.000524336,0.000522396,0.000522385,0.000522395,0.000522426,0.000522391,0.000522398,0.000522407,0.000522392,0.000522407,0.000522412,0.000522394,0.000522373,0.000522411,0.000522425,0.000522382,0.000522401,0.000522368,0.0005224,0.000522372,0.000522391,0.000522399,0.000522414,0.000522398,0.000522411,0.000522412,0.000522431,0.000522401,0.000522393,0.000522418,0.000522397,0.000522366,0.000522396
0,0,0,0,0,0,0.00052636,0.000522482,0.000528044,0.000522458,0.000522471,0.000522475,0.00052246,0.00052246,0.000524573,0.000522472,0.000522465,0.000522454,0.000522464,0.000522495,0.000522459,0.000522467,0.000522475,0.00052246,0.000522476,0.000522481,0.000522463,0.000522441,0.000522479,0.000522494,0.00052245,0.000522469,0.000522437,0.000522468,0.00052244,0.00052246,0.000522468,0.000522483,0.000522467,0.00052248,0.000522481,0.000522499,0.00052247,0.000522461,0.000522487,0.000522466,0.000522437,0.000522466
0,0,0,0,0,0,0,0.000522501,0.000522522,0.000522461,0.000522478,0.000522481,0.000522462,0.000522453,0.000522449,0.000522473,0.000522471,0.00052246,0.00052247,0.000522501,0.000522465,0.000522473,0.000522481,0.000522466,0.000522482,0.000522487,0.000522469,0.000522447,0.000522485,0.0005225,0.000522456,0.000522475,0.000522443,0.000522474,0.000522446,0.000522466,0.000522474,0.000522489,0.000522473,0.000522486,0.000522487,0.000522506,0.000522476,0.000522467,0.000522493,0.000522472,0.000522439,0.000522467
0,0,0,0,0,0,0,0,0.000522512,0.000522462,0.00052248,0.000522478,0.000522464,0.000525657,0.000522442,0.00052247,0.000522468,0.000522457,0.000522466,0.000522498,0.000522462,0.00052247,0.000522478,0.000522463,0.000522479,0.000522484,0.000522466,0.000522444,0.000522482,0.000522497,0.000522453,0.000522472,0.00052244,0.000522471,0.000522443,0.000522463,0.000522471,0.000522485,0.00052247,0.000522483,0.000522484,0.000522502,0.000522473,0.000522464,0.00052249,0.000522469,0.000522435,0.000522464
0,0,0,0,0,0,0,0,0,0.000522474,0.000522494,0.000522491,0.000522481,0.000527398,0.000522466,0.000522484,0.000522486,0.000522474,0.000522484,0.000522515,0.00052248,0.000522488,0.000522496,0.000522481,0.000522497,0.000522502,0.000522484,0.000522462,0.0005225,0.000522515,0.000522471,0.00052249,0.000522457,0.000522489,0.000522461,0.000522481,0.000522489,0.000522503,0.000522487,0.0005225,0.000522502,0.00052252,0.00052249,0.000522482,0.000522508,0.000522487,0.000522453,0.000522482
0,0,0,0,0,0,0,0,0,0,0.000522444,0.000522444,0.000522431,0.000524173,0.000524038,0.00052244,0.000522432,0.00052242,0.00052243,0.000522461,0.000522426,0.000522434,0.000522442,0.000522427,0.000522443,0.000522448,0.000522429,0.000522408,0.000522446,0.000522461,0.000522417,0.000522436,0.000522403,0.000522435,0.000522407,0.000522427,0.000522435,0.000522449,0.000522433,0.000522446,0.000522447,0.000522466,0.000522436,0.000522428,0.000522454,0.000522433,0.000522402,0.000522432
0,0,0,0,0,0,0,0,0,0,0,0.000522471,0.00052491,0.000524631,0.000522428,0.000525184,0.000522451,0.00052244,0.00052245,0.000522481,0.000522446,0.000522453,0.000522462,0.000522447,0.000522462,0.000522467,0.000522449,0.000522428,0.000522466,0.00052248,0.000522437,0.000522456,0.000522423,0.000522455,0.000522427,0.000522447,0.000522454,0.000522469,0.000522453,0.000522466,0.000522467,0.000522486,0.000522456,0.000522448,0.000522473,0.000522452,0.000522419,0.000522452
0,0,0,0,0,0,0,0,0,0,0,0,0.00052528,0.000522446,0.000524869,0.000525553,0.000522457,0.000522446,0.000522456,0.000522487,0.000522451,0.000522459,0.000522467,0.000522452,0.000522468,0.000522473,0.000522455,0.000522433,0.000522471,0.000522486,0.000522442,0.000522461,0.000522429,0.00052246,0.000522432,0.000522452,0.00052246,0.000522475,0.000522459,0.000522472,0.000522473,0.000522492,0.000522462,0.000522453,0.000522479,0.000522458,0.000522424,0.000522453
0,0,0,0,0,0,0,0,0,0,0,0,0,0.000524354,0.000524217,0.000522456,0.000522439,0.000522427,0.000522437,0.000522468,0.000522433,0.00052244,0.000522449,0.000522434,0.00052245,0.000522454,0.000522436,0.000522415,0.000522453,0.000522468,0.000522424,0.000522443,0.00052241,0.000522442,0.000522414,0.000522434,0.000522442,0.000522456,0.00052244,0.000522453,0.000522454,0.000522473,0.000522443,0.000522435,0.00052246,0.000522439,0.000522409,0.000522434
0,0,0,0,0,0,0,0,0,0,0,0,0,0,0.000523941,0.000522438,0.00052243,0.000522418,0.000522428,0.000522459,0.000522424,0.000522431,0.00052244,0.000522425,0.000522441,0.000522445,0.000522427,0.000522406,0.000522444,0.000522459,0.000522415,0.000522434,0.000522401,0.000522433,0.000522405,0.000522425,0.000522433,0.000522447,0.000522431,0.000522444,0.000522445,0.000522464,0.000522434,0.000522426,0.000522451,0.00052243,0.000522397,0.000522425
0,0,0,0,0,0,0,0,0,0,0,0,0,0,0,0.000524489,0.000522413,0.000522401,0.000522411,0.000522442,0.000522407,0.000522415,0.000522423,0.000522408,0.000522424,0.000522429,0.00052241,0.000522389,0.000522427,0.000522442,0.000522398,0.000522417,0.000522384,0.000522416,0.000522388,0.000522408,0.000522416,0.00052243,0.000522414,0.000522427,0.000522428,0.000522447,0.000522417,0.000522409,0.000522435,0.000522414,0.00052238,0.000522409
0,0,0,0,0,0,0,0,0,0,0,0,0,0,0,0,0.00052245,0.000522438,0.000522448,0.000522479,0.000522444,0.000522452,0.00052246,0.000522445,0.000522461,0.000522466,0.000522447,0.000522426,0.000522464,0.000522479,0.000522435,0.000522454,0.000522421,0.000522453,0.000522425,0.000522445,0.000522453,0.000522467,0.000522451,0.000522464,0.000522465,0.000522484,0.000522454,0.000522446,0.000522472,0.000522451,0.000522417,0.000522451
0,0,0,0,0,0,0,0,0,0,0,0,0,0,0,0,0,0.000522449,0.000524754,0.000526198,0.000522459,0.000522469,0.000522472,0.00052473,0.000522475,0.000525075,0.000522453,0.000524389,0.000522477,0.000522498,0.000522445,0.000525009,0.000522423,0.000522455,0.000522427,0.00052245,0.000522455,0.000522469,0.000522453,0.000522466,0.000522467,0.000522486,0.000522456,0.000522448,0.000522473,0.000522452,0.000522419,0.000522447
0,0,0,0,0,0,0,0,0,0,0,0,0,0,0,0,0,0,0.000522453,0.000522488,0.000524501,0.000524766,0.000522459,0.000522454,0.00052518,0.000524851,0.000522462,0.000524187,0.000524838,0.000522487,0.000524325,0.000522461,0.000522412,0.000522443,0.000522416,0.000522438,0.000522443,0.000522458,0.000522442,0.000522455,0.000522456,0.000522475,0.000522445,0.000522436,0.000522462,0.000522441,0.00052241,0.000522436
0,0,0,0,0,0,0,0,0,0,0,0,0,0,0,0,0,0,0,0.000522487,0.000524716,0.000522458,0.000522465,0.000522461,0.000525392,0.000522489,0.000522459,0.000522434,0.00052248,0.000526196,0.000524533,0.000525015,0.000522422,0.000522453,0.000522425,0.000522445,0.000522453,0.000522468,0.000522452,0.000522465,0.000522466,0.000522484,0.000522455,0.000522446,0.000522472,0.000522451,0.000522421,0.000522446
0,0,0,0,0,0,0,0,0,0,0,0,0,0,0,0,0,0,0,0,0.000522476,0.000522483,0.000522492,0.000522484,0.000522492,0.000526513,0.000522488,0.000522464,0.000526488,0.000522536,0.000522475,0.000522504,0.000522453,0.000522484,0.000522457,0.000522476,0.000522484,0.000522499,0.000522483,0.000522496,0.000522497,0.000522516,0.000522486,0.000522477,0.000522503,0.000522482,0.000522449,0.000522477
0,0,0,0,0,0,0,0,0,0,0,0,0,0,0,0,0,0,0,0,0,0.000522467,0.000522471,0.000522448,0.000522474,0.000522472,0.000524701,0.000524352,0.000522474,0.000522483,0.000524489,0.000524962,0.000522418,0.000522449,0.000522421,0.000522444,0.000522449,0.000522463,0.000522448,0.000522461,0.000522462,0.00052248,0.00052245,0.000522442,0.000522468,0.000522447,0.000522416,0.000522442
0,0,0,0,0,0,0,0,0,0,0,0,0,0,0,0,0,0,0,0,0,0,0.000522481,0.000524958,0.000522483,0.000522481,0.00052497,0.000524626,0.000522478,0.000522483,0.000522447,0.000525225,0.000522425,0.000522457,0.000522429,0.000522452,0.000522456,0.000522471,0.000522455,0.000522468,0.000522469,0.000522488,0.000522458,0.00052245,0.000522475,0.000522454,0.000522421,0.000522449
0,0,0,0,0,0,0,0,0,0,0,0,0,0,0,0,0,0,0,0,0,0,0,0.000525359,0.000522487,0.000522478,0.000525366,0.000525019,0.000522488,0.000522491,0.000525151,0.000522466,0.000522434,0.000522465,0.000522437,0.000522461,0.000522465,0.000522479,0.000522464,0.000522477,0.000522478,0.000522496,0.000522467,0.000522458,0.000522484,0.000522463,0.000522433,0.000522458
0,0,0,0,0,0,0,0,0,0,0,0,0,0,0,0,0,0,0,0,0,0,0,0,0.000525371,0.000522468,0.000522467,0.000524386,0.000522466,0.000522476,0.000524514,0.000522462,0.000522418,0.00052245,0.000522422,0.000522445,0.00052245,0.000522464,0.000522448,0.000522462,0.000522463,0.000522481,0.000522451,0.000522443,0.000522469,0.000522448,0.000522417,0.000522443
0,0,0,0,0,0,0,0,0,0,0,0,0,0,0,0,0,0,0,0,0,0,0,0,0,0.000522484,0.000525383,0.000522454,0.000522489,0.000522501,0.000522464,0.000522473,0.000522434,0.000522466,0.000522438,0.000522458,0.000522466,0.00052248,0.000522464,0.000522477,0.000522478,0.000522497,0.000522467,0.000522459,0.000522484,0.000522463,0.00052243,0.000522458
0,0,0,0,0,0,0,0,0,0,0,0,0,0,0,0,0,0,0,0,0,0,0,0,0,0,0.000522465,0.000522452,0.000522511,0.000526505,0.000522457,0.00052532,0.000522439,0.000522471,0.000522443,0.000522462,0.00052247,0.000522485,0.000522469,0.000522482,0.000522483,0.000522502,0.000522472,0.000522464,0.000522489,0.000522468,0.000522435,0.000522463
0,0,0,0,0,0,0,0,0,0,0,0,0,0,0,0,0,0,0,0,0,0,0,0,0,0,0,0.000524398,0.000525038,0.000522488,0.00052245,0.000522465,0.000522421,0.000522452,0.000522425,0.000522448,0.000522452,0.000522467,0.000522451,0.000522464,0.000522465,0.000522484,0.000522454,0.000522446,0.000522471,0.00052245,0.000522417,0.000522445
0,0,0,0,0,0,0,0,0,0,0,0,0,0,0,0,0,0,0,0,0,0,0,0,0,0,0,0,0.000522451,0.000522457,0.000522428,0.000522446,0.000522403,0.000522431,0.000522406,0.000524338,0.000522431,0.000522445,0.000522429,0.000522443,0.000522444,0.000522462,0.000522437,0.000522428,0.00052245,0.000522433,0.000522395,0.000522424
0,0,0,0,0,0,0,0,0,0,0,0,0,0,0,0,0,0,0,0,0,0,0,0,0,0,0,0,0,0.000526488,0.000524825,0.00052247,0.000522438,0.000522469,0.000522441,0.000522461,0.000522469,0.000522483,0.000522468,0.000522481,0.000522482,0.0005225,0.00052247,0.000522462,0.000522488,0.000522467,0.000522437,0.000522462
0,0,0,0,0,0,0,0,0,0,0,0,0,0,0,0,0,0,0,0,0,0,0,0,0,0,0,0,0,0,0.000522482,0.000522503,0.000522452,0.000522484,0.000522456,0.000522476,0.000522484,0.000522498,0.000522482,0.000522495,0.000522496,0.000522515,0.000522485,0.000522477,0.000522502,0.000522481,0.000522448,0.000522477
0,0,0,0,0,0,0,0,0,0,0,0,0,0,0,0,0,0,0,0,0,0,0,0,0,0,0,0,0,0,0,0.000522451,0.000522408,0.000522443,0.000522414,0.000522432,0.00052244,0.000522458,0.000522441,0.000522455,0.000522453,0.000522471,0.000522441,0.000522433,0.000522463,0.000522441,0.000524066,0.000522433
0,0,0,0,0,0,0,0,0,0,0,0,0,0,0,0,0,0,0,0,0,0,0,0,0,0,0,0,0,0,0,0,0.000522427,0.000522459,0.000522431,0.000522451,0.000522459,0.000522473,0.000522457,0.000522471,0.000522472,0.00052249,0.00052246,0.000522452,0.000522478,0.000522457,0.000522423,0.000522452
0,0,0,0,0,0,0,0,0,0,0,0,0,0,0,0,0,0,0,0,0,0,0,0,0,0,0,0,0,0,0,0,0,0.000522439,0.000523933,0.000524254,0.000522448,0.000522456,0.000524295,0.000522454,0.000524952,0.000522468,0.000524526,0.000524268,0.000525623,0.000524487,0.000522405,0.000524271
0,0,0,0,0,0,0,0,0,0,0,0,0,0,0,0,0,0,0,0,0,0,0,0,0,0,0,0,0,0,0,0,0,0,0.000524615,0.000522459,0.000522468,0.000525678,0.000522465,0.000522478,0.000522471,0.000522489,0.000525207,0.000522466,0.000522494,0.000522463,0.00052453,0.00052496
0,0,0,0,0,0,0,0,0,0,0,0,0,0,0,0,0,0,0,0,0,0,0,0,0,0,0,0,0,0,0,0,0,0,0,0.00052434,0.000524406,0.000522454,0.000522438,0.000525023,0.000522459,0.000522472,0.000522453,0.000524357,0.000522457,0.000524585,0.000523934,0.000522434
0,0,0,0,0,0,0,0,0,0,0,0,0,0,0,0,0,0,0,0,0,0,0,0,0,0,0,0,0,0,0,0,0,0,0,0,0.000522464,0.000522464,0.000522451,0.000522471,0.000522466,0.000522481,0.000524932,0.000524672,0.000522473,0.000524893,0.000522421,0.00052245
0,0,0,0,0,0,0,0,0,0,0,0,0,0,0,0,0,0,0,0,0,0,0,0,0,0,0,0,0,0,0,0,0,0,0,0,0,0.000522472,0.000524786,0.000522483,0.000525431,0.000527804,0.000524996,0.00052246,0.000522476,0.000524962,0.000522433,0.000522455
0,0,0,0,0,0,0,0,0,0,0,0,0,0,0,0,0,0,0,0,0,0,0,0,0,0,0,0,0,0,0,0,0,0,0,0,0,0,0.000522481,0.000522489,0.000522485,0.000522503,0.000522481,0.000522471,0.000526773,0.000522474,0.000524993,0.000525416
0,0,0,0,0,0,0,0,0,0,0,0,0,0,0,0,0,0,0,0,0,0,0,0,0,0,0,0,0,0,0,0,0,0,0,0,0,0,0,0.000522481,0.00052541,0.000527779,0.000522466,0.000522457,0.000522485,0.000522466,0.000524285,0.00052472
0,0,0,0,0,0,0,0,0,0,0,0,0,0,0,0,0,0,0,0,0,0,0,0,0,0,0,0,0,0,0,0,0,0,0,0,0,0,0,0,0.000526037,0.000522501,0.000522477,0.000525349,0.000522494,0.000522476,0.000524926,0.000522468
0,0,0,0,0,0,0,0,0,0,0,0,0,0,0,0,0,0,0,0,0,0,0,0,0,0,0,0,0,0,0,0,0,0,0,0,0,0,0,0,0,0.000522526,0.000522483,0.000522476,0.000522495,0.000522479,0.000522447,0.000522473
0,0,0,0,0,0,0,0,0,0,0,0,0,0,0,0,0,0,0,0,0,0,0,0,0,0,0,0,0,0,0,0,0,0,0,0,0,0,0,0,0,0,0.000522502,0.000522482,0.000522508,0.000522498,0.000522463,0.000522493
0,0,0,0,0,0,0,0,0,0,0,0,0,0,0,0,0,0,0,0,0,0,0,0,0,0,0,0,0,0,0,0,0,0,0,0,0,0,0,0,0,0,0,0.000524948,0.000522483,0.000522472,0.000522429,0.000522466
0,0,0,0,0,0,0,0,0,0,0,0,0,0,0,0,0,0,0,0,0,0,0,0,0,0,0,0,0,0,0,0,0,0,0,0,0,0,0,0,0,0,0,0,0.000522474,0.00052246,0.000522424,0.000524688
0,0,0,0,0,0,0,0,0,0,0,0,0,0,0,0,0,0,0,0,0,0,0,0,0,0,0,0,0,0,0,0,0,0,0,0,0,0,0,0,0,0,0,0,0,0.000522484,0.000525631,0.000522485
0,0,0,0,0,0,0,0,0,0,0,0,0,0,0,0,0,0,0,0,0,0,0,0,0,0,0,0,0,0,0,0,0,0,0,0,0,0,0,0,0,0,0,0,0,0,0.000524482,0.000522452
0,0,0,0,0,0,0,0,0,0,0,0,0,0,0,0,0,0,0,0,0,0,0,0,0,0,0,0,0,0,0,0,0,0,0,0,0,0,0,0,0,0,0,0,0,0,0,0.000522429
0,0,0,0,0,0,0,0,0,0,0,0,0,0,0,0,0,0,0,0,0,0,0,0,0,0,0,0,0,0,0,0,0,0,0,0,0,0,0,0,0,0,0,0,0,0,0,0
