# # np.logspace(-2, 2., num = num_time_points)
0,0.000566903,0.000560583,0.000560407,0.000548884,0.000560433,0.00055578,0.00053894,0.000539142,0.000549022,0.000566884,0.000554936,0.000561722,0.000554653,0.00057317,0.000554517,0.000560659,0.000543287,0.000543229,0.000561623,0.000537734,0.0005546,0.000543181,0.000554695,0.000560397,0.000566772,0.000560488,0.000554439,0.00056058,0.000586808,0.000548901,0.000566735,0.000548954,0.000548723,0.000579753,0.000554675,0.000554831,0.000573473,0.000543161,0.000566665,0.000537874,0.000573348,0.000560929,0.000579933,0.000548833,0.000566606,0.000549176,0.000528033
0,0,0.000560764,0.000560589,0.000549069,0.000560615,0.000555073,0.000538109,0.000538312,0.000550138,0.000568097,0.000556021,0.000560995,0.000555739,0.000573347,0.000554701,0.000560841,0.000543474,0.000543416,0.000561804,0.000537924,0.000554784,0.000543369,0.000554879,0.000560579,0.000566952,0.000560669,0.000554623,0.000560762,0.000586981,0.000549086,0.000566915,0.00054914,0.000548909,0.000579929,0.000554859,0.000555015,0.000573651,0.000543348,0.000566844,0.000538063,0.000573525,0.00056111,0.000580108,0.000549018,0.000566786,0.000549361,0.000528226
0,0,0,0.000554195,0.000543153,0.000554222,0.000549252,0.000531445,0.00053165,0.000543293,0.000560744,0.000548663,0.000555321,0.000548377,0.000567098,0.000548873,0.00055445,0.000536877,0.000536818,0.000555425,0.000531258,0.000548323,0.00053677,0.000548419,0.000554185,0.000560631,0.000554277,0.00054816,0.000554371,0.000580879,0.000542557,0.000560593,0.000542611,0.000542378,0.000573751,0.000548399,0.000548557,0.000567404,0.00053675,0.000560522,0.000531399,0.000567278,0.000554723,0.000573933,0.000542489,0.000560463,0.000542835,0.000521436
0,0,0,0,0.000542966,0.000554045,0.000548435,0.000531887,0.000532092,0.000543106,0.000560568,0.000549116,0.000554428,0.000548197,0.000566924,0.000548059,0.000554273,0.000536694,0.000536635,0.000555248,0.000531072,0.000548143,0.000536587,0.000548239,0.000554008,0.000560455,0.0005541,0.00054798,0.000554193,0.000580709,0.000542376,0.000560418,0.00054243,0.000542196,0.00057358,0.000548219,0.000548377,0.000567231,0.000536566,0.000560347,0.000531214,0.000567104,0.000554546,0.000573761,0.000542307,0.000560287,0.000542654,0.000521248
0,0,0,0,0,0.000542994,0.000537126,0.000519426,0.0005193,0.000530587,0.000549048,0.000537175,0.000542778,0.000536411,0.000555537,0.000536271,0.000542619,0.00052465,0.00052459,0.000543615,0.000518898,0.000536357,0.000524541,0.000536455,0.000542348,0.000548933,0.000543052,0.00053619,0.000542538,0.000569597,0.000530461,0.000548895,0.000530517,0.000530278,0.000562327,0.000536434,0.000536596,0.000555849,0.00052452,0.000548822,0.000519043,0.00055572,0.000542898,0.000562511,0.000530391,0.000548762,0.000530746,0.000508838
0,0,0,0,0,0,0.000548463,0.000531917,0.000532122,0.000542526,0.000560594,0.00054851,0.000554454,0.000548855,0.00056695,0.000548717,0.000554299,0.000536722,0.000536663,0.000555274,0.0005311,0.00054817,0.000536615,0.000548266,0.000554034,0.000560482,0.000554127,0.000548007,0.00055422,0.000580735,0.000542403,0.000560444,0.000542457,0.000542224,0.000573606,0.000548246,0.000548404,0.000567257,0.000536594,0.000560373,0.000531242,0.000567131,0.000554572,0.000573787,0.000542335,0.000560314,0.000542681,0.000521276
0,0,0,0,0,0,0,0.000525883,0.000525644,0.000536797,0.000555051,0.000542844,0.00054885,0.000543077,0.000562972,0.000542416,0.000548693,0.00053093,0.00053087,0.000549678,0.000525246,0.000542501,0.000530821,0.000542598,0.000548425,0.000554938,0.000548518,0.000542336,0.000548613,0.000575386,0.000536673,0.0005549,0.000536727,0.000536491,0.00056819,0.000542577,0.000542737,0.00056178,0.000530801,0.000554828,0.000525389,0.000561652,0.000548969,0.000568373,0.000536603,0.000554768,0.000536954,0.00051531
0,0,0,0,0,0,0,0,0.00050794,0.000519574,0.000539122,0.000525485,0.000531687,0.000525186,0.000544706,0.000525481,0.000531525,0.000513168,0.000513106,0.000532542,0.000507286,0.00052513,0.000513056,0.00052523,0.000531248,0.000537969,0.000531345,0.00052496,0.000531442,0.000559038,0.000519107,0.00053793,0.000519164,0.00051892,0.000551629,0.000525209,0.000525374,0.000545024,0.000513034,0.000537856,0.000507433,0.000544893,0.00053181,0.000551817,0.000519035,0.000537794,0.000519398,0.000496991
0,0,0,0,0,0,0,0,0,0.000519446,0.00053829,0.000526143,0.000532538,0.000525837,0.000546799,0.00052569,0.000531731,0.000513381,0.000513319,0.000532747,0.000507501,0.000525339,0.000513269,0.000525439,0.000531454,0.000538172,0.00053155,0.000525168,0.000531648,0.000559234,0.000519318,0.000538134,0.000519375,0.000519131,0.000551827,0.000525418,0.000525582,0.000545225,0.000513247,0.000538059,0.000507649,0.000545093,0.000532015,0.000552016,0.000519246,0.000537998,0.000519608,0.000497211
0,0,0,0,0,0,0,0,0,0,0.000550115,0.000536845,0.000542918,0.00053702,0.000555672,0.000536877,0.000542759,0.000524795,0.000524734,0.000543755,0.000519044,0.000536498,0.000524685,0.000536596,0.000542488,0.000549071,0.000542582,0.000536331,0.000542678,0.00056973,0.000530604,0.000549033,0.00053066,0.000530421,0.000562462,0.000536576,0.000536737,0.000555986,0.000524664,0.000548961,0.000519189,0.000555857,0.000543038,0.000562646,0.000530534,0.0005489,0.000530889,0.000508987
0,0,0,0,0,0,0,0,0,0,0,0.000555099,0.00056189,0.000554816,0.000573326,0.00055468,0.00056082,0.000543453,0.000543395,0.000561783,0.000537902,0.000554763,0.000543347,0.000554858,0.000560558,0.000566931,0.000560649,0.000554602,0.000560741,0.000586962,0.000549065,0.000566894,0.000549119,0.000548888,0.000579909,0.000554838,0.000554994,0.00057363,0.000543327,0.000566824,0.000538042,0.000573505,0.00056109,0.000580088,0.000548997,0.000566765,0.00054934,0.000528204
0,0,0,0,0,0,0,0,0,0,0,0,0.000549541,0.000542603,0.000563017,0.000542463,0.00054874,0.000530979,0.000530919,0.000549725,0.000525296,0.000542549,0.00053087,0.000542646,0.000548473,0.000554985,0.000548566,0.000542384,0.00054866,0.000575431,0.000536721,0.000554947,0.000536776,0.00053654,0.000568236,0.000542625,0.000542785,0.000561826,0.00053085,0.000554875,0.000525439,0.000561699,0.000549016,0.000568419,0.000536652,0.000554815,0.000537002,0.000515361
0,0,0,0,0,0,0,0,0,0,0,0,0,0.000548611,0.000567325,0.000548474,0.000554682,0.000537117,0.000537058,0.000555657,0.0005315,0.000548558,0.00053701,0.000548654,0.000554418,0.00056086,0.000554509,0.000548395,0.000554603,0.0005811,0.000542795,0.000560823,0.000542849,0.000542615,0.000573976,0.000548634,0.000548791,0.000567631,0.00053699,0.000560752,0.000531641,0.000567505,0.000554955,0.000574157,0.000542726,0.000560693,0.000543073,0.000521683
0,0,0,0,0,0,0,0,0,0,0,0,0,0,0.000561237,0.000542692,0.000548454,0.000530683,0.000530623,0.00054944,0.000524997,0.000542259,0.000530575,0.000542356,0.000548187,0.000554702,0.000548279,0.000542094,0.000548374,0.000575159,0.000536429,0.000554664,0.000536483,0.000536247,0.000567959,0.000542336,0.000542496,0.000561547,0.000530554,0.000554592,0.00052514,0.000561419,0.00054873,0.000568143,0.000536359,0.000554532,0.00053671,0.000515056
0,0,0,0,0,0,0,0,0,0,0,0,0,0,0,0.000561102,0.000567173,0.000550007,0.000549949,0.000568126,0.000544523,0.000561185,0.000549902,0.000561278,0.000566914,0.000573216,0.000567004,0.000561025,0.000567095,0.000593035,0.000555552,0.00057318,0.000555605,0.000555377,0.000586055,0.000561259,0.000561413,0.000579843,0.000549882,0.00057311,0.00054466,0.000579719,0.00056744,0.000586233,0.000555485,0.000573052,0.000555824,0.000534945
0,0,0,0,0,0,0,0,0,0,0,0,0,0,0,0,0.000548317,0.000530541,0.000530481,0.000549302,0.000524853,0.00054212,0.000530433,0.000542217,0.000548049,0.000554566,0.000548142,0.000541955,0.000548236,0.000575027,0.000536288,0.000554528,0.000536343,0.000536107,0.000567827,0.000542197,0.000542357,0.000561413,0.000530412,0.000554456,0.000524996,0.000561285,0.000548593,0.00056801,0.000536218,0.000554396,0.000536569,0.00051491
0,0,0,0,0,0,0,0,0,0,0,0,0,0,0,0,0,0.000537579,0.000536899,0.000555502,0.00053134,0.000549039,0.000536852,0.000549136,0.000554263,0.000560708,0.000554355,0.000548875,0.000554449,0.000580953,0.000542637,0.00056158,0.000542691,0.000542457,0.000573826,0.000548477,0.000548635,0.00056748,0.00053683,0.000560599,0.00053148,0.000567354,0.000554801,0.000574008,0.000542568,0.00056054,0.000542915,0.000521519
0,0,0,0,0,0,0,0,0,0,0,0,0,0,0,0,0,0,0.000518732,0.000537965,0.000513251,0.000530629,0.000518985,0.000531175,0.000536684,0.000544307,0.000537393,0.000530901,0.000537493,0.000564206,0.000524669,0.0005433,0.000524724,0.000524483,0.000556865,0.000530707,0.00053087,0.000550324,0.00051866,0.000543225,0.000513121,0.000550193,0.000537239,0.000557052,0.000524597,0.000543164,0.000524956,0.000502796
0,0,0,0,0,0,0,0,0,0,0,0,0,0,0,0,0,0,0,0.000538567,0.000513189,0.000531014,0.000518924,0.000531114,0.000537236,0.00054328,0.000537334,0.0005304,0.000537434,0.000564157,0.000524609,0.000543241,0.000524664,0.000524423,0.000556809,0.000530647,0.00053081,0.000550266,0.000518599,0.000543167,0.00051306,0.000550136,0.00053718,0.000556995,0.000524537,0.000543106,0.000524896,0.000502733
0,0,0,0,0,0,0,0,0,0,0,0,0,0,0,0,0,0,0,0,0.000533041,0.000549387,0.000538519,0.000549483,0.000555238,0.000561671,0.000556062,0.000549224,0.000555423,0.000589418,0.000543633,0.000561635,0.000543687,0.000543454,0.000574768,0.000549463,0.00054962,0.000568433,0.000537837,0.000561563,0.000532497,0.000568306,0.000555775,0.000574949,0.000543564,0.000561504,0.00054391,0.000522555
0,0,0,0,0,0,0,0,0,0,0,0,0,0,0,0,0,0,0,0,0,0.000525383,0.000513139,0.000525486,0.000531063,0.000537786,0.000531159,0.000525209,0.000531257,0.000558869,0.000519254,0.000538771,0.000518973,0.000518729,0.00055145,0.000525021,0.000525186,0.000544843,0.000512841,0.000537672,0.000507238,0.000544711,0.000531624,0.000551638,0.000518845,0.00053761,0.000519207,0.000496792
0,0,0,0,0,0,0,0,0,0,0,0,0,0,0,0,0,0,0,0,0,0,0.000530521,0.000542303,0.000548764,0.00055465,0.000548227,0.000542557,0.000548956,0.000575108,0.000536375,0.000554613,0.000536429,0.000536193,0.000567908,0.000542283,0.000542442,0.000561495,0.000530499,0.00055454,0.000525085,0.000561367,0.000548677,0.000568091,0.000536305,0.00055448,0.000536656,0.000515
0,0,0,0,0,0,0,0,0,0,0,0,0,0,0,0,0,0,0,0,0,0,0,0.00053062,0.000537188,0.000543232,0.000536673,0.000530793,0.000536769,0.000564111,0.000524913,0.000544161,0.000524615,0.000524373,0.000556762,0.000530598,0.000530762,0.000550219,0.00051855,0.00054312,0.000513009,0.000550089,0.000537132,0.000556949,0.000524488,0.000543058,0.000524847,0.000502682
0,0,0,0,0,0,0,0,0,0,0,0,0,0,0,0,0,0,0,0,0,0,0,0,0.00054823,0.000555639,0.000548323,0.000542138,0.000548418,0.000575199,0.000536473,0.000555599,0.000536527,0.000536291,0.000568001,0.00054238,0.000542539,0.000561589,0.000530598,0.000554635,0.000525185,0.000561461,0.000548773,0.000568184,0.000536403,0.000554575,0.000536754,0.000515102
0,0,0,0,0,0,0,0,0,0,0,0,0,0,0,0,0,0,0,0,0,0,0,0,0,0.000560446,0.00055409,0.000547971,0.000554184,0.0005807,0.000542973,0.000560409,0.00054242,0.000542187,0.00057357,0.00054821,0.000548367,0.000567221,0.000536556,0.000560337,0.000531832,0.000567095,0.000554536,0.000573752,0.000542297,0.000560278,0.000542644,0.000521237
0,0,0,0,0,0,0,0,0,0,0,0,0,0,0,0,0,0,0,0,0,0,0,0,0,0,0.000560537,0.000554489,0.00056154,0.000586854,0.000549872,0.000566784,0.000549004,0.000548773,0.000579801,0.000554724,0.00055488,0.00057352,0.000543211,0.000566713,0.000537925,0.000573395,0.000560977,0.00057998,0.000548882,0.000566654,0.000549225,0.000528085
0,0,0,0,0,0,0,0,0,0,0,0,0,0,0,0,0,0,0,0,0,0,0,0,0,0,0,0.000548064,0.000554276,0.000580793,0.00054307,0.000560499,0.000542514,0.000542281,0.000573659,0.000548302,0.00054846,0.000567311,0.000536651,0.000560428,0.000531299,0.000567185,0.000554628,0.00057384,0.000542391,0.000560369,0.000542738,0.000521335
0,0,0,0,0,0,0,0,0,0,0,0,0,0,0,0,0,0,0,0,0,0,0,0,0,0,0,0,0.000548158,0.000574952,0.000536671,0.000554451,0.000536262,0.000536026,0.000567751,0.000542118,0.000542277,0.000561336,0.00053033,0.000554379,0.000524914,0.000561208,0.000548514,0.000567934,0.000536138,0.000554319,0.000536489,0.000514826
0,0,0,0,0,0,0,0,0,0,0,0,0,0,0,0,0,0,0,0,0,0,0,0,0,0,0,0,0,0.000580877,0.000543169,0.000560592,0.00054261,0.000542376,0.00057375,0.000548397,0.000548555,0.000567403,0.000536748,0.000560521,0.000531397,0.000567276,0.000554721,0.000573931,0.000542487,0.000560461,0.000542834,0.000521434
0,0,0,0,0,0,0,0,0,0,0,0,0,0,0,0,0,0,0,0,0,0,0,0,0,0,0,0,0,0,0.000569614,0.000586819,0.000569665,0.000569443,0.000599401,0.00057518,0.000575331,0.000593329,0.000564085,0.000586751,0.000558996,0.000593208,0.000581213,0.000599575,0.000569548,0.000586694,0.000569879,0.000549534
0,0,0,0,0,0,0,0,0,0,0,0,0,0,0,0,0,0,0,0,0,0,0,0,0,0,0,0,0,0,0,0.000548913,0.000530535,0.000530296,0.000562344,0.000536452,0.000536613,0.000555866,0.000524538,0.00054884,0.000519061,0.000555737,0.000542915,0.000562528,0.000530409,0.000548779,0.000530764,0.000508857
0,0,0,0,0,0,0,0,0,0,0,0,0,0,0,0,0,0,0,0,0,0,0,0,0,0,0,0,0,0,0,0,0.000548966,0.000548735,0.000579765,0.000554687,0.000554843,0.000573484,0.000543173,0.000566676,0.000537886,0.000573359,0.00056094,0.000579944,0.000548844,0.000566617,0.000549187,0.000528046
0,0,0,0,0,0,0,0,0,0,0,0,0,0,0,0,0,0,0,0,0,0,0,0,0,0,0,0,0,0,0,0,0,0.000530352,0.000562396,0.000536508,0.000536669,0.000557598,0.000524949,0.000549807,0.000519456,0.000555793,0.000543595,0.000562583,0.000530857,0.000548833,0.00053082,0.000509248
0,0,0,0,0,0,0,0,0,0,0,0,0,0,0,0,0,0,0,0,0,0,0,0,0,0,0,0,0,0,0,0,0,0,0.000562172,0.000536737,0.000536901,0.000555692,0.000524705,0.000548663,0.000519209,0.000555563,0.000542737,0.000562357,0.000530616,0.000549514,0.000530974,0.000508667
0,0,0,0,0,0,0,0,0,0,0,0,0,0,0,0,0,0,0,0,0,0,0,0,0,0,0,0,0,0,0,0,0,0,0,0.000567982,0.000568136,0.000586353,0.000556744,0.000579697,0.000551586,0.000586231,0.000574091,0.000592672,0.000562279,0.000579639,0.000566098,0.000546784
0,0,0,0,0,0,0,0,0,0,0,0,0,0,0,0,0,0,0,0,0,0,0,0,0,0,0,0,0,0,0,0,0,0,0,0,0.000542519,0.00056312,0.000530578,0.000554615,0.000525607,0.000561444,0.000549399,0.000568167,0.000536849,0.000554556,0.000536734,0.000515541
0,0,0,0,0,0,0,0,0,0,0,0,0,0,0,0,0,0,0,0,0,0,0,0,0,0,0,0,0,0,0,0,0,0,0,0,0,0.000561723,0.000531191,0.000554772,0.000525776,0.000561596,0.000548913,0.000571533,0.000536544,0.000554712,0.000537366,0.000515713
0,0,0,0,0,0,0,0,0,0,0,0,0,0,0,0,0,0,0,0,0,0,0,0,0,0,0,0,0,0,0,0,0,0,0,0,0,0,0.0005502,0.000573415,0.000544985,0.000581618,0.000567748,0.00058653,0.000555801,0.000573357,0.000556138,0.000535276
0,0,0,0,0,0,0,0,0,0,0,0,0,0,0,0,0,0,0,0,0,0,0,0,0,0,0,0,0,0,0,0,0,0,0,0,0,0,0,0.000544062,0.000513264,0.000550069,0.000537112,0.000556931,0.000524468,0.000543996,0.000525183,0.000502916
0,0,0,0,0,0,0,0,0,0,0,0,0,0,0,0,0,0,0,0,0,0,0,0,0,0,0,0,0,0,0,0,0,0,0,0,0,0,0,0,0.000537812,0.000573289,0.000560869,0.000579875,0.000549687,0.000566548,0.000550027,0.000527972
0,0,0,0,0,0,0,0,0,0,0,0,0,0,0,0,0,0,0,0,0,0,0,0,0,0,0,0,0,0,0,0,0,0,0,0,0,0,0,0,0,0.000546785,0.000532417,0.000551779,0.00051899,0.000537751,0.000519352,0.000497153
0,0,0,0,0,0,0,0,0,0,0,0,0,0,0,0,0,0,0,0,0,0,0,0,0,0,0,0,0,0,0,0,0,0,0,0,0,0,0,0,0,0,0.000567621,0.000586408,0.00055567,0.000573232,0.000556009,0.000537332
0,0,0,0,0,0,0,0,0,0,0,0,0,0,0,0,0,0,0,0,0,0,0,0,0,0,0,0,0,0,0,0,0,0,0,0,0,0,0,0,0,0,0,0.000577129,0.000542848,0.00056081,0.000543194,0.000522516
0,0,0,0,0,0,0,0,0,0,0,0,0,0,0,0,0,0,0,0,0,0,0,0,0,0,0,0,0,0,0,0,0,0,0,0,0,0,0,0,0,0,0,0,0.000562462,0.000579818,0.000562798,0.000542191
0,0,0,0,0,0,0,0,0,0,0,0,0,0,0,0,0,0,0,0,0,0,0,0,0,0,0,0,0,0,0,0,0,0,0,0,0,0,0,0,0,0,0,0,0,0.000549622,0.000531088,0.000509115
0,0,0,0,0,0,0,0,0,0,0,0,0,0,0,0,0,0,0,0,0,0,0,0,0,0,0,0,0,0,0,0,0,0,0,0,0,0,0,0,0,0,0,0,0,0,0.000549055,0.000529033
0,0,0,0,0,0,0,0,0,0,0,0,0,0,0,0,0,0,0,0,0,0,0,0,0,0,0,0,0,0,0,0,0,0,0,0,0,0,0,0,0,0,0,0,0,0,0,0.000509491
0,0,0,0,0,0,0,0,0,0,0,0,0,0,0,0,0,0,0,0,0,0,0,0,0,0,0,0,0,0,0,0,0,0,0,0,0,0,0,0,0,0,0,0,0,0,0,0
