# # np.logspace(-2, 2., num = num_time_points)
0,0.000504171,0.000492234,0.000491906,0.000471419,0.000491955,0.000483534,0.000455184,0.000455503,0.000471654,0.000504135,0.000481977,0.000494375,0.000481472,0.000516481,0.000481229,0.000492372,0.000462062,0.000461966,0.000494165,0.000453171,0.000481377,0.000461889,0.000481546,0.000491887,0.000503917,0.000492055,0.00048109,0.000492226,0.000544851,0.000471446,0.000503846,0.000471538,0.000471144,0.000529906,0.00048151,0.000481788,0.000517088,0.000461855,0.000503711,0.00045339,0.000516836,0.000492873,0.000530281,0.00047133,0.000503598,0.000471916,0.000438588
0,0,0.000492586,0.000492263,0.000471789,0.00049231,0.000482255,0.00045385,0.000454168,0.000473694,0.000506466,0.000483999,0.000493016,0.000483495,0.000516818,0.000481594,0.000492727,0.00046244,0.000462345,0.000494519,0.000453557,0.00048174,0.000462267,0.000481908,0.000492242,0.000504264,0.00049241,0.000481453,0.000492581,0.000545171,0.000471817,0.000504193,0.000471908,0.000471514,0.000530236,0.000481873,0.000482151,0.000517426,0.000462234,0.000504058,0.000453775,0.000517174,0.000493228,0.00053061,0.000471701,0.000503945,0.000472287,0.000438987
0,0,0,0.000480024,0.000460107,0.000480075,0.000470928,0.000440545,0.000440873,0.00046035,0.000492548,0.000469843,0.000482133,0.000469327,0.000505175,0.000470242,0.000480501,0.000449391,0.000449293,0.000482338,0.000440245,0.000469228,0.000449213,0.000469401,0.000480004,0.000492325,0.000480177,0.000468933,0.000480352,0.000534147,0.000459034,0.000492252,0.000459128,0.000458724,0.000518895,0.000469365,0.00046965,0.000505797,0.000449179,0.000492113,0.00044047,0.00050554,0.000481015,0.000519277,0.000458915,0.000491998,0.000459517,0.000425219
0,0,0,0,0.000459748,0.000479741,0.000469415,0.000441247,0.000441576,0.00045999,0.000492221,0.000470666,0.000480461,0.000468984,0.000504859,0.000468735,0.000480168,0.000449034,0.000448936,0.000482006,0.000439881,0.000468886,0.000448856,0.00046906,0.00047967,0.000492,0.000479844,0.000468592,0.000480018,0.000533847,0.000458685,0.000491927,0.00045878,0.000458374,0.000518586,0.000469024,0.000469309,0.000505481,0.000448822,0.000491788,0.000440106,0.000505223,0.000480682,0.000518969,0.000458566,0.000491672,0.000459169,0.000424842
0,0,0,0,0,0.000459801,0.000448744,0.000417736,0.000417507,0.000436867,0.000471746,0.000448835,0.000459464,0.000447448,0.000484921,0.000447188,0.000459157,0.000426493,0.00042639,0.00046108,0.000416844,0.000447345,0.000426305,0.000447527,0.000458636,0.000471516,0.000459912,0.000447037,0.000459,0.000515031,0.000436643,0.00047144,0.00043674,0.000436315,0.000499194,0.000447489,0.000447788,0.000485566,0.000426268,0.000471295,0.000417082,0.000485298,0.000459694,0.000499592,0.000436516,0.000471174,0.000437149,0.000400942
0,0,0,0,0,0,0.000469468,0.000441304,0.000441633,0.000458953,0.000492269,0.000469553,0.00048051,0.000470196,0.000504905,0.000469946,0.000480218,0.000449088,0.00044899,0.000482057,0.000439936,0.000468938,0.00044891,0.000469111,0.000479721,0.000492049,0.000479894,0.000468643,0.000480069,0.000533893,0.000458738,0.000491976,0.000458832,0.000458427,0.000518633,0.000469075,0.00046936,0.000505529,0.000448876,0.000491837,0.000440161,0.000505271,0.000480732,0.000519015,0.000458619,0.000491721,0.000459221,0.000424899
0,0,0,0,0,0,0,0.000429725,0.000429301,0.000448149,0.000482212,0.000459001,0.000470205,0.00045942,0.000497861,0.000458216,0.000469904,0.000438041,0.000437941,0.000471782,0.000428653,0.00045837,0.000437859,0.000458547,0.000469395,0.000481987,0.000469572,0.000458068,0.000469751,0.000524635,0.000447929,0.000481913,0.000448026,0.000447611,0.000509097,0.00045851,0.000458802,0.000495741,0.000437824,0.000481771,0.000428884,0.000495479,0.000470429,0.000509487,0.000447807,0.000481653,0.000448424,0.000413206
0,0,0,0,0,0,0,0,0.00039753,0.000418006,0.000455548,0.000429054,0.000441023,0.000428489,0.000467482,0.000428966,0.000440701,0.000406556,0.000406447,0.000442703,0.000396423,0.000428381,0.000406359,0.000428571,0.000440158,0.000453563,0.000440347,0.000428058,0.000440538,0.000498647,0.000417191,0.000453484,0.000417294,0.000416849,0.000482273,0.000428531,0.000428843,0.000468152,0.000406321,0.000453333,0.000396673,0.000467874,0.00044126,0.000482685,0.00041706,0.000453208,0.000417722,0.000379666
0,0,0,0,0,0,0,0,0,0.000417774,0.000454124,0.000430162,0.000442446,0.000429582,0.000470965,0.000429305,0.000441029,0.000406912,0.000406804,0.00044303,0.000396788,0.000428719,0.000406716,0.000428909,0.000440487,0.000453882,0.000440675,0.000428397,0.000440866,0.000498937,0.000417538,0.000453803,0.000417641,0.000417196,0.000482574,0.000428869,0.000429181,0.000468462,0.000406678,0.000453653,0.000397038,0.000468184,0.000441588,0.000482985,0.000417407,0.000453527,0.000418069,0.000380048
0,0,0,0,0,0,0,0,0,0,0.000473648,0.00044824,0.000459707,0.000448535,0.000485145,0.00044827,0.000459399,0.000426753,0.00042665,0.00046132,0.000417111,0.000447594,0.000426566,0.000447776,0.000458879,0.000471752,0.000459059,0.000447286,0.000459243,0.000515247,0.000436897,0.000471676,0.000436996,0.00043657,0.000499418,0.000447738,0.000448037,0.000485795,0.00042653,0.000471531,0.000417349,0.000485528,0.000459936,0.000499815,0.000436772,0.00047141,0.000437404,0.000401219
0,0,0,0,0,0,0,0,0,0,0,0.000482301,0.000494703,0.000481796,0.000516777,0.000481552,0.000492687,0.000462397,0.000462301,0.000494479,0.000453513,0.000481698,0.000462224,0.000481867,0.000492201,0.000504225,0.00049237,0.000481412,0.000492541,0.000545135,0.000471774,0.000504154,0.000471866,0.000471472,0.000530198,0.000481832,0.00048211,0.000517387,0.000462191,0.000504018,0.000453732,0.000517136,0.000493187,0.000530573,0.000471659,0.000503905,0.000472244,0.000438941
0,0,0,0,0,0,0,0,0,0,0,0,0.000471473,0.000458558,0.000497943,0.000458302,0.00046999,0.000438133,0.000438033,0.000471868,0.000428747,0.000458458,0.000437951,0.000458635,0.000469481,0.000482071,0.000469658,0.000458156,0.000469837,0.000524711,0.000448019,0.000481997,0.000448116,0.000447701,0.000509176,0.000458598,0.00045889,0.000495823,0.000437916,0.000481855,0.000428979,0.00049556,0.000470515,0.000509566,0.000447898,0.000481737,0.000448514,0.000413303
0,0,0,0,0,0,0,0,0,0,0,0,0,0.000469771,0.000505592,0.000469524,0.000480938,0.000449858,0.00044976,0.000482773,0.000440721,0.000469675,0.00044968,0.000469848,0.000480441,0.000492751,0.000480613,0.000469381,0.000480789,0.00053454,0.000459491,0.000492678,0.000459585,0.000459181,0.000519299,0.000469812,0.000470097,0.000506212,0.000449646,0.00049254,0.000440946,0.000505955,0.000481451,0.000519681,0.000459373,0.000492424,0.000459974,0.000425712
0,0,0,0,0,0,0,0,0,0,0,0,0,0,0.000494698,0.000458717,0.000469473,0.000437579,0.000437478,0.000471353,0.000428181,0.000457928,0.000437396,0.000458105,0.000468964,0.000481567,0.00046914,0.000457626,0.00046932,0.000524248,0.000447477,0.000481493,0.000447574,0.000447158,0.000508699,0.000458068,0.00045836,0.000495333,0.000437361,0.000481351,0.000428412,0.00049507,0.000469998,0.00050909,0.000447355,0.000481233,0.000447973,0.000412716
0,0,0,0,0,0,0,0,0,0,0,0,0,0,0,0.00049446,0.000505311,0.000475826,0.000475733,0.000507059,0.000467198,0.000494604,0.000475658,0.000494768,0.000504838,0.000516567,0.000505002,0.000494324,0.000505169,0.000556571,0.000484944,0.000516498,0.000485033,0.00048465,0.00054195,0.000494734,0.000495004,0.000529423,0.000475625,0.000516366,0.00046741,0.000529178,0.000505799,0.000542316,0.000484831,0.000516255,0.000485401,0.000453066
0,0,0,0,0,0,0,0,0,0,0,0,0,0,0,0,0.000469224,0.000437312,0.000437212,0.000471106,0.000427908,0.000457673,0.00043713,0.000457851,0.000468715,0.000481325,0.000468892,0.000457371,0.000469071,0.000524026,0.000447216,0.000481251,0.000447313,0.000446898,0.00050847,0.000457814,0.000458106,0.000495097,0.000437094,0.000481109,0.00042814,0.000494834,0.00046975,0.00050886,0.000447094,0.00048099,0.000447712,0.000412433
0,0,0,0,0,0,0,0,0,0,0,0,0,0,0,0,0,0.000450634,0.000449451,0.000482484,0.00044041,0.00047055,0.000449373,0.000470727,0.000480151,0.00049247,0.000480323,0.000470254,0.0004805,0.000534278,0.000459188,0.000494112,0.000459281,0.000458876,0.00051903,0.000469514,0.000469799,0.000505936,0.000449335,0.000492256,0.000440629,0.000505679,0.00048116,0.000519412,0.000459068,0.00049214,0.00045967,0.000425384
0,0,0,0,0,0,0,0,0,0,0,0,0,0,0,0,0,0,0.000416025,0.000451513,0.000406706,0.000437479,0.000416462,0.000438448,0.000449016,0.000463851,0.000450273,0.000437936,0.000450469,0.000506482,0.000426529,0.000462091,0.000426626,0.00042619,0.00049037,0.000437623,0.000437929,0.000476489,0.000415899,0.000461938,0.000406478,0.000476216,0.000450095,0.000490775,0.000426397,0.000461814,0.000427044,0.0003899
0,0,0,0,0,0,0,0,0,0,0,0,0,0,0,0,0,0,0,0.00045257,0.000406597,0.000438157,0.000416356,0.000438344,0.000449986,0.000462071,0.000450176,0.000437061,0.00045037,0.000506421,0.000426425,0.000461993,0.000426523,0.000426087,0.00049028,0.000437522,0.000437828,0.000476397,0.000415793,0.000461842,0.00040637,0.000476123,0.000449997,0.000490685,0.000426293,0.000461719,0.000426941,0.000389787
0,0,0,0,0,0,0,0,0,0,0,0,0,0,0,0,0,0,0,0,0.00044357,0.000471259,0.000452489,0.000471431,0.00048199,0.00049426,0.000483534,0.000470966,0.000482336,0.000550192,0.000461112,0.000494189,0.000461203,0.0004608,0.000520731,0.000471394,0.000471678,0.000507681,0.000451299,0.000494049,0.000442632,0.000507425,0.000482995,0.000521112,0.000460991,0.000493934,0.00046159,0.000427458
0,0,0,0,0,0,0,0,0,0,0,0,0,0,0,0,0,0,0,0,0,0.00042883,0.000406509,0.000429025,0.000439864,0.000453279,0.000440053,0.000428502,0.000440244,0.000498412,0.000417454,0.000454924,0.000416981,0.000416535,0.000482002,0.000428226,0.000428539,0.000467873,0.000406,0.000453045,0.000396343,0.000467595,0.000440964,0.000482414,0.000416746,0.000452919,0.000417409,0.000379322
0,0,0,0,0,0,0,0,0,0,0,0,0,0,0,0,0,0,0,0,0,0,0.000437296,0.00045801,0.000470027,0.000481476,0.000469045,0.000458469,0.000470392,0.000524163,0.00044738,0.000481402,0.000447473,0.000447058,0.000508611,0.00045797,0.000458262,0.000495242,0.000437258,0.000481258,0.000428308,0.000494979,0.000469903,0.000509001,0.000447255,0.000481139,0.000447872,0.000412607
0,0,0,0,0,0,0,0,0,0,0,0,0,0,0,0,0,0,0,0,0,0,0,0.000437482,0.000449906,0.000461992,0.000449025,0.000437752,0.000449211,0.00050635,0.000426957,0.000463593,0.000426439,0.000426003,0.000490207,0.000437441,0.000437747,0.000476321,0.000415707,0.000461765,0.000406282,0.000476048,0.000449918,0.000490612,0.000426209,0.000461641,0.000426857,0.000389695
0,0,0,0,0,0,0,0,0,0,0,0,0,0,0,0,0,0,0,0,0,0,0,0,0.000469042,0.00048329,0.000469219,0.000457708,0.000469401,0.000524318,0.00044756,0.000483214,0.000447655,0.00044724,0.000508771,0.000458148,0.00045844,0.000495406,0.000437444,0.000481427,0.000428497,0.000495143,0.000470076,0.000509161,0.000447436,0.000481308,0.000448054,0.000412804
0,0,0,0,0,0,0,0,0,0,0,0,0,0,0,0,0,0,0,0,0,0,0,0,0,0.000491983,0.000479826,0.000468576,0.000480003,0.000533831,0.000459758,0.00049191,0.000458761,0.000458356,0.000518569,0.000469005,0.000469291,0.000505464,0.000448803,0.00049177,0.000441153,0.000505207,0.000480664,0.000518952,0.000458547,0.000491654,0.00045915,0.000424822
0,0,0,0,0,0,0,0,0,0,0,0,0,0,0,0,0,0,0,0,0,0,0,0,0,0,0.000492152,0.000481189,0.000494041,0.000544936,0.000473198,0.000503941,0.000471637,0.000471243,0.000529995,0.000481607,0.000481885,0.000517178,0.000461957,0.000503804,0.000453493,0.000516927,0.000492968,0.000530369,0.000471429,0.00050369,0.000472015,0.000438695
0,0,0,0,0,0,0,0,0,0,0,0,0,0,0,0,0,0,0,0,0,0,0,0,0,0,0,0.000468751,0.000480175,0.000534006,0.000459943,0.000492077,0.000458941,0.000458536,0.000518729,0.000469181,0.000469467,0.000505627,0.000448987,0.000491938,0.000440274,0.00050537,0.000480836,0.000519112,0.000458728,0.000491823,0.00045933,0.000425016
0,0,0,0,0,0,0,0,0,0,0,0,0,0,0,0,0,0,0,0,0,0,0,0,0,0,0,0,0.000468932,0.000523899,0.000447898,0.000481116,0.000447164,0.000446749,0.000508339,0.000457668,0.000457961,0.000494963,0.000436942,0.000480971,0.000427985,0.0004947,0.000469609,0.00050873,0.000446946,0.000480852,0.000447564,0.000412272
0,0,0,0,0,0,0,0,0,0,0,0,0,0,0,0,0,0,0,0,0,0,0,0,0,0,0,0,0,0.000534144,0.000460134,0.000492249,0.000459125,0.00045872,0.000518892,0.000469361,0.000469646,0.000505794,0.000449175,0.00049211,0.000440466,0.000505537,0.000481011,0.000519274,0.000458912,0.000491994,0.000459514,0.000425215
0,0,0,0,0,0,0,0,0,0,0,0,0,0,0,0,0,0,0,0,0,0,0,0,0,0,0,0,0,0,0.000515058,0.000544871,0.000515142,0.000514781,0.000569055,0.000524285,0.000524541,0.000557138,0.000506294,0.000544745,0.000498584,0.000556905,0.00053474,0.000569404,0.000514952,0.000544641,0.000515488,0.000485163
0,0,0,0,0,0,0,0,0,0,0,0,0,0,0,0,0,0,0,0,0,0,0,0,0,0,0,0,0,0,0,0.000471471,0.000436773,0.000436347,0.000499223,0.00044752,0.00044782,0.000485595,0.000426301,0.000471325,0.000417116,0.000485327,0.000459724,0.00049962,0.000436549,0.000471204,0.000437181,0.000400977
0,0,0,0,0,0,0,0,0,0,0,0,0,0,0,0,0,0,0,0,0,0,0,0,0,0,0,0,0,0,0,0,0.000471561,0.000471167,0.000529927,0.000481533,0.000481811,0.000517109,0.000461879,0.000503732,0.000453414,0.000516858,0.000492895,0.000530302,0.000471354,0.000503619,0.00047194,0.000438613
0,0,0,0,0,0,0,0,0,0,0,0,0,0,0,0,0,0,0,0,0,0,0,0,0,0,0,0,0,0,0,0,0,0.000436447,0.000499311,0.000447622,0.000447917,0.000488672,0.000427024,0.000473055,0.000417798,0.000485427,0.000460943,0.000499715,0.000437345,0.000471298,0.000437283,0.000401626
0,0,0,0,0,0,0,0,0,0,0,0,0,0,0,0,0,0,0,0,0,0,0,0,0,0,0,0,0,0,0,0,0,0,0.000498941,0.000448037,0.000448342,0.000485304,0.000426584,0.000471025,0.000417347,0.000485034,0.000459416,0.000499341,0.000436917,0.000472533,0.000437555,0.000400624
0,0,0,0,0,0,0,0,0,0,0,0,0,0,0,0,0,0,0,0,0,0,0,0,0,0,0,0,0,0,0,0,0,0,0,0.000508739,0.000509007,0.000542533,0.000490183,0.000529802,0.00048221,0.000542294,0.000519507,0.000555121,0.00049912,0.000529692,0.00050586,0.00047587
0,0,0,0,0,0,0,0,0,0,0,0,0,0,0,0,0,0,0,0,0,0,0,0,0,0,0,0,0,0,0,0,0,0,0,0,0.000458404,0.000498215,0.000437407,0.000481392,0.000429215,0.000495119,0.000471228,0.000509135,0.000448235,0.000481276,0.000448017,0.000413506
0,0,0,0,0,0,0,0,0,0,0,0,0,0,0,0,0,0,0,0,0,0,0,0,0,0,0,0,0,0,0,0,0,0,0,0,0,0.000495642,0.0004385,0.000481671,0.000429534,0.000495382,0.000470331,0.000515269,0.000447699,0.000481554,0.000449162,0.000413837
0,0,0,0,0,0,0,0,0,0,0,0,0,0,0,0,0,0,0,0,0,0,0,0,0,0,0,0,0,0,0,0,0,0,0,0,0,0,0.000476291,0.000516979,0.0004681,0.00053293,0.000506428,0.000542898,0.000485488,0.000516867,0.000486051,0.000453779
0,0,0,0,0,0,0,0,0,0,0,0,0,0,0,0,0,0,0,0,0,0,0,0,0,0,0,0,0,0,0,0,0,0,0,0,0,0,0,0.000463405,0.000406714,0.000476018,0.000449885,0.000490587,0.000426177,0.000463273,0.000427448,0.000390073
0,0,0,0,0,0,0,0,0,0,0,0,0,0,0,0,0,0,0,0,0,0,0,0,0,0,0,0,0,0,0,0,0,0,0,0,0,0,0,0,0.000453266,0.000516725,0.000492758,0.000530173,0.000472848,0.000503486,0.000473433,0.000438463
0,0,0,0,0,0,0,0,0,0,0,0,0,0,0,0,0,0,0,0,0,0,0,0,0,0,0,0,0,0,0,0,0,0,0,0,0,0,0,0,0,0.00047105,0.000442297,0.000482636,0.000416986,0.000453141,0.000417648,0.000379928
0,0,0,0,0,0,0,0,0,0,0,0,0,0,0,0,0,0,0,0,0,0,0,0,0,0,0,0,0,0,0,0,0,0,0,0,0,0,0,0,0,0,0.000506169,0.000542659,0.000485215,0.000516616,0.000485785,0.00045694
0,0,0,0,0,0,0,0,0,0,0,0,0,0,0,0,0,0,0,0,0,0,0,0,0,0,0,0,0,0,0,0,0,0,0,0,0,0,0,0,0,0,0,0.000525266,0.000459608,0.000492642,0.000460207,0.000427095
0,0,0,0,0,0,0,0,0,0,0,0,0,0,0,0,0,0,0,0,0,0,0,0,0,0,0,0,0,0,0,0,0,0,0,0,0,0,0,0,0,0,0,0,0.000499511,0.000530065,0.00050007,0.00046876
0,0,0,0,0,0,0,0,0,0,0,0,0,0,0,0,0,0,0,0,0,0,0,0,0,0,0,0,0,0,0,0,0,0,0,0,0,0,0,0,0,0,0,0,0,0.000472719,0.000437759,0.000401379
0,0,0,0,0,0,0,0,0,0,0,0,0,0,0,0,0,0,0,0,0,0,0,0,0,0,0,0,0,0,0,0,0,0,0,0,0,0,0,0,0,0,0,0,0,0,0.000471678,0.000440117
0,0,0,0,0,0,0,0,0,0,0,0,0,0,0,0,0,0,0,0,0,0,0,0,0,0,0,0,0,0,0,0,0,0,0,0,0,0,0,0,0,0,0,0,0,0,0,0.000402079
0,0,0,0,0,0,0,0,0,0,0,0,0,0,0,0,0,0,0,0,0,0,0,0,0,0,0,0,0,0,0,0,0,0,0,0,0,0,0,0,0,0,0,0,0,0,0,0
