# # np.logspace(-2, 2., num = num_time_points)
0,2.55476e-05,2.01197e-05,2.00215e-05,1.80493e-05,2.00339e-05,1.89379e-05,1.79578e-05,1.79604e-05,1.80529e-05,2.55425e-05,1.85495e-05,2.09895e-05,1.85035e-05,3.96798e-05,1.84813e-05,2.01378e-05,1.79242e-05,1.79236e-05,2.06888e-05,1.78913e-05,1.84904e-05,1.79231e-05,1.85044e-05,2.00121e-05,2.53541e-05,2.00549e-05,1.84678e-05,2.00996e-05,0.000146232,1.8047e-05,2.53019e-05,1.80495e-05,1.80399e-05,7.23851e-05,1.8502e-05,1.85268e-05,4.0768e-05,1.79229e-05,2.52012e-05,1.78917e-05,4.03179e-05,2.02824e-05,7.37567e-05,1.80443e-05,2.51198e-05,1.80594e-05,1.78808e-05
0,0,2.04324e-05,2.03578e-05,1.84122e-05,2.0365e-05,1.88924e-05,1.82612e-05,1.82608e-05,1.86349e-05,2.71724e-05,1.93041e-05,2.05702e-05,1.92514e-05,3.98408e-05,1.88408e-05,2.04643e-05,1.82903e-05,1.82897e-05,2.10067e-05,1.8258e-05,1.88454e-05,1.82892e-05,1.88592e-05,2.03407e-05,2.56142e-05,2.03827e-05,1.88233e-05,2.04268e-05,0.000146277,1.84106e-05,2.55625e-05,1.8413e-05,1.84037e-05,7.24766e-05,1.88569e-05,1.88812e-05,4.09303e-05,1.8289e-05,2.54629e-05,1.82584e-05,4.0482e-05,2.06066e-05,7.38465e-05,1.8408e-05,2.53824e-05,1.84228e-05,1.82478e-05
0,0,0,1.28634e-05,9.65194e-06,1.28846e-05,1.06881e-05,9.20736e-06,9.2084e-06,9.66549e-06,2.04081e-05,1.04191e-05,1.36621e-05,1.03433e-05,3.65769e-05,1.05781e-05,1.30442e-05,9.26805e-06,9.26676e-06,1.38797e-05,9.20412e-06,1.03205e-05,9.26577e-06,1.03456e-05,1.28493e-05,2.01853e-05,1.29191e-05,1.028e-05,1.29851e-05,0.000145425,9.50327e-06,2.01197e-05,9.50795e-06,9.4898e-06,7.07405e-05,1.03413e-05,1.03856e-05,3.7771e-05,9.26538e-06,1.99929e-05,9.20499e-06,3.72847e-05,1.32663e-05,7.21434e-05,9.49815e-06,1.98903e-05,9.52676e-06,9.18386e-06
0,0,0,0,9.47421e-06,1.27524e-05,1.02399e-05,9.06655e-06,9.06878e-06,9.48597e-06,2.03163e-05,1.05391e-05,1.30435e-05,1.01751e-05,3.65342e-05,1.01406e-05,1.29158e-05,9.08651e-06,9.08519e-06,1.37591e-05,9.0213e-06,1.01578e-05,9.08419e-06,1.01833e-05,1.2719e-05,2.01026e-05,1.27895e-05,1.01166e-05,1.28562e-05,0.000145414,9.32631e-06,2.00367e-05,9.33109e-06,9.31259e-06,7.0717e-05,1.01789e-05,1.0224e-05,3.77269e-05,9.08379e-06,1.99094e-05,9.02219e-06,3.724e-05,1.31401e-05,7.21203e-05,9.32109e-06,1.98064e-05,9.35025e-06,9.00062e-06
0,0,0,0,0,9.49899e-06,5.57167e-06,2.55721e-06,2.53799e-06,3.49227e-06,1.83705e-05,5.59595e-06,9.74865e-06,5.33954e-06,3.54853e-05,5.27338e-06,9.5822e-06,2.7517e-06,2.74736e-06,1.06949e-05,2.52651e-06,5.30842e-06,2.74264e-06,5.35723e-06,9.31519e-06,1.81415e-05,9.55386e-06,5.22935e-06,9.50171e-06,0.000145156,3.46326e-06,1.80685e-05,3.47398e-06,3.42397e-06,7.01847e-05,5.34879e-06,5.43402e-06,3.67195e-05,2.74127e-06,1.79272e-05,2.52966e-06,3.6219e-05,9.88244e-06,7.15984e-05,3.44704e-06,1.78127e-05,3.52513e-06,2.45163e-06
0,0,0,0,0,0,1.02675e-05,9.09433e-06,9.09693e-06,9.36723e-06,2.03236e-05,1.02771e-05,1.3057e-05,1.04786e-05,3.65316e-05,1.04403e-05,1.2935e-05,9.11378e-06,9.11247e-06,1.37771e-05,9.04876e-06,1.01822e-05,9.11147e-06,1.02077e-05,1.27384e-05,2.01149e-05,1.28088e-05,1.01411e-05,1.28755e-05,0.000145415,9.35288e-06,2.00491e-05,9.35764e-06,9.3392e-06,7.07205e-05,1.02033e-05,1.02482e-05,3.77335e-05,9.11107e-06,1.99219e-05,9.04965e-06,3.72467e-05,1.3159e-05,7.21237e-05,9.34768e-06,1.98189e-05,9.37675e-06,9.02815e-06
0,0,0,0,0,0,0,4.95741e-06,4.9318e-06,5.48171e-06,1.88505e-05,6.93742e-06,1.06354e-05,6.9955e-06,3.63316e-05,6.75879e-06,1.04714e-05,5.03934e-06,5.03697e-06,1.14954e-05,4.92079e-06,6.78306e-06,5.03517e-06,6.82132e-06,1.02276e-05,1.86264e-05,1.03131e-05,6.72135e-06,1.03977e-05,0.000145217,5.45988e-06,1.85553e-05,5.46805e-06,5.43642e-06,7.03116e-05,6.81471e-06,6.88181e-06,3.69615e-05,5.03445e-06,1.84178e-05,4.92242e-06,3.64644e-05,1.07468e-05,7.17228e-05,5.45097e-06,1.83064e-05,5.50069e-06,4.88278e-06
0,0,0,0,0,0,0,0,9.54564e-07,2.59951e-06,1.82842e-05,4.95164e-06,9.45848e-06,4.78955e-06,3.54027e-05,4.74455e-06,9.28822e-06,1.41997e-06,1.41153e-06,1.04291e-05,9.14055e-07,4.7573e-06,1.40511e-06,4.81169e-06,9.01248e-06,1.79879e-05,9.10725e-06,4.66888e-06,9.20512e-06,0.000145136,2.53608e-06,1.79143e-05,2.55365e-06,2.4852e-06,7.01451e-05,4.80231e-06,4.89707e-06,3.66438e-05,1.40253e-06,1.77718e-05,9.22803e-07,3.61424e-05,9.59767e-06,7.15597e-05,2.51688e-06,1.76563e-05,2.62281e-06,6.80349e-07
0,0,0,0,0,0,0,0,0,2.57874e-06,1.82202e-05,4.99161e-06,9.50365e-06,4.82373e-06,3.55274e-05,4.74813e-06,9.28953e-06,1.42851e-06,1.42012e-06,1.04302e-05,9.27268e-07,4.75985e-06,1.41374e-06,4.81422e-06,9.01383e-06,1.79886e-05,9.10821e-06,4.67149e-06,9.20645e-06,0.000145136,2.54084e-06,1.7915e-05,2.55839e-06,2.49007e-06,7.01453e-05,4.80484e-06,4.89955e-06,3.66442e-05,1.41118e-06,1.77725e-05,9.35892e-07,3.61427e-05,9.59893e-06,7.15598e-05,2.52169e-06,1.7657e-05,2.62745e-06,6.98001e-07
0,0,0,0,0,0,0,0,0,0,1.85928e-05,5.50938e-06,9.7636e-06,5.47292e-06,3.54829e-05,5.40256e-06,9.59316e-06,2.78824e-06,2.78395e-06,1.07015e-05,2.5678e-06,5.3282e-06,2.7807e-06,5.37682e-06,9.32645e-06,1.81473e-05,9.41771e-06,5.24941e-06,9.51274e-06,0.000145156,3.49135e-06,1.80743e-05,3.50414e-06,3.45457e-06,7.01862e-05,5.36842e-06,5.45336e-06,3.67223e-05,2.7794e-06,1.79331e-05,2.57093e-06,3.6222e-05,9.89308e-06,7.15999e-05,3.47743e-06,1.78186e-05,3.55485e-06,2.49419e-06
0,0,0,0,0,0,0,0,0,0,0,1.88753e-05,2.12841e-05,1.88285e-05,3.98041e-05,1.87988e-05,2.04282e-05,1.82499e-05,1.82492e-05,2.09716e-05,1.82175e-05,1.88062e-05,1.82487e-05,1.882e-05,2.03043e-05,2.55853e-05,2.03464e-05,1.8784e-05,2.03905e-05,0.000146272,1.83704e-05,2.55336e-05,1.83729e-05,1.83635e-05,7.24664e-05,1.88176e-05,1.8842e-05,4.09122e-05,1.82485e-05,2.54338e-05,1.82179e-05,4.04637e-05,2.05707e-05,7.38365e-05,1.83678e-05,2.53532e-05,1.83826e-05,1.82072e-05
0,0,0,0,0,0,0,0,0,0,0,0,1.09262e-05,6.83259e-06,3.63405e-05,6.77183e-06,1.04841e-05,5.06586e-06,5.0635e-06,1.1507e-05,4.94794e-06,6.80279e-06,5.0617e-06,6.84093e-06,1.02407e-05,1.86336e-05,1.03261e-05,6.74125e-06,1.04106e-05,0.000145218,5.48436e-06,1.85626e-05,5.49249e-06,5.461e-06,7.03135e-05,6.83434e-06,6.90125e-06,3.69651e-05,5.06099e-06,1.84251e-05,4.94956e-06,3.6468e-05,1.07593e-05,7.17247e-05,5.4755e-06,1.83137e-05,5.52499e-06,4.91014e-06
0,0,0,0,0,0,0,0,0,0,0,0,0,1.05583e-05,3.66441e-05,1.05294e-05,1.32211e-05,9.51551e-06,9.51426e-06,1.40461e-05,9.45327e-06,1.05433e-05,9.51331e-06,1.05679e-05,1.30289e-05,2.03001e-05,1.30944e-05,1.05037e-05,1.31629e-05,0.000145441,9.74476e-06,2.02349e-05,9.74935e-06,9.73164e-06,7.07734e-05,1.05637e-05,1.06071e-05,3.78325e-05,9.51293e-06,2.01088e-05,9.45412e-06,3.7347e-05,1.34403e-05,7.21756e-05,9.73978e-06,2.00068e-05,9.76769e-06,9.43354e-06
0,0,0,0,0,0,0,0,0,0,0,0,0,0,3.57185e-05,6.84483e-06,1.04081e-05,4.90654e-06,4.9041e-06,1.14378e-05,4.78471e-06,6.685e-06,4.90226e-06,6.72382e-06,1.01628e-05,1.85909e-05,1.02466e-05,6.62237e-06,1.0334e-05,0.000145212,5.33754e-06,1.85197e-05,5.34592e-06,5.31356e-06,7.03022e-05,6.7171e-06,6.78518e-06,3.69436e-05,4.90152e-06,1.83819e-05,4.78639e-06,3.64463e-05,1.06852e-05,7.17136e-05,5.32845e-06,1.82703e-05,5.3793e-06,4.74561e-06
0,0,0,0,0,0,0,0,0,0,0,0,0,0,0,3.57034e-05,3.6588e-05,3.54179e-05,3.54176e-05,3.68941e-05,3.54012e-05,3.57078e-05,3.54173e-05,3.5715e-05,3.6519e-05,3.96986e-05,3.65425e-05,3.56961e-05,3.6567e-05,0.000149389,3.54802e-05,3.96653e-05,3.54815e-05,3.54766e-05,7.85669e-05,3.57138e-05,3.57266e-05,5.09429e-05,3.54172e-05,3.96011e-05,3.54015e-05,5.05834e-05,3.66678e-05,7.98323e-05,3.54788e-05,3.95494e-05,3.54865e-05,3.5396e-05
0,0,0,0,0,0,0,0,0,0,0,0,0,0,0,0,1.03736e-05,4.83288e-06,4.8304e-06,1.14064e-05,4.70914e-06,6.63112e-06,4.82853e-06,6.67025e-06,1.01274e-05,1.85716e-05,1.02116e-05,6.56798e-06,1.02992e-05,0.00014521,5.26991e-06,1.85003e-05,5.27839e-06,5.24562e-06,7.02971e-05,6.66349e-06,6.7321e-06,3.69339e-05,4.82778e-06,1.83624e-05,4.71085e-06,3.64364e-05,1.06515e-05,7.17086e-05,5.2607e-06,1.82506e-05,5.31219e-06,4.66941e-06
0,0,0,0,0,0,0,0,0,0,0,0,0,0,0,0,0,9.43142e-06,9.35143e-06,1.39351e-05,9.29111e-06,1.06782e-05,9.35302e-06,1.07144e-05,1.29144e-05,2.02346e-05,1.29774e-05,1.06346e-05,1.30522e-05,0.00014543,9.58578e-06,2.09253e-05,9.58832e-06,9.57032e-06,7.07514e-05,1.04152e-05,1.04593e-05,3.77914e-05,9.34783e-06,2.00312e-05,9.28799e-06,3.73053e-05,1.3324e-05,7.2154e-05,9.57859e-06,1.99288e-05,9.60697e-06,9.26703e-06
0,0,0,0,0,0,0,0,0,0,0,0,0,0,0,0,0,0,1.7792e-06,1.04871e-05,1.43201e-06,4.88234e-06,1.80168e-06,4.99492e-06,9.07718e-06,1.81355e-05,9.24829e-06,4.85216e-06,9.34979e-06,0.00014514,2.76258e-06,1.79509e-05,2.77152e-06,2.70859e-06,7.01534e-05,4.92162e-06,5.01413e-06,3.66597e-05,1.76843e-06,1.78044e-05,1.41842e-06,3.61584e-05,9.65792e-06,7.15678e-05,2.73768e-06,1.76891e-05,2.83537e-06,1.27406e-06
0,0,0,0,0,0,0,0,0,0,0,0,0,0,0,0,0,0,0,1.05682e-05,1.42432e-06,4.93712e-06,1.79656e-06,4.98723e-06,9.15393e-06,1.80228e-05,9.24853e-06,4.79075e-06,9.34558e-06,0.000145146,2.75607e-06,1.79481e-05,2.76721e-06,2.70417e-06,7.01532e-05,4.9192e-06,5.01175e-06,3.66593e-05,1.76167e-06,1.78037e-05,1.41079e-06,3.61581e-05,9.65669e-06,7.15676e-05,2.73331e-06,1.76884e-05,2.83116e-06,1.26464e-06
0,0,0,0,0,0,0,0,0,0,0,0,0,0,0,0,0,0,0,0,1.0474e-05,1.14281e-05,1.0565e-05,1.14509e-05,1.37577e-05,2.07722e-05,1.43455e-05,1.13915e-05,1.38824e-05,0.000153427,1.06977e-05,2.07146e-05,1.06972e-05,1.06811e-05,7.09101e-05,1.14443e-05,1.14843e-05,3.80878e-05,1.04822e-05,2.05851e-05,1.04288e-05,3.76056e-05,1.41429e-05,7.23097e-05,1.06885e-05,2.04854e-05,1.07139e-05,1.04102e-05
0,0,0,0,0,0,0,0,0,0,0,0,0,0,0,0,0,0,0,0,0,4.78713e-06,1.41934e-06,4.84319e-06,9.01284e-06,1.79888e-05,9.10775e-06,4.69898e-06,9.20554e-06,0.00014514,2.5566e-06,1.79786e-05,2.54964e-06,2.48108e-06,7.0145e-05,4.80018e-06,4.89498e-06,3.66436e-05,1.39522e-06,1.77712e-05,9.11664e-07,3.61421e-05,9.5966e-06,7.15595e-05,2.51281e-06,1.76557e-05,2.61891e-06,6.65136e-07
0,0,0,0,0,0,0,0,0,0,0,0,0,0,0,0,0,0,0,0,0,0,4.87672e-06,6.70929e-06,1.04264e-05,1.85903e-05,1.02345e-05,6.78992e-06,1.06009e-05,0.000145211,5.31882e-06,1.85202e-05,5.31948e-06,5.28696e-06,7.03002e-05,6.69609e-06,6.76437e-06,3.69398e-05,4.87267e-06,1.83742e-05,4.75777e-06,3.64424e-05,1.0672e-05,7.17117e-05,5.30192e-06,1.82625e-05,5.35302e-06,4.7158e-06
0,0,0,0,0,0,0,0,0,0,0,0,0,0,0,0,0,0,0,0,0,0,0,4.93069e-06,9.15209e-06,1.80203e-05,9.17158e-06,4.84597e-06,9.2673e-06,0.000145146,2.794e-06,1.80559e-05,2.76395e-06,2.70083e-06,7.01531e-05,4.91736e-06,5.00995e-06,3.66591e-05,1.75653e-06,1.78032e-05,1.40436e-06,3.61579e-05,9.65575e-06,7.15675e-05,2.73001e-06,1.76879e-05,2.82797e-06,1.25748e-06
0,0,0,0,0,0,0,0,0,0,0,0,0,0,0,0,0,0,0,0,0,0,0,0,1.01761e-05,1.8994e-05,1.02613e-05,6.64676e-06,1.03587e-05,0.000145213,5.36565e-06,1.89286e-05,5.36817e-06,5.33595e-06,7.03039e-05,6.73483e-06,6.80272e-06,3.69468e-05,4.92579e-06,1.83884e-05,4.81124e-06,3.64495e-05,1.06963e-05,7.17153e-05,5.35078e-06,1.82768e-05,5.40141e-06,4.77067e-06
0,0,0,0,0,0,0,0,0,0,0,0,0,0,0,0,0,0,0,0,0,0,0,0,0,2.01031e-05,1.27848e-05,1.01147e-05,1.28604e-05,0.000145413,9.46461e-06,2.00357e-05,9.32204e-06,9.3035e-06,7.07157e-05,1.01711e-05,1.02162e-05,3.77247e-05,9.07421e-06,1.99049e-05,9.05506e-06,3.72406e-05,1.3135e-05,7.21191e-05,9.31147e-06,1.98019e-05,9.34066e-06,8.99072e-06
0,0,0,0,0,0,0,0,0,0,0,0,0,0,0,0,0,0,0,0,0,0,0,0,0,0,2.01489e-05,1.85655e-05,2.09487e-05,0.000146244,1.83513e-05,2.53828e-05,1.81447e-05,1.81352e-05,7.24089e-05,1.85949e-05,1.86196e-05,4.08103e-05,1.80188e-05,2.52695e-05,1.79878e-05,4.03606e-05,2.03672e-05,7.37801e-05,1.81396e-05,2.51884e-05,1.81546e-05,1.7977e-05
0,0,0,0,0,0,0,0,0,0,0,0,0,0,0,0,0,0,0,0,0,0,0,0,0,0,0,1.01956e-05,1.29239e-05,0.000145454,9.55578e-06,2.00751e-05,9.41274e-06,9.3944e-06,7.07278e-05,1.02538e-05,1.02985e-05,3.77472e-05,9.16764e-06,1.99478e-05,9.10662e-06,3.72606e-05,1.31982e-05,7.21309e-05,9.40283e-06,1.9845e-05,9.43174e-06,9.08524e-06
0,0,0,0,0,0,0,0,0,0,0,0,0,0,0,0,0,0,0,0,0,0,0,0,0,0,0,0,1.0287e-05,0.000145209,5.34163e-06,1.84993e-05,5.24055e-06,5.20754e-06,7.02943e-05,6.63356e-06,6.70248e-06,3.69285e-05,4.78639e-06,1.83515e-05,4.66843e-06,3.64309e-05,1.06328e-05,7.17059e-05,5.22273e-06,1.82397e-05,5.2746e-06,4.6266e-06
0,0,0,0,0,0,0,0,0,0,0,0,0,0,0,0,0,0,0,0,0,0,0,0,0,0,0,0,0,0.000145425,9.65762e-06,2.01201e-05,9.50785e-06,9.48969e-06,7.07405e-05,1.03412e-05,1.03855e-05,3.7771e-05,9.26527e-06,1.99929e-05,9.2049e-06,3.72847e-05,1.32662e-05,7.21434e-05,9.49804e-06,1.98903e-05,9.52666e-06,9.18375e-06
0,0,0,0,0,0,0,0,0,0,0,0,0,0,0,0,0,0,0,0,0,0,0,0,0,0,0,0,0,0,0.000145156,0.000146235,0.000145156,0.000145155,0.000161196,0.000145213,0.000145216,0.000149688,0.00014514,0.000146217,0.000145136,0.000149566,0.00014545,0.000161816,0.000145155,0.000146203,0.000145157,0.000145135
0,0,0,0,0,0,0,0,0,0,0,0,0,0,0,0,0,0,0,0,0,0,0,0,0,0,0,0,0,0,0,1.8071e-05,3.47802e-06,3.42808e-06,7.01849e-05,5.35142e-06,5.43662e-06,3.67198e-05,2.74639e-06,1.7928e-05,2.53609e-06,3.62194e-05,9.88387e-06,7.15986e-05,3.45111e-06,1.78135e-05,3.52911e-06,2.45735e-06
0,0,0,0,0,0,0,0,0,0,0,0,0,0,0,0,0,0,0,0,0,0,0,0,0,0,0,0,0,0,0,0,1.80717e-05,1.80622e-05,7.23906e-05,1.85237e-05,1.85485e-05,4.07779e-05,1.79453e-05,2.52171e-05,1.79142e-05,4.03279e-05,2.03022e-05,7.37621e-05,1.80666e-05,2.51359e-05,1.80816e-05,1.79033e-05
0,0,0,0,0,0,0,0,0,0,0,0,0,0,0,0,0,0,0,0,0,0,0,0,0,0,0,0,0,0,0,0,0,3.44298e-06,7.01862e-05,5.37519e-06,5.44659e-06,3.70541e-05,2.80953e-06,1.81381e-05,2.57846e-06,3.6237e-05,1.00413e-05,7.16051e-05,3.5432e-06,1.78188e-05,3.54755e-06,2.48432e-06
0,0,0,0,0,0,0,0,0,0,0,0,0,0,0,0,0,0,0,0,0,0,0,0,0,0,0,0,0,0,0,0,0,0,7.01854e-05,5.43678e-06,5.52398e-06,3.67191e-05,2.74706e-06,1.79247e-05,2.50957e-06,3.62169e-05,9.87362e-06,7.16004e-05,3.49336e-06,1.80078e-05,3.57085e-06,2.40629e-06
0,0,0,0,0,0,0,0,0,0,0,0,0,0,0,0,0,0,0,0,0,0,0,0,0,0,0,0,0,0,0,0,0,0,0,7.03046e-05,7.03156e-05,7.91348e-05,7.01547e-05,7.23726e-05,7.01453e-05,7.89135e-05,7.07952e-05,0.000100202,7.01872e-05,7.23323e-05,7.09578e-05,7.04457e-05
0,0,0,0,0,0,0,0,0,0,0,0,0,0,0,0,0,0,0,0,0,0,0,0,0,0,0,0,0,0,0,0,0,0,0,0,6.79935e-06,3.75468e-05,4.91774e-06,1.83888e-05,4.83526e-06,3.6478e-05,1.09808e-05,7.17256e-05,5.45278e-06,1.82803e-05,5.39553e-06,4.77316e-06
0,0,0,0,0,0,0,0,0,0,0,0,0,0,0,0,0,0,0,0,0,0,0,0,0,0,0,0,0,0,0,0,0,0,0,0,0,3.69582e-05,5.06931e-06,1.84156e-05,4.9294e-06,3.64635e-05,1.07809e-05,7.29449e-05,5.43016e-06,1.83047e-05,5.59393e-06,4.86849e-06
0,0,0,0,0,0,0,0,0,0,0,0,0,0,0,0,0,0,0,0,0,0,0,0,0,0,0,0,0,0,0,0,0,0,0,0,0,0,3.666e-05,4.07278e-05,3.66502e-05,5.56982e-05,3.78854e-05,8.03918e-05,3.6723e-05,4.06656e-05,3.6726e-05,3.66412e-05
0,0,0,0,0,0,0,0,0,0,0,0,0,0,0,0,0,0,0,0,0,0,0,0,0,0,0,0,0,0,0,0,0,0,0,0,0,0,0,1.79141e-05,1.42027e-06,3.61585e-05,9.65665e-06,7.15694e-05,2.7359e-06,1.77977e-05,2.87531e-06,1.26176e-06
0,0,0,0,0,0,0,0,0,0,0,0,0,0,0,0,0,0,0,0,0,0,0,0,0,0,0,0,0,0,0,0,0,0,0,0,0,0,0,0,1.77724e-05,4.02653e-05,2.01818e-05,7.3728e-05,1.81306e-05,2.50483e-05,1.81536e-05,1.77614e-05
0,0,0,0,0,0,0,0,0,0,0,0,0,0,0,0,0,0,0,0,0,0,0,0,0,0,0,0,0,0,0,0,0,0,0,0,0,0,0,0,0,3.62669e-05,9.64291e-06,7.15627e-05,2.51728e-06,1.7657e-05,2.62313e-06,6.84123e-07
0,0,0,0,0,0,0,0,0,0,0,0,0,0,0,0,0,0,0,0,0,0,0,0,0,0,0,0,0,0,0,0,0,0,0,0,0,0,0,0,0,0,3.73892e-05,8.01641e-05,3.62188e-05,4.02174e-05,3.62262e-05,3.62043e-05
0,0,0,0,0,0,0,0,0,0,0,0,0,0,0,0,0,0,0,0,0,0,0,0,0,0,0,0,0,0,0,0,0,0,0,0,0,0,0,0,0,0,0,7.43139e-05,9.88247e-06,2.00765e-05,9.9071e-06,9.59472e-06
0,0,0,0,0,0,0,0,0,0,0,0,0,0,0,0,0,0,0,0,0,0,0,0,0,0,0,0,0,0,0,0,0,0,0,0,0,0,0,0,0,0,0,0,7.15981e-05,7.37002e-05,7.16055e-05,7.15582e-05
0,0,0,0,0,0,0,0,0,0,0,0,0,0,0,0,0,0,0,0,0,0,0,0,0,0,0,0,0,0,0,0,0,0,0,0,0,0,0,0,0,0,0,0,0,1.80142e-05,3.59666e-06,2.44677e-06
0,0,0,0,0,0,0,0,0,0,0,0,0,0,0,0,0,0,0,0,0,0,0,0,0,0,0,0,0,0,0,0,0,0,0,0,0,0,0,0,0,0,0,0,0,0,1.78304e-05,1.76728e-05
0,0,0,0,0,0,0,0,0,0,0,0,0,0,0,0,0,0,0,0,0,0,0,0,0,0,0,0,0,0,0,0,0,0,0,0,0,0,0,0,0,0,0,0,0,0,0,2.55894e-06
0,0,0,0,0,0,0,0,0,0,0,0,0,0,0,0,0,0,0,0,0,0,0,0,0,0,0,0,0,0,0,0,0,0,0,0,0,0,0,0,0,0,0,0,0,0,0,0
