# # np.logspace(-2, 2., num = num_time_points)
0,0.000532448,0.000522912,0.000522648,0.000505812,0.000522688,0.000515824,0.000491924,0.000492201,0.000506009,0.000532419,0.000514567,0.000524626,0.000514152,0.000542104,0.000513953,0.000523024,0.000497896,0.000497815,0.000524467,0.00049022,0.000514074,0.000497748,0.000514213,0.000522633,0.000532248,0.000522768,0.000513839,0.000522907,0.000563775,0.000505835,0.000532191,0.000505912,0.000505582,0.000552455,0.000514184,0.000514412,0.000542576,0.00049772,0.000532084,0.000490411,0.000542381,0.000523428,0.00055274,0.000505738,0.000531995,0.000506229,0.000477247
0,0,0.000523189,0.000522928,0.0005061,0.000522967,0.000514781,0.000490772,0.000491049,0.000507664,0.000534266,0.000516192,0.000523535,0.000515779,0.000542373,0.000514238,0.000523303,0.000498189,0.000498108,0.000524745,0.000490518,0.000514358,0.000498041,0.000514497,0.000522912,0.000532522,0.000523048,0.000514123,0.000523186,0.000564034,0.000506124,0.000532466,0.0005062,0.000505871,0.000552719,0.000514468,0.000514696,0.000542845,0.000498013,0.000532359,0.000490708,0.00054265,0.000523706,0.000553004,0.000506027,0.000532269,0.000506517,0.000477553
0,0,0,0.000513211,0.000496955,0.000513252,0.000505856,0.000480405,0.000480689,0.000497157,0.000523159,0.000504978,0.000514903,0.000504557,0.000533011,0.000505297,0.000513594,0.000487981,0.000487898,0.000515063,0.000480146,0.000504477,0.00048783,0.000504619,0.000513196,0.000522984,0.000513334,0.000504237,0.000513474,0.000555038,0.000496079,0.000522927,0.000496157,0.00049582,0.000543536,0.000504589,0.000504822,0.000533492,0.000487801,0.000522818,0.000480341,0.000533294,0.000514005,0.000543826,0.00049598,0.000522727,0.00049648,0.000466894
0,0,0,0,0.00049667,0.000512985,0.000504636,0.000481015,0.000481298,0.000496872,0.000522896,0.000505648,0.000513561,0.000504284,0.000532755,0.000504082,0.000513327,0.0004877,0.000487616,0.000514797,0.000479861,0.000504205,0.000487549,0.000504347,0.000512928,0.000522722,0.000513067,0.000503965,0.000513207,0.000554791,0.000495802,0.000522665,0.00049588,0.000495544,0.000543283,0.000504317,0.00050455,0.000533235,0.00048752,0.000522555,0.000480055,0.000533036,0.000513738,0.000543574,0.000495703,0.000522464,0.000496204,0.0004666
0,0,0,0,0,0.000496712,0.000487868,0.000462216,0.00046203,0.000478206,0.000506067,0.000487942,0.000496417,0.000486813,0.000516249,0.000486604,0.000496174,0.000469612,0.000469526,0.000497696,0.000461466,0.000486731,0.000469455,0.000486878,0.000495762,0.000505888,0.000496801,0.000486482,0.00049605,0.000538959,0.000478022,0.000505829,0.000478102,0.000477753,0.000527106,0.000486847,0.000487088,0.000516744,0.000469425,0.000505716,0.000461668,0.000516539,0.0004966,0.000527406,0.000477918,0.000505622,0.000478438,0.00044766
0,0,0,0,0,0,0.000504678,0.00048106,0.000481344,0.000496022,0.000522935,0.000504747,0.000513601,0.000505265,0.000532792,0.00050506,0.000513368,0.000487742,0.000487659,0.000514837,0.000479904,0.000504246,0.000487591,0.000504388,0.000512969,0.000522761,0.000513108,0.000504006,0.000513248,0.000554828,0.000495844,0.000522704,0.000495922,0.000495585,0.000543322,0.000504358,0.000504591,0.000533274,0.000487562,0.000522595,0.000480099,0.000533075,0.000513778,0.000543612,0.000495745,0.000522504,0.000496245,0.000466644
0,0,0,0,0,0,0,0.000471873,0.000471524,0.000487384,0.000514748,0.000496262,0.000505265,0.000496604,0.000526991,0.000495626,0.000505026,0.000478954,0.00047887,0.00050652,0.00047097,0.000495751,0.000478801,0.000495895,0.000504621,0.000514572,0.000504762,0.000495507,0.000504904,0.000547119,0.000487202,0.000514514,0.000487282,0.000486939,0.000535447,0.000495865,0.000496102,0.000525249,0.000478771,0.000514403,0.000471168,0.000525047,0.000505444,0.000535741,0.000487102,0.00051431,0.000487611,0.000457451
0,0,0,0,0,0,0,0,0.00044553,0.000462436,0.000492207,0.000471308,0.00048078,0.000470857,0.000501229,0.000471267,0.000480528,0.000453049,0.000452959,0.000482098,0.000444599,0.000470771,0.000452887,0.000470922,0.000480102,0.000490551,0.00048025,0.000470513,0.0004804,0.000524591,0.00046176,0.00049049,0.000461844,0.000461482,0.000512405,0.000470891,0.00047114,0.000501739,0.000452855,0.000490374,0.00044481,0.000501528,0.000480967,0.000512713,0.000461654,0.000490277,0.000462191,0.000430253
0,0,0,0,0,0,0,0,0,0.000462246,0.000491015,0.000472241,0.000481983,0.000471779,0.000504183,0.000471557,0.000480812,0.00045335,0.000453261,0.000482381,0.000444906,0.000471061,0.000453188,0.000471212,0.000480386,0.000490829,0.000480534,0.000470804,0.000480684,0.000524851,0.000462056,0.000490768,0.000462139,0.000461778,0.000512672,0.000471181,0.00047143,0.000502011,0.000453157,0.000490652,0.000445117,0.0005018,0.000481251,0.00051298,0.000461949,0.000490555,0.000462486,0.00043057
0,0,0,0,0,0,0,0,0,0,0.000507629,0.000487456,0.000496619,0.000487705,0.000516439,0.000487491,0.000496376,0.000469825,0.000469739,0.000497896,0.000461682,0.000486937,0.000469668,0.000487083,0.000495964,0.000506085,0.000496107,0.000486688,0.000496252,0.000539145,0.00047823,0.000506026,0.000478312,0.000477962,0.000527296,0.000487053,0.000487294,0.000516937,0.000469638,0.000505914,0.000461885,0.000516732,0.000496801,0.000527595,0.000478128,0.000505819,0.000478647,0.000447884
0,0,0,0,0,0,0,0,0,0,0,0.000514819,0.000524884,0.000514405,0.000542341,0.000514205,0.000523271,0.000498156,0.000498074,0.000524713,0.000490484,0.000514326,0.000498008,0.000514465,0.00052288,0.000532491,0.000523016,0.00051409,0.000523154,0.000564005,0.000506091,0.000532434,0.000506168,0.000505838,0.000552689,0.000514436,0.000514664,0.000542815,0.00049798,0.000532327,0.000490674,0.00054262,0.000523675,0.000552974,0.000505994,0.000532238,0.000506484,0.000477518
0,0,0,0,0,0,0,0,0,0,0,0,0.000506291,0.000495903,0.000527058,0.000495696,0.000505096,0.000479028,0.000478944,0.00050659,0.000471045,0.000495823,0.000478875,0.000495966,0.000504691,0.000514641,0.000504832,0.000495578,0.000504974,0.000547184,0.000487275,0.000514583,0.000487355,0.000487012,0.000535513,0.000495936,0.000496173,0.000525316,0.000478845,0.000514472,0.000471243,0.000525114,0.000505514,0.000535807,0.000487174,0.000514379,0.000487684,0.000457529
0,0,0,0,0,0,0,0,0,0,0,0,0,0.000504912,0.000533349,0.00050471,0.000513944,0.000488349,0.000488266,0.000515412,0.00048052,0.000504833,0.000488198,0.000504974,0.000513546,0.000523327,0.000513684,0.000504593,0.000513824,0.000555362,0.000496441,0.00052327,0.000496519,0.000496182,0.000543866,0.000504945,0.000505177,0.000533829,0.000488169,0.000523161,0.000480715,0.00053363,0.000514354,0.000544156,0.000496342,0.00052307,0.000496842,0.000467278
0,0,0,0,0,0,0,0,0,0,0,0,0,0,0.000524423,0.000496033,0.000504674,0.000478584,0.000478499,0.000506169,0.000470593,0.000495393,0.00047843,0.000495537,0.000504269,0.000514227,0.000504409,0.000495148,0.000504552,0.000546795,0.000486838,0.000514169,0.000486918,0.000486575,0.000535115,0.000495507,0.000495744,0.000524911,0.0004784,0.000514058,0.000470791,0.000524709,0.000505092,0.00053541,0.000486737,0.000513965,0.000487247,0.000457063
0,0,0,0,0,0,0,0,0,0,0,0,0,0,0,0.000524226,0.000533122,0.000508493,0.000508414,0.000534538,0.00050098,0.000524345,0.000508349,0.000524481,0.000532738,0.000542174,0.000532871,0.000524114,0.000533007,0.000573156,0.00051627,0.000542119,0.000516345,0.000516021,0.000562024,0.000524452,0.000524676,0.000552317,0.000508321,0.000542014,0.000501166,0.000552125,0.000533518,0.000562305,0.000516175,0.000541926,0.000516655,0.000488293
0,0,0,0,0,0,0,0,0,0,0,0,0,0,0,0,0.000504472,0.00047837,0.000478285,0.000505967,0.000470375,0.000495187,0.000478216,0.000495331,0.000504066,0.000514028,0.000504206,0.000494942,0.00050435,0.000546608,0.000486628,0.00051397,0.000486708,0.000486364,0.000534924,0.0004953,0.000495537,0.000524716,0.000478186,0.000513859,0.000470574,0.000524514,0.00050489,0.000535219,0.000486527,0.000513766,0.000487037,0.000456839
0,0,0,0,0,0,0,0,0,0,0,0,0,0,0,0,0,0.000489004,0.000488022,0.00051518,0.000480275,0.000505545,0.000487955,0.000505688,0.000513313,0.0005231,0.000513451,0.000505303,0.000513593,0.000555146,0.0004962,0.000524414,0.000496278,0.000495941,0.000543646,0.000504708,0.00050494,0.000533605,0.000487924,0.000522932,0.000480466,0.000533406,0.000514122,0.000543936,0.000496101,0.000522841,0.000496601,0.000467022
0,0,0,0,0,0,0,0,0,0,0,0,0,0,0,0,0,0,0.00046099,0.000489651,0.000453172,0.000478503,0.000461354,0.0004793,0.000487685,0.000499376,0.000488719,0.000478889,0.000488873,0.000531539,0.000469641,0.000497918,0.000469721,0.000469366,0.000519517,0.000478619,0.000478864,0.000508999,0.000460886,0.0004978,0.000452983,0.000508791,0.000488536,0.00051982,0.000469534,0.000497704,0.000470062,0.000438698
0,0,0,0,0,0,0,0,0,0,0,0,0,0,0,0,0,0,0,0.000490525,0.000453082,0.000479063,0.000461266,0.000479213,0.000488487,0.000497895,0.000488637,0.000478164,0.00048879,0.000531479,0.000469554,0.000497835,0.000469635,0.000469279,0.000519438,0.000478534,0.00047878,0.00050892,0.000460798,0.000497718,0.000452894,0.000508711,0.000488453,0.000519742,0.000469448,0.000497623,0.000469976,0.000438606
0,0,0,0,0,0,0,0,0,0,0,0,0,0,0,0,0,0,0,0,0.000482818,0.000506092,0.000490457,0.000506233,0.000514783,0.000524541,0.000516021,0.000505853,0.000515061,0.00056789,0.000497722,0.000524485,0.000497798,0.000497463,0.000545034,0.000506203,0.000506435,0.000535019,0.00048947,0.000524375,0.000482036,0.000534821,0.000515589,0.000545324,0.000497621,0.000524285,0.00049812,0.000468637
0,0,0,0,0,0,0,0,0,0,0,0,0,0,0,0,0,0,0,0,0,0.00047114,0.000453009,0.000471296,0.000479847,0.000490302,0.000479995,0.000470878,0.000480145,0.000524373,0.000461975,0.000491695,0.000461577,0.000461215,0.000512165,0.000470629,0.000470878,0.000501493,0.000452583,0.000490122,0.000444532,0.000501282,0.000480711,0.000512473,0.000461386,0.000490025,0.000461924,0.000429967
0,0,0,0,0,0,0,0,0,0,0,0,0,0,0,0,0,0,0,0,0,0,0.000478349,0.000495459,0.000505128,0.000514152,0.000504332,0.000495833,0.000505419,0.000546723,0.000486759,0.000514094,0.000486837,0.000486494,0.000535042,0.000495427,0.000495664,0.000524835,0.000478318,0.000513981,0.000470708,0.000524634,0.000505014,0.000535336,0.000486656,0.000513889,0.000487166,0.000456977
0,0,0,0,0,0,0,0,0,0,0,0,0,0,0,0,0,0,0,0,0,0,0,0.000478498,0.000488419,0.000497828,0.000487681,0.000478734,0.000487828,0.000531417,0.000469995,0.000499163,0.000469565,0.000469209,0.000519375,0.000478465,0.000478711,0.000508855,0.000460727,0.000497652,0.000452821,0.000508646,0.000488385,0.000519679,0.000469377,0.000497556,0.000469906,0.00043853
0,0,0,0,0,0,0,0,0,0,0,0,0,0,0,0,0,0,0,0,0,0,0,0,0.000504332,0.000515621,0.000504473,0.000495214,0.000504618,0.000546853,0.000486905,0.000515561,0.000486983,0.00048664,0.000535175,0.000495571,0.000495808,0.000524971,0.000478467,0.00051412,0.000470859,0.000524769,0.000505156,0.00053547,0.000486803,0.000514027,0.000487312,0.000457133
0,0,0,0,0,0,0,0,0,0,0,0,0,0,0,0,0,0,0,0,0,0,0,0,0,0.000522708,0.000513053,0.000503952,0.000513195,0.000554778,0.000496679,0.000522651,0.000495866,0.000495529,0.00054327,0.000504303,0.000504535,0.000533221,0.000487505,0.000522541,0.000480935,0.000533023,0.000513724,0.00054356,0.000495688,0.00052245,0.000496189,0.000466584
0,0,0,0,0,0,0,0,0,0,0,0,0,0,0,0,0,0,0,0,0,0,0,0,0,0,0.000522845,0.000513916,0.000524355,0.000563845,0.000507266,0.000532266,0.000505989,0.000505659,0.000552526,0.00051426,0.000514488,0.000542648,0.000497798,0.000532158,0.00049049,0.000542453,0.000523502,0.000552811,0.000505815,0.000532068,0.000506306,0.000477329
0,0,0,0,0,0,0,0,0,0,0,0,0,0,0,0,0,0,0,0,0,0,0,0,0,0,0,0.000504092,0.000513333,0.000554917,0.000496826,0.000522786,0.000496008,0.000495672,0.0005434,0.000504443,0.000504676,0.000533354,0.00048765,0.000522677,0.000480188,0.000533155,0.000513862,0.000543691,0.000495831,0.000522586,0.000496332,0.000466736
0,0,0,0,0,0,0,0,0,0,0,0,0,0,0,0,0,0,0,0,0,0,0,0,0,0,0,0,0.000504236,0.000546501,0.000487188,0.000513859,0.000486588,0.000486244,0.000534815,0.000495183,0.00049542,0.000524605,0.000478064,0.000513745,0.00047045,0.000524402,0.000504774,0.00053511,0.000486407,0.000513653,0.000486917,0.000456712
0,0,0,0,0,0,0,0,0,0,0,0,0,0,0,0,0,0,0,0,0,0,0,0,0,0,0,0,0,0.000555035,0.000496978,0.000522924,0.000496154,0.000495817,0.000543533,0.000504586,0.000504819,0.00053349,0.000487798,0.000522815,0.000480338,0.000533291,0.000514002,0.000543823,0.000495977,0.000522724,0.000496477,0.00046689
0,0,0,0,0,0,0,0,0,0,0,0,0,0,0,0,0,0,0,0,0,0,0,0,0,0,0,0,0,0,0.000538983,0.000563791,0.000539055,0.000538745,0.000582958,0.000546826,0.00054704,0.000573605,0.000531374,0.00056369,0.000524534,0.00057342,0.000555526,0.000583228,0.000538892,0.000563606,0.000539352,0.000512248
0,0,0,0,0,0,0,0,0,0,0,0,0,0,0,0,0,0,0,0,0,0,0,0,0,0,0,0,0,0,0,0.000505854,0.000478129,0.000477779,0.00052713,0.000486873,0.000487114,0.000516768,0.000469452,0.000505741,0.000461696,0.000516563,0.000496625,0.00052743,0.000477945,0.000505646,0.000478464,0.000447688
0,0,0,0,0,0,0,0,0,0,0,0,0,0,0,0,0,0,0,0,0,0,0,0,0,0,0,0,0,0,0,0,0.00050593,0.0005056,0.000552471,0.000514202,0.00051443,0.000542593,0.000497738,0.000532101,0.000490429,0.000542398,0.000523445,0.000552757,0.000505756,0.000532012,0.000506247,0.000477266
0,0,0,0,0,0,0,0,0,0,0,0,0,0,0,0,0,0,0,0,0,0,0,0,0,0,0,0,0,0,0,0,0,0.000477861,0.000527205,0.000486956,0.000487194,0.000519298,0.000470048,0.000507159,0.000462264,0.000516645,0.000497622,0.000527508,0.000478599,0.000505725,0.000478546,0.000448239
0,0,0,0,0,0,0,0,0,0,0,0,0,0,0,0,0,0,0,0,0,0,0,0,0,0,0,0,0,0,0,0,0,0,0.00052689,0.000487294,0.000487539,0.000516522,0.000469689,0.000505489,0.000461897,0.000516316,0.000496368,0.00052719,0.000478247,0.00050673,0.000478771,0.000447404
0,0,0,0,0,0,0,0,0,0,0,0,0,0,0,0,0,0,0,0,0,0,0,0,0,0,0,0,0,0,0,0,0,0,0,0.000535148,0.00053537,0.000562482,0.000519352,0.00055237,0.000512349,0.000562295,0.000544035,0.000572293,0.000527041,0.000552283,0.000532603,0.000506336
0,0,0,0,0,0,0,0,0,0,0,0,0,0,0,0,0,0,0,0,0,0,0,0,0,0,0,0,0,0,0,0,0,0,0,0,0.000495779,0.000527247,0.000478437,0.000514092,0.000471462,0.000524747,0.000506087,0.000535447,0.000487457,0.000514,0.000487283,0.000457739
0,0,0,0,0,0,0,0,0,0,0,0,0,0,0,0,0,0,0,0,0,0,0,0,0,0,0,0,0,0,0,0,0,0,0,0,0,0.000525167,0.000479334,0.000514321,0.000471716,0.000524966,0.000505362,0.000540432,0.000487014,0.000514228,0.000488215,0.000458002
0,0,0,0,0,0,0,0,0,0,0,0,0,0,0,0,0,0,0,0,0,0,0,0,0,0,0,0,0,0,0,0,0,0,0,0,0,0,0.000508828,0.000542489,0.000501689,0.000555061,0.000534003,0.000562763,0.000516676,0.0005424,0.000517153,0.00048883
0,0,0,0,0,0,0,0,0,0,0,0,0,0,0,0,0,0,0,0,0,0,0,0,0,0,0,0,0,0,0,0,0,0,0,0,0,0,0,0.000499013,0.000453184,0.00050862,0.000488357,0.000519656,0.00046935,0.000498911,0.000470394,0.000438855
0,0,0,0,0,0,0,0,0,0,0,0,0,0,0,0,0,0,0,0,0,0,0,0,0,0,0,0,0,0,0,0,0,0,0,0,0,0,0,0,0.000490314,0.000542293,0.000523337,0.000552654,0.000506986,0.000531906,0.000507474,0.00047715
0,0,0,0,0,0,0,0,0,0,0,0,0,0,0,0,0,0,0,0,0,0,0,0,0,0,0,0,0,0,0,0,0,0,0,0,0,0,0,0,0,0.000504211,0.000481835,0.000512666,0.00046159,0.000490218,0.000462128,0.000430478
0,0,0,0,0,0,0,0,0,0,0,0,0,0,0,0,0,0,0,0,0,0,0,0,0,0,0,0,0,0,0,0,0,0,0,0,0,0,0,0,0,0,0.000533803,0.000562574,0.000516468,0.000542205,0.000516949,0.000491617
0,0,0,0,0,0,0,0,0,0,0,0,0,0,0,0,0,0,0,0,0,0,0,0,0,0,0,0,0,0,0,0,0,0,0,0,0,0,0,0,0,0,0,0.000548629,0.000496528,0.000523245,0.000497026,0.000468451
0,0,0,0,0,0,0,0,0,0,0,0,0,0,0,0,0,0,0,0,0,0,0,0,0,0,0,0,0,0,0,0,0,0,0,0,0,0,0,0,0,0,0,0,0.000527336,0.000552568,0.000527811,0.000500089
0,0,0,0,0,0,0,0,0,0,0,0,0,0,0,0,0,0,0,0,0,0,0,0,0,0,0,0,0,0,0,0,0,0,0,0,0,0,0,0,0,0,0,0,0,0.000506886,0.000478938,0.00044804
0,0,0,0,0,0,0,0,0,0,0,0,0,0,0,0,0,0,0,0,0,0,0,0,0,0,0,0,0,0,0,0,0,0,0,0,0,0,0,0,0,0,0,0,0,0,0.000506043,0.000478599
0,0,0,0,0,0,0,0,0,0,0,0,0,0,0,0,0,0,0,0,0,0,0,0,0,0,0,0,0,0,0,0,0,0,0,0,0,0,0,0,0,0,0,0,0,0,0,0.000448604
0,0,0,0,0,0,0,0,0,0,0,0,0,0,0,0,0,0,0,0,0,0,0,0,0,0,0,0,0,0,0,0,0,0,0,0,0,0,0,0,0,0,0,0,0,0,0,0
