# # np.logspace(-2, 2., num = num_time_points)
0,0.000481491,0.00046779,0.000467416,0.000444459,0.000467472,0.000457969,0.000426883,0.000427223,0.000444718,0.00048145,0.000456199,0.000470243,0.000455633,0.000495838,0.00045536,0.000467947,0.000434232,0.000434129,0.000469992,0.000424685,0.000455525,0.000434045,0.000455714,0.000467394,0.000481197,0.000467585,0.000455204,0.00046778,0.000529649,0.000444489,0.000481115,0.00044459,0.000444155,0.000511715,0.000455675,0.000455987,0.000496551,0.000434009,0.000480958,0.000424918,0.000496255,0.000468517,0.000512162,0.000444361,0.000480827,0.000445007,0.000409424
0,0,0.000468199,0.000467831,0.000444893,0.000467885,0.000456527,0.000425453,0.000425791,0.000447029,0.000484143,0.000458508,0.000468689,0.000457943,0.000496226,0.000455786,0.000468359,0.000434677,0.000434574,0.000470403,0.00042514,0.000455949,0.00043449,0.000456138,0.000467807,0.000481598,0.000467998,0.000455628,0.000468193,0.000530014,0.000444923,0.000481516,0.000445024,0.00044459,0.000512093,0.000456099,0.00045641,0.00049694,0.000434454,0.000481359,0.000425373,0.000496645,0.00046893,0.00051254,0.000444795,0.000481229,0.000445441,0.000409896
0,0,0,0.00045371,0.00043126,0.000453769,0.000443378,0.000409875,0.000410226,0.000431531,0.000468155,0.000442145,0.000456123,0.000441563,0.000482938,0.000442604,0.000454257,0.000419443,0.000419336,0.000456363,0.000409552,0.00044145,0.000419249,0.000441646,0.000453687,0.000467895,0.000453886,0.000441118,0.000454085,0.000517594,0.000430053,0.00046781,0.000430157,0.000429708,0.000499227,0.000441605,0.000441926,0.000483672,0.000419212,0.000467649,0.000409793,0.000483368,0.000454845,0.000499685,0.000429921,0.000467514,0.000430589,0.000393704
0,0,0,0,0.000430846,0.000453386,0.000441654,0.000410624,0.000410977,0.000431115,0.000467783,0.000443075,0.000454211,0.000441168,0.00048258,0.000440888,0.000453875,0.00041903,0.000418923,0.000455984,0.000409129,0.000441058,0.000418836,0.000441253,0.000453305,0.000467524,0.000453504,0.000440725,0.000453704,0.000517259,0.00042965,0.00046744,0.000429754,0.000429305,0.00049888,0.000441212,0.000441534,0.000483313,0.000418798,0.000467278,0.00040937,0.000483009,0.000454464,0.000499339,0.000429517,0.000467144,0.000430186,0.000393264
0,0,0,0,0,0.000430907,0.000418231,0.00038367,0.000383412,0.000404808,0.000444842,0.000418335,0.000430551,0.000416767,0.000460382,0.000416471,0.000430195,0.000393259,0.000393145,0.000432422,0.00038269,0.00041665,0.000393051,0.000416857,0.000429594,0.000444572,0.000431036,0.000416298,0.000430015,0.000496611,0.000404556,0.000444483,0.000404665,0.000404188,0.000477438,0.000416814,0.000417154,0.000461148,0.000393011,0.000444313,0.000382948,0.000460829,0.000430816,0.000477917,0.000404414,0.000444172,0.000405124,0.00036568
0,0,0,0,0,0,0.000441715,0.00041069,0.000411044,0.00042995,0.000467837,0.000441811,0.000454267,0.000442546,0.000482631,0.000442263,0.000453933,0.000419092,0.000418985,0.000456041,0.000409193,0.000441117,0.000418898,0.000441312,0.000453363,0.00046758,0.000453562,0.000440785,0.000453761,0.00051731,0.00042971,0.000467496,0.000429815,0.000429365,0.000498932,0.000441271,0.000441593,0.000483368,0.000418861,0.000467334,0.000409434,0.000483063,0.000454521,0.000499391,0.000429578,0.0004672,0.000430247,0.000393331
0,0,0,0,0,0,0,0.000397331,0.000396856,0.000417561,0.000456477,0.000429767,0.000442564,0.00043024,0.000474754,0.000428877,0.000442216,0.000406373,0.000406262,0.00044438,0.000396155,0.000429051,0.000406173,0.000429252,0.000441631,0.000456214,0.000441835,0.000428709,0.00044204,0.00050706,0.000417315,0.000456128,0.000417422,0.000416959,0.000488297,0.00042921,0.000429541,0.000472382,0.000406134,0.000455962,0.000396405,0.000472071,0.00044282,0.000488765,0.000417179,0.000455824,0.000417867,0.000379749
0,0,0,0,0,0,0,0,0.000361118,0.000383976,0.00042731,0.000396595,0.000410431,0.000395947,0.000441619,0.000396459,0.000410055,0.000371119,0.000370998,0.000412388,0.000359902,0.000395821,0.000370899,0.000396039,0.000409424,0.000425114,0.000409644,0.000395451,0.000409866,0.00047927,0.000383069,0.000425021,0.000383186,0.000382682,0.000459374,0.000395994,0.000396352,0.000442419,0.000370857,0.000424843,0.000360176,0.000442087,0.000410707,0.000459872,0.00038292,0.000424695,0.00038367,0.00034176
0,0,0,0,0,0,0,0,0,0.000383713,0.000425739,0.00039781,0.000411988,0.000397144,0.000445414,0.000396826,0.000410408,0.000371508,0.000371388,0.000412739,0.000360303,0.000396187,0.000371289,0.000396404,0.000409777,0.000425454,0.000409996,0.000395817,0.000410218,0.000479572,0.000383446,0.000425361,0.000383563,0.00038306,0.000459688,0.000396359,0.000396717,0.000442746,0.000371247,0.000425184,0.000360578,0.000442414,0.000411059,0.000460186,0.000383298,0.000425036,0.000384047,0.000342183
0,0,0,0,0,0,0,0,0,0,0.000446976,0.000417664,0.000430821,0.000417988,0.000460626,0.000417686,0.000430465,0.000393552,0.000393438,0.000432687,0.000382993,0.000416928,0.000393346,0.000417135,0.000429863,0.000444833,0.000430072,0.000416577,0.000430284,0.000496844,0.000404841,0.000444744,0.000404952,0.000404475,0.00047768,0.000417092,0.000417432,0.000461399,0.000393306,0.000444574,0.000383251,0.000461081,0.000431085,0.000478159,0.0004047,0.000444433,0.00040541,0.000365997
0,0,0,0,0,0,0,0,0,0,0,0.000456577,0.000470624,0.000456011,0.000496178,0.000455737,0.000468312,0.000434626,0.000434523,0.000470356,0.000425088,0.000455901,0.000434439,0.00045609,0.00046776,0.000481552,0.000467951,0.000455579,0.000468146,0.000529972,0.000444874,0.00048147,0.000444974,0.00044454,0.00051205,0.00045605,0.000456362,0.000496896,0.000434403,0.000481313,0.000425321,0.0004966,0.000468883,0.000512497,0.000444746,0.000481183,0.000445392,0.000409842
0,0,0,0,0,0,0,0,0,0,0,0,0.000444004,0.000429265,0.000474846,0.000428974,0.000442313,0.000406478,0.000406368,0.000444477,0.000396263,0.00042915,0.000406278,0.000429351,0.000441728,0.000456308,0.000441932,0.000428809,0.000442137,0.000507144,0.000417417,0.000456222,0.000417525,0.000417062,0.000488385,0.000429309,0.00042964,0.000472472,0.000406239,0.000456056,0.000396513,0.000472161,0.000442917,0.000488853,0.000417281,0.000455918,0.000417969,0.000379862
0,0,0,0,0,0,0,0,0,0,0,0,0,0.000442074,0.00048341,0.000441796,0.000454757,0.000419985,0.000419878,0.000456861,0.000410107,0.000441965,0.000419791,0.00044216,0.000454188,0.00046838,0.000454385,0.000441633,0.000454586,0.000518033,0.000430581,0.000468296,0.000430685,0.000430237,0.000499682,0.000442119,0.00044244,0.000484142,0.000419754,0.000468135,0.000410348,0.000483838,0.000455344,0.00050014,0.000430449,0.000468,0.000431116,0.000394281
0,0,0,0,0,0,0,0,0,0,0,0,0,0,0.000471176,0.000429442,0.00044173,0.000405844,0.000405733,0.000443896,0.000395612,0.00042855,0.000405643,0.000428751,0.000441144,0.000455743,0.000441347,0.000428208,0.000441554,0.000506636,0.000416799,0.000455656,0.000416907,0.000416444,0.000487857,0.000428709,0.00042904,0.000471927,0.000405604,0.000455491,0.000395862,0.000471615,0.000442335,0.000488326,0.000416663,0.000455353,0.000417352,0.000379183
0,0,0,0,0,0,0,0,0,0,0,0,0,0,0,0.00047091,0.000483091,0.000450512,0.000450412,0.000485073,0.000441317,0.000471069,0.000450331,0.000471252,0.000482556,0.000495937,0.000482741,0.000470758,0.00048293,0.000543076,0.000460406,0.000495857,0.000460503,0.000460084,0.0005256,0.000471214,0.000471515,0.000510849,0.000450296,0.000495705,0.000441541,0.000510561,0.000483644,0.000526036,0.000460282,0.000495578,0.000460906,0.000426651
0,0,0,0,0,0,0,0,0,0,0,0,0,0,0,0,0.00044145,0.000405539,0.000405428,0.000443618,0.0003953,0.000428261,0.000405338,0.000428462,0.000440864,0.000455472,0.000441067,0.000427919,0.000441274,0.000506392,0.000416502,0.000455385,0.00041661,0.000416147,0.000487603,0.00042842,0.000428752,0.000471665,0.000405299,0.000455219,0.00039555,0.000471353,0.000442055,0.000488072,0.000416366,0.000455081,0.000417056,0.000378856
0,0,0,0,0,0,0,0,0,0,0,0,0,0,0,0,0,0.000420835,0.00041952,0.00045653,0.000409745,0.000442955,0.000419436,0.000443154,0.000453856,0.000468061,0.000454053,0.00044262,0.000454256,0.000517741,0.000430231,0.000469943,0.000430334,0.000429885,0.000499379,0.000441777,0.000442098,0.000483829,0.000419393,0.000467811,0.000409979,0.000483525,0.000455012,0.000499837,0.000430097,0.000467677,0.000430765,0.000393897
0,0,0,0,0,0,0,0,0,0,0,0,0,0,0,0,0,0,0.000381551,0.000421908,0.000371287,0.000405731,0.000382035,0.000406815,0.000419008,0.000436226,0.000420416,0.00040623,0.000420644,0.000487482,0.0003933,0.000434268,0.000393409,0.000392918,0.000467935,0.000405894,0.000406244,0.000451302,0.000381411,0.000434086,0.000371034,0.000450977,0.000420261,0.000468424,0.00039315,0.000433941,0.000393881,0.000353184
0,0,0,0,0,0,0,0,0,0,0,0,0,0,0,0,0,0,0,0.000423086,0.000371166,0.000406487,0.000381918,0.000406701,0.000420091,0.000434253,0.000420311,0.000405257,0.000420535,0.000487424,0.000393185,0.000434161,0.000393295,0.000392804,0.000467839,0.000405784,0.000406134,0.000451203,0.000381293,0.000433983,0.000370914,0.000450877,0.000420154,0.000468328,0.000393036,0.000433838,0.000393767,0.000353057
0,0,0,0,0,0,0,0,0,0,0,0,0,0,0,0,0,0,0,0,0.000413349,0.000443791,0.000422997,0.000443985,0.000455965,0.000470102,0.000457731,0.000443461,0.000456361,0.000535961,0.000432457,0.00047002,0.000432557,0.00043211,0.000501296,0.000443943,0.000444263,0.000485807,0.000421674,0.000469857,0.000412312,0.000485505,0.000457115,0.000501753,0.000432322,0.000469723,0.000432986,0.000396325
0,0,0,0,0,0,0,0,0,0,0,0,0,0,0,0,0,0,0,0,0,0.000396323,0.000371068,0.000396547,0.00040911,0.000424812,0.000409329,0.000395947,0.000409552,0.000479034,0.000383364,0.000426608,0.000382845,0.000382341,0.00045909,0.000395664,0.000396023,0.000442124,0.000370505,0.000424536,0.000359814,0.000441792,0.000410389,0.000459588,0.00038258,0.000424388,0.00038333,0.000341378
0,0,0,0,0,0,0,0,0,0,0,0,0,0,0,0,0,0,0,0,0,0,0.000405529,0.000428643,0.000442353,0.000455642,0.00044124,0.000429162,0.000442773,0.000506542,0.00041669,0.000455556,0.000416793,0.000416329,0.000487759,0.000428597,0.000428929,0.000471826,0.000405487,0.000455386,0.000395743,0.000471514,0.000442227,0.000488228,0.000416549,0.000455248,0.000417238,0.000379057
0,0,0,0,0,0,0,0,0,0,0,0,0,0,0,0,0,0,0,0,0,0,0,0.000405742,0.000420003,0.000434167,0.000419032,0.000406028,0.000419248,0.000487349,0.000393779,0.000435938,0.000393202,0.000392711,0.000467761,0.000405694,0.000406044,0.000451122,0.000381197,0.000433899,0.000370815,0.000450796,0.000420067,0.00046825,0.000392943,0.000433754,0.000393674,0.000352953
0,0,0,0,0,0,0,0,0,0,0,0,0,0,0,0,0,0,0,0,0,0,0,0,0.000441233,0.0004577,0.000441437,0.000428301,0.000441646,0.000506712,0.000416895,0.000457612,0.000417,0.000416536,0.000487936,0.000428799,0.00042913,0.000472008,0.0004057,0.000455575,0.00039596,0.000471697,0.000442422,0.000488405,0.000416756,0.000455437,0.000417445,0.000379285
0,0,0,0,0,0,0,0,0,0,0,0,0,0,0,0,0,0,0,0,0,0,0,0,0,0.000467506,0.000453484,0.000440708,0.000453687,0.000517241,0.000430856,0.000467421,0.000429733,0.000429283,0.000498861,0.000441192,0.000441513,0.000483294,0.000418777,0.000467258,0.00041052,0.000482992,0.000454444,0.00049932,0.000429495,0.000467123,0.000430164,0.000393241
0,0,0,0,0,0,0,0,0,0,0,0,0,0,0,0,0,0,0,0,0,0,0,0,0,0,0.000467699,0.00045532,0.000469864,0.000529747,0.000446462,0.000481225,0.000444706,0.000444271,0.000511816,0.000455788,0.0004561,0.000496655,0.000434128,0.000481065,0.00042504,0.00049636,0.000468628,0.000512263,0.000444477,0.000480934,0.000445123,0.00040955
0,0,0,0,0,0,0,0,0,0,0,0,0,0,0,0,0,0,0,0,0,0,0,0,0,0,0,0.000440909,0.000453884,0.000517441,0.00043107,0.000467611,0.000429941,0.000429491,0.000499041,0.000441394,0.000441716,0.000483479,0.00041899,0.00046745,0.000409566,0.000483175,0.00045464,0.000499499,0.000429704,0.000467315,0.000430372,0.000393468
0,0,0,0,0,0,0,0,0,0,0,0,0,0,0,0,0,0,0,0,0,0,0,0,0,0,0,0,0.000441118,0.000506253,0.000417267,0.000455236,0.000416441,0.000415977,0.000487459,0.000428256,0.000428587,0.000471515,0.000405126,0.000455064,0.000395372,0.000471203,0.000441896,0.000487928,0.000416197,0.000454926,0.000416887,0.000378671
0,0,0,0,0,0,0,0,0,0,0,0,0,0,0,0,0,0,0,0,0,0,0,0,0,0,0,0,0,0.00051759,0.000431291,0.000467806,0.000430153,0.000429704,0.000499224,0.000441601,0.000441922,0.000483668,0.000419208,0.000467645,0.000409789,0.000483364,0.000454841,0.000499682,0.000429916,0.00046751,0.000430584,0.0003937
0,0,0,0,0,0,0,0,0,0,0,0,0,0,0,0,0,0,0,0,0,0,0,0,0,0,0,0,0,0,0.00049664,0.000529672,0.000496731,0.000496342,0.000557615,0.000506676,0.000506957,0.000543732,0.000487283,0.00052953,0.000479204,0.000543462,0.000518257,0.000558025,0.000496526,0.000529411,0.000497104,0.000465521
0,0,0,0,0,0,0,0,0,0,0,0,0,0,0,0,0,0,0,0,0,0,0,0,0,0,0,0,0,0,0,0.000444518,0.000404701,0.000404224,0.000477468,0.000416849,0.000417189,0.000461179,0.000393048,0.000444346,0.000382987,0.000460861,0.00043085,0.000477947,0.00040445,0.000444205,0.00040516,0.00036572
0,0,0,0,0,0,0,0,0,0,0,0,0,0,0,0,0,0,0,0,0,0,0,0,0,0,0,0,0,0,0,0,0.000444617,0.000444182,0.000511739,0.000455701,0.000456013,0.000496576,0.000434037,0.000480983,0.000424947,0.00049628,0.000468543,0.000512186,0.000444388,0.000480852,0.000445035,0.000409454
0,0,0,0,0,0,0,0,0,0,0,0,0,0,0,0,0,0,0,0,0,0,0,0,0,0,0,0,0,0,0,0,0,0.000404337,0.000477565,0.000416963,0.000417299,0.000464625,0.000393854,0.000446289,0.000383743,0.000460973,0.00043222,0.000478053,0.000405343,0.000444309,0.000405274,0.000366429
0,0,0,0,0,0,0,0,0,0,0,0,0,0,0,0,0,0,0,0,0,0,0,0,0,0,0,0,0,0,0,0,0,0,0.000477164,0.000417433,0.00041778,0.000460862,0.000393358,0.000444017,0.000383233,0.000460541,0.000430508,0.000477645,0.000404862,0.000445705,0.000405579,0.00036532
0,0,0,0,0,0,0,0,0,0,0,0,0,0,0,0,0,0,0,0,0,0,0,0,0,0,0,0,0,0,0,0,0,0,0,0.000487901,0.000488198,0.000526278,0.000467737,0.000511597,0.000459308,0.000526001,0.000499917,0.000541032,0.000477358,0.000511471,0.000484881,0.000453054
0,0,0,0,0,0,0,0,0,0,0,0,0,0,0,0,0,0,0,0,0,0,0,0,0,0,0,0,0,0,0,0,0,0,0,0,0.00042909,0.000475194,0.000405657,0.000455537,0.000396751,0.000471673,0.000443731,0.000488378,0.000417654,0.000455402,0.000417404,0.000380038
0,0,0,0,0,0,0,0,0,0,0,0,0,0,0,0,0,0,0,0,0,0,0,0,0,0,0,0,0,0,0,0,0,0,0,0,0,0.000472271,0.000406885,0.000455851,0.000397115,0.000471963,0.000442712,0.000495313,0.000417055,0.000455713,0.000418695,0.00038042
0,0,0,0,0,0,0,0,0,0,0,0,0,0,0,0,0,0,0,0,0,0,0,0,0,0,0,0,0,0,0,0,0,0,0,0,0,0,0.000451091,0.000496427,0.000442368,0.000514944,0.000484387,0.000526713,0.000461063,0.000496297,0.000461679,0.000427508
0,0,0,0,0,0,0,0,0,0,0,0,0,0,0,0,0,0,0,0,0,0,0,0,0,0,0,0,0,0,0,0,0,0,0,0,0,0,0,0.00043572,0.000371291,0.000450765,0.000420032,0.000468226,0.000392909,0.000435565,0.000394333,0.000353362
0,0,0,0,0,0,0,0,0,0,0,0,0,0,0,0,0,0,0,0,0,0,0,0,0,0,0,0,0,0,0,0,0,0,0,0,0,0,0,0,0.000424772,0.000496128,0.000468384,0.000512039,0.00044606,0.000480699,0.000446707,0.000409276
0,0,0,0,0,0,0,0,0,0,0,0,0,0,0,0,0,0,0,0,0,0,0,0,0,0,0,0,0,0,0,0,0,0,0,0,0,0,0,0,0,0.000445558,0.000411849,0.000459825,0.00038284,0.000424625,0.00038359,0.000342042
0,0,0,0,0,0,0,0,0,0,0,0,0,0,0,0,0,0,0,0,0,0,0,0,0,0,0,0,0,0,0,0,0,0,0,0,0,0,0,0,0,0,0.00048408,0.000526434,0.000460739,0.000496002,0.000461362,0.000430833
0,0,0,0,0,0,0,0,0,0,0,0,0,0,0,0,0,0,0,0,0,0,0,0,0,0,0,0,0,0,0,0,0,0,0,0,0,0,0,0,0,0,0,0.000506534,0.000430721,0.000468249,0.000431386,0.00039579
0,0,0,0,0,0,0,0,0,0,0,0,0,0,0,0,0,0,0,0,0,0,0,0,0,0,0,0,0,0,0,0,0,0,0,0,0,0,0,0,0,0,0,0,0.000477828,0.000511916,0.000478438,0.000445547
0,0,0,0,0,0,0,0,0,0,0,0,0,0,0,0,0,0,0,0,0,0,0,0,0,0,0,0,0,0,0,0,0,0,0,0,0,0,0,0,0,0,0,0,0,0.00044591,0.000405808,0.000366149
0,0,0,0,0,0,0,0,0,0,0,0,0,0,0,0,0,0,0,0,0,0,0,0,0,0,0,0,0,0,0,0,0,0,0,0,0,0,0,0,0,0,0,0,0,0,0.000444729,0.00041103
0,0,0,0,0,0,0,0,0,0,0,0,0,0,0,0,0,0,0,0,0,0,0,0,0,0,0,0,0,0,0,0,0,0,0,0,0,0,0,0,0,0,0,0,0,0,0,0.000366946
0,0,0,0,0,0,0,0,0,0,0,0,0,0,0,0,0,0,0,0,0,0,0,0,0,0,0,0,0,0,0,0,0,0,0,0,0,0,0,0,0,0,0,0,0,0,0,0
