# # np.logspace(-2, 2., num = num_time_points)
0,0.000608447,0.000606411,0.000606354,0.000602506,0.000606363,0.000604825,0.000599017,0.000599089,0.000602554,0.000608441,0.00060455,0.000606779,0.000604455,0.000610419,0.00060441,0.000606436,0.00060057,0.000600549,0.00060675,0.0005986,0.000604438,0.000600533,0.000604469,0.000606351,0.000608406,0.000606381,0.000604384,0.000606411,0.000614562,0.000602512,0.000608394,0.000602531,0.000602452,0.000612443,0.000604463,0.000604515,0.000610513,0.000600525,0.000608371,0.00059865,0.000610474,0.000606524,0.000612498,0.000602489,0.000608353,0.000602606,0.000595033
0,0,0.000606469,0.000606411,0.000602564,0.00060642,0.000604591,0.000598724,0.000598797,0.00060292,0.000608828,0.000604902,0.000606544,0.000604808,0.000610476,0.000604467,0.000606494,0.000600627,0.000600607,0.000606807,0.000598658,0.000604495,0.00060059,0.000604527,0.000606408,0.000608463,0.000606438,0.000604441,0.000606468,0.000614619,0.00060257,0.000608451,0.000602588,0.000602509,0.0006125,0.00060452,0.000604572,0.00061057,0.000600583,0.000608429,0.000598708,0.000610531,0.000606581,0.000612555,0.000602547,0.00060841,0.000602664,0.000595092
0,0,0,0.000604369,0.000600711,0.000604377,0.000602751,0.000596655,0.000596728,0.000600759,0.000606462,0.000602558,0.000604733,0.000602463,0.000608446,0.000602626,0.000604451,0.000598565,0.000598544,0.000604765,0.000596589,0.000602446,0.000598528,0.000602478,0.000604365,0.000606427,0.000604395,0.000602392,0.000604425,0.000612603,0.000600514,0.000606415,0.000600532,0.000600453,0.000610478,0.000602471,0.000602523,0.000608541,0.00059852,0.000606392,0.000596639,0.000608502,0.000604539,0.000610532,0.000600491,0.000606374,0.000600608,0.00059301
0,0,0,0,0.000600652,0.00060432,0.000602485,0.000596812,0.000596885,0.000600699,0.000606405,0.000602708,0.000604444,0.000602406,0.000608389,0.00060236,0.000604394,0.000598507,0.000598486,0.000604708,0.00059653,0.000602388,0.00059847,0.00060242,0.000604308,0.000606369,0.000604338,0.000602334,0.000604368,0.000612547,0.000600456,0.000606358,0.000600474,0.000600395,0.000610421,0.000602413,0.000602466,0.000608484,0.000598462,0.000606335,0.000596581,0.000608445,0.000604482,0.000610475,0.000600433,0.000606317,0.00060055,0.000592951
0,0,0,0,0,0.000600661,0.000598768,0.000592801,0.000592759,0.000596612,0.000602557,0.000598785,0.000600584,0.000598533,0.000604555,0.000598487,0.000600533,0.000594608,0.000594588,0.00060085,0.000592619,0.000598515,0.000594571,0.000598547,0.000600447,0.000602522,0.000600679,0.000598461,0.000600507,0.000608738,0.00059657,0.00060251,0.000596589,0.000596509,0.000606599,0.00059854,0.000598593,0.00060465,0.000594564,0.000602487,0.000592669,0.000604611,0.000600622,0.000606654,0.000596547,0.000602468,0.000596665,0.000589016
0,0,0,0,0,0,0.000602494,0.000596821,0.000596894,0.000600506,0.000606414,0.000602509,0.000604452,0.000602621,0.000608398,0.000602575,0.000604402,0.000598516,0.000598495,0.000604717,0.000596539,0.000602397,0.000598478,0.000602429,0.000604317,0.000606378,0.000604346,0.000602343,0.000604377,0.000612555,0.000600465,0.000606366,0.000600483,0.000600404,0.000610429,0.000602422,0.000602474,0.000608493,0.000598471,0.000606344,0.000596589,0.000608454,0.00060449,0.000610484,0.000600442,0.000606325,0.000600559,0.00059296
0,0,0,0,0,0,0,0.0005949,0.00059482,0.00059866,0.000604585,0.000600669,0.000602618,0.000600746,0.000607067,0.000600528,0.000602568,0.000596663,0.000596642,0.000602883,0.00059468,0.000600556,0.000596625,0.000600588,0.000602482,0.000604549,0.000602511,0.000600502,0.000602542,0.000610745,0.000598618,0.000604538,0.000598636,0.000598557,0.000608613,0.000600581,0.000600634,0.00060667,0.000596618,0.000604515,0.000594731,0.000606631,0.000602656,0.000608668,0.000598595,0.000604496,0.000598713,0.00059109
0,0,0,0,0,0,0,0,0.000588939,0.000592849,0.000599074,0.000594763,0.000596731,0.000594667,0.000600727,0.000594771,0.00059668,0.000590717,0.000590696,0.000596999,0.000588714,0.000594649,0.000590679,0.000594681,0.000596593,0.000598682,0.000596624,0.000594594,0.000596654,0.000604937,0.000592691,0.00059867,0.00059271,0.00059263,0.000602785,0.000594674,0.000594727,0.000600823,0.000590672,0.000598647,0.000588765,0.000600784,0.000596769,0.00060284,0.000592668,0.000598628,0.000592787,0.000585087
0,0,0,0,0,0,0,0,0,0.000592807,0.00059879,0.00059499,0.000597025,0.000594891,0.000601452,0.000594844,0.000596753,0.00059079,0.00059077,0.000597072,0.000588788,0.000594722,0.000590753,0.000594754,0.000596667,0.000598754,0.000596697,0.000594668,0.000596727,0.000605009,0.000592765,0.000598743,0.000592784,0.000592704,0.000602857,0.000594748,0.000594801,0.000600896,0.000590746,0.00059872,0.000588839,0.000600856,0.000596843,0.000602912,0.000592742,0.000598701,0.000592861,0.000585162
0,0,0,0,0,0,0,0,0,0,0.000602913,0.000598675,0.000600631,0.000598735,0.000604602,0.000598689,0.000600581,0.000594656,0.000594635,0.000600897,0.000592667,0.000598563,0.000594619,0.000598594,0.000600494,0.000602569,0.000600524,0.000598508,0.000600555,0.000608785,0.000596618,0.000602557,0.000596636,0.000596557,0.000606646,0.000598588,0.00059864,0.000604697,0.000594611,0.000602535,0.000592717,0.000604658,0.000600669,0.000606701,0.000596595,0.000602516,0.000596713,0.000589064
0,0,0,0,0,0,0,0,0,0,0,0.000604601,0.000606833,0.000604506,0.000610469,0.000604461,0.000606487,0.000600621,0.0006006,0.0006068,0.000598651,0.000604489,0.000600584,0.00060452,0.000606402,0.000608456,0.000606431,0.000604435,0.000606461,0.000614612,0.000602563,0.000608444,0.000602582,0.000602503,0.000612494,0.000604514,0.000604566,0.000610564,0.000600577,0.000608422,0.000598701,0.000610525,0.000606575,0.000612548,0.00060254,0.000608403,0.000602657,0.000595085
0,0,0,0,0,0,0,0,0,0,0,0,0.000602844,0.00060059,0.000607082,0.000600544,0.000602583,0.000596679,0.000596658,0.000602899,0.000594696,0.000600572,0.000596641,0.000600604,0.000602497,0.000604565,0.000602527,0.000600518,0.000602557,0.000610761,0.000598634,0.000604553,0.000598652,0.000598573,0.000608628,0.000600597,0.000600649,0.000606686,0.000596634,0.000604531,0.000594746,0.000606647,0.000602672,0.000608683,0.00059861,0.000604512,0.000598728,0.000591106
0,0,0,0,0,0,0,0,0,0,0,0,0,0.000602539,0.000608521,0.000602493,0.000604526,0.000598641,0.00059862,0.00060484,0.000596665,0.000602521,0.000598603,0.000602553,0.00060444,0.000606501,0.00060447,0.000602467,0.0006045,0.000612677,0.000600589,0.00060649,0.000600608,0.000600529,0.000610552,0.000602546,0.000602598,0.000608616,0.000598596,0.000606467,0.000596715,0.000608577,0.000604614,0.000610606,0.000600566,0.000606449,0.000600684,0.000593086
0,0,0,0,0,0,0,0,0,0,0,0,0,0,0.000606497,0.000600619,0.000602489,0.000596583,0.000596562,0.000602804,0.0005946,0.000600477,0.000596546,0.000600509,0.000602403,0.000604471,0.000602432,0.000600423,0.000602463,0.000610667,0.000598539,0.000604459,0.000598557,0.000598478,0.000608535,0.000600502,0.000600555,0.000606592,0.000596539,0.000604436,0.000594651,0.000606553,0.000602577,0.000608589,0.000598515,0.000604418,0.000598633,0.000591009
0,0,0,0,0,0,0,0,0,0,0,0,0,0,0,0.000606452,0.000608471,0.000602624,0.000602604,0.000608784,0.000600661,0.000606479,0.000602587,0.000606511,0.000608386,0.000610434,0.000608416,0.000606426,0.000608446,0.00061657,0.00060456,0.000610422,0.000604579,0.0006045,0.000614459,0.000606504,0.000606556,0.000612535,0.00060258,0.0006104,0.000600711,0.000612496,0.000608559,0.000614513,0.000604537,0.000610381,0.000604654,0.000597107
0,0,0,0,0,0,0,0,0,0,0,0,0,0,0,0,0.000602443,0.000596537,0.000596516,0.000602758,0.000594554,0.000600431,0.0005965,0.000600463,0.000602357,0.000604425,0.000602387,0.000600377,0.000602417,0.000610622,0.000598493,0.000604413,0.000598511,0.000598432,0.00060849,0.000600456,0.000600509,0.000606547,0.000596493,0.000604391,0.000594604,0.000606508,0.000602531,0.000608544,0.000598469,0.000604372,0.000598587,0.000590963
0,0,0,0,0,0,0,0,0,0,0,0,0,0,0,0,0,0.000598799,0.00059857,0.00060479,0.000596614,0.00060268,0.000598553,0.000602712,0.00060439,0.000606452,0.00060442,0.000602625,0.00060445,0.000612628,0.000600539,0.000606733,0.000600558,0.000600478,0.000610503,0.000602496,0.000602548,0.000608566,0.000598546,0.000606417,0.000596664,0.000608527,0.000604564,0.000610557,0.000600516,0.000606399,0.000600633,0.000593035
0,0,0,0,0,0,0,0,0,0,0,0,0,0,0,0,0,0,0.000592625,0.000598908,0.000590744,0.000596565,0.000592711,0.000596748,0.000598504,0.000600913,0.000598741,0.000596659,0.000598772,0.000606821,0.000594614,0.000600573,0.000594633,0.000594553,0.000604675,0.000596591,0.000596643,0.00060272,0.000592601,0.000600551,0.0005907,0.000602681,0.000598679,0.00060473,0.000594591,0.000600532,0.000594709,0.000587035
0,0,0,0,0,0,0,0,0,0,0,0,0,0,0,0,0,0,0,0.00059911,0.000590724,0.000596695,0.00059269,0.000596727,0.000598689,0.000600565,0.00059872,0.00059649,0.000598752,0.000606802,0.000594594,0.000600553,0.000594612,0.000594532,0.000604655,0.00059657,0.000596623,0.0006027,0.00059258,0.00060053,0.00059068,0.00060266,0.000598659,0.00060471,0.00059457,0.000600511,0.000594689,0.000587014
0,0,0,0,0,0,0,0,0,0,0,0,0,0,0,0,0,0,0,0,0.000597168,0.000602786,0.000599094,0.000602818,0.000604705,0.000606765,0.000604972,0.000602732,0.000604765,0.00061536,0.000600856,0.000606753,0.000600874,0.000600795,0.000610814,0.000602812,0.000602864,0.000608878,0.000598863,0.000606731,0.000596983,0.000608839,0.000604879,0.000610868,0.000600832,0.000606712,0.00060095,0.000593356
0,0,0,0,0,0,0,0,0,0,0,0,0,0,0,0,0,0,0,0,0,0.000594733,0.000590707,0.000594766,0.000596527,0.000598616,0.000596557,0.000594677,0.000596588,0.000604873,0.00059274,0.000598956,0.000592643,0.000592563,0.000602719,0.000594608,0.000594661,0.000600757,0.000590605,0.000598581,0.000588698,0.000600718,0.000596703,0.000602774,0.000592601,0.000598562,0.00059272,0.000585019
0,0,0,0,0,0,0,0,0,0,0,0,0,0,0,0,0,0,0,0,0,0,0.000596528,0.000600491,0.000602591,0.000604453,0.000602415,0.000600575,0.000602653,0.00061065,0.000598521,0.000604441,0.000598539,0.00059846,0.000608517,0.000600485,0.000600537,0.000606574,0.000596521,0.000604419,0.000594633,0.000606535,0.000602559,0.000608572,0.000598498,0.0006044,0.000598615,0.000590991
0,0,0,0,0,0,0,0,0,0,0,0,0,0,0,0,0,0,0,0,0,0,0,0.00059656,0.000598673,0.000600548,0.000598497,0.000596622,0.000598527,0.000606785,0.000594696,0.000600863,0.000594595,0.000594515,0.000604638,0.000596553,0.000596606,0.000602683,0.000592563,0.000600514,0.000590663,0.000602644,0.000598642,0.000604693,0.000594553,0.000600495,0.000594672,0.000586997
0,0,0,0,0,0,0,0,0,0,0,0,0,0,0,0,0,0,0,0,0,0,0,0,0.000602417,0.000604777,0.000602447,0.000600437,0.000602477,0.000610681,0.000598553,0.000604765,0.000598571,0.000598492,0.000608549,0.000600516,0.000600569,0.000606606,0.000596553,0.000604451,0.000594665,0.000606567,0.000602591,0.000608603,0.00059853,0.000604432,0.000598647,0.000591024
0,0,0,0,0,0,0,0,0,0,0,0,0,0,0,0,0,0,0,0,0,0,0,0,0,0.000606366,0.000604335,0.000602331,0.000604365,0.000612544,0.000600654,0.000606355,0.000600471,0.000600392,0.000610418,0.00060241,0.000602462,0.000608481,0.000598459,0.000606332,0.000596793,0.000608442,0.000604479,0.000610472,0.00060043,0.000606313,0.000600547,0.000592948
0,0,0,0,0,0,0,0,0,0,0,0,0,0,0,0,0,0,0,0,0,0,0,0,0,0,0.000606396,0.000604399,0.00060672,0.000614577,0.000602834,0.000608409,0.000602546,0.000602467,0.000612459,0.000604478,0.00060453,0.000610528,0.000600541,0.000608387,0.000598666,0.00061049,0.00060654,0.000612513,0.000602504,0.000608368,0.000602622,0.000595049
0,0,0,0,0,0,0,0,0,0,0,0,0,0,0,0,0,0,0,0,0,0,0,0,0,0,0,0.000602361,0.000604395,0.000612573,0.000600685,0.000606384,0.000600501,0.000600422,0.000610447,0.00060244,0.000602492,0.00060851,0.000598489,0.000606362,0.000596608,0.000608471,0.000604508,0.000610502,0.00060046,0.000606343,0.000600577,0.000592978
0,0,0,0,0,0,0,0,0,0,0,0,0,0,0,0,0,0,0,0,0,0,0,0,0,0,0,0,0.000602391,0.000610597,0.00059862,0.000604388,0.000598485,0.000598406,0.000608464,0.00060043,0.000600483,0.000606521,0.000596466,0.000604365,0.000594578,0.000606482,0.000602505,0.000608519,0.000598443,0.000604346,0.000598561,0.000590936
0,0,0,0,0,0,0,0,0,0,0,0,0,0,0,0,0,0,0,0,0,0,0,0,0,0,0,0,0,0.000612603,0.000600717,0.000606414,0.000600532,0.000600453,0.000610477,0.00060247,0.000602523,0.00060854,0.00059852,0.000606392,0.000596638,0.000608502,0.000604539,0.000610532,0.00060049,0.000606373,0.000600607,0.000593009
0,0,0,0,0,0,0,0,0,0,0,0,0,0,0,0,0,0,0,0,0,0,0,0,0,0,0,0,0,0,0.000608744,0.000614566,0.000608762,0.000608684,0.000618575,0.000610675,0.000610726,0.000616664,0.000606778,0.000614544,0.000604922,0.000616626,0.000612715,0.000618629,0.000608721,0.000614525,0.000608837,0.000601342
0,0,0,0,0,0,0,0,0,0,0,0,0,0,0,0,0,0,0,0,0,0,0,0,0,0,0,0,0,0,0,0.000602516,0.000596595,0.000596515,0.000606605,0.000598546,0.000598599,0.000604656,0.00059457,0.000602493,0.000592675,0.000604616,0.000600628,0.00060666,0.000596553,0.000602474,0.000596671,0.000589022
0,0,0,0,0,0,0,0,0,0,0,0,0,0,0,0,0,0,0,0,0,0,0,0,0,0,0,0,0,0,0,0,0.000602534,0.000602455,0.000612447,0.000604466,0.000604518,0.000610517,0.000600529,0.000608375,0.000598654,0.000610478,0.000606528,0.000612501,0.000602493,0.000608356,0.00060261,0.000595037
0,0,0,0,0,0,0,0,0,0,0,0,0,0,0,0,0,0,0,0,0,0,0,0,0,0,0,0,0,0,0,0,0,0.000596534,0.000606623,0.000598565,0.000598617,0.000605233,0.000594708,0.000602815,0.00059281,0.000604635,0.000600854,0.000606678,0.000596702,0.000602493,0.00059669,0.000589158
0,0,0,0,0,0,0,0,0,0,0,0,0,0,0,0,0,0,0,0,0,0,0,0,0,0,0,0,0,0,0,0,0,0,0.000606545,0.00059864,0.000598694,0.000604595,0.000594627,0.000602433,0.000592728,0.000604556,0.000600567,0.0006066,0.000596622,0.000602717,0.000596741,0.00058896
0,0,0,0,0,0,0,0,0,0,0,0,0,0,0,0,0,0,0,0,0,0,0,0,0,0,0,0,0,0,0,0,0,0,0,0.000608542,0.000608594,0.000614552,0.000604632,0.000612425,0.000602769,0.000614514,0.00061059,0.000616524,0.000606582,0.000612406,0.00060786,0.000600882
0,0,0,0,0,0,0,0,0,0,0,0,0,0,0,0,0,0,0,0,0,0,0,0,0,0,0,0,0,0,0,0,0,0,0,0,0.000600562,0.000607108,0.000596546,0.000604444,0.00059481,0.000606561,0.000602796,0.000608597,0.000598678,0.000604425,0.000598641,0.000591179
0,0,0,0,0,0,0,0,0,0,0,0,0,0,0,0,0,0,0,0,0,0,0,0,0,0,0,0,0,0,0,0,0,0,0,0,0,0.000606651,0.00059675,0.000604496,0.000594864,0.000606612,0.000602637,0.000609703,0.000598575,0.000604477,0.00059885,0.000591234
0,0,0,0,0,0,0,0,0,0,0,0,0,0,0,0,0,0,0,0,0,0,0,0,0,0,0,0,0,0,0,0,0,0,0,0,0,0,0.000602676,0.000610494,0.000600808,0.000613091,0.000608654,0.000614606,0.000604633,0.000610476,0.000604749,0.000597204
0,0,0,0,0,0,0,0,0,0,0,0,0,0,0,0,0,0,0,0,0,0,0,0,0,0,0,0,0,0,0,0,0,0,0,0,0,0,0,0.000600832,0.00059075,0.000602637,0.000598635,0.000604687,0.000594546,0.000600811,0.000594785,0.000587079
0,0,0,0,0,0,0,0,0,0,0,0,0,0,0,0,0,0,0,0,0,0,0,0,0,0,0,0,0,0,0,0,0,0,0,0,0,0,0,0,0.000598631,0.000610456,0.000606505,0.000612479,0.000602774,0.000608334,0.00060289,0.000595014
0,0,0,0,0,0,0,0,0,0,0,0,0,0,0,0,0,0,0,0,0,0,0,0,0,0,0,0,0,0,0,0,0,0,0,0,0,0,0,0,0,0.000601435,0.000596977,0.000602824,0.000592652,0.000598612,0.000592771,0.000585145
0,0,0,0,0,0,0,0,0,0,0,0,0,0,0,0,0,0,0,0,0,0,0,0,0,0,0,0,0,0,0,0,0,0,0,0,0,0,0,0,0,0,0.000608615,0.000614568,0.000604593,0.000610437,0.00060471,0.000597946
0,0,0,0,0,0,0,0,0,0,0,0,0,0,0,0,0,0,0,0,0,0,0,0,0,0,0,0,0,0,0,0,0,0,0,0,0,0,0,0,0,0,0,0.000611566,0.000600605,0.000606487,0.000600722,0.000593375
0,0,0,0,0,0,0,0,0,0,0,0,0,0,0,0,0,0,0,0,0,0,0,0,0,0,0,0,0,0,0,0,0,0,0,0,0,0,0,0,0,0,0,0,0.000606637,0.000612461,0.000606753,0.000599233
0,0,0,0,0,0,0,0,0,0,0,0,0,0,0,0,0,0,0,0,0,0,0,0,0,0,0,0,0,0,0,0,0,0,0,0,0,0,0,0,0,0,0,0,0,0.000602754,0.000596779,0.000589115
0,0,0,0,0,0,0,0,0,0,0,0,0,0,0,0,0,0,0,0,0,0,0,0,0,0,0,0,0,0,0,0,0,0,0,0,0,0,0,0,0,0,0,0,0,0,0.000602568,0.000595395
0,0,0,0,0,0,0,0,0,0,0,0,0,0,0,0,0,0,0,0,0,0,0,0,0,0,0,0,0,0,0,0,0,0,0,0,0,0,0,0,0,0,0,0,0,0,0,0.000589236
0,0,0,0,0,0,0,0,0,0,0,0,0,0,0,0,0,0,0,0,0,0,0,0,0,0,0,0,0,0,0,0,0,0,0,0,0,0,0,0,0,0,0,0,0,0,0,0
