# # np.logspace(-2, 2., num = num_time_points)
0,0.000614964,0.000613639,0.000613602,0.000611084,0.000613607,0.000612603,0.000608784,0.000608832,0.000611115,0.00061496,0.000612423,0.000613879,0.000612361,0.000616243,0.000612332,0.000613655,0.00060981,0.000609797,0.00061386,0.00060851,0.00061235,0.000609786,0.000612371,0.0006136,0.000614937,0.000613619,0.000612315,0.000613639,0.000618916,0.000611088,0.000614929,0.0006111,0.000611048,0.000617551,0.000612366,0.0006124,0.000616304,0.000609781,0.000614915,0.000608543,0.000616279,0.000613713,0.000617586,0.000611073,0.000614903,0.00061115,0.000606143
0,0,0.000613676,0.000613639,0.000611121,0.000613645,0.00061245,0.000608591,0.000608639,0.000611354,0.000615211,0.000612653,0.000613725,0.000612591,0.00061628,0.000612369,0.000613693,0.000609847,0.000609834,0.000613897,0.000608547,0.000612387,0.000609823,0.000612408,0.000613637,0.000614974,0.000613656,0.000612352,0.000613676,0.000618953,0.000611125,0.000614966,0.000611137,0.000611085,0.000617588,0.000612404,0.000612438,0.000616341,0.000609818,0.000614952,0.00060858,0.000616316,0.00061375,0.000617623,0.00061111,0.00061494,0.000611187,0.00060618
0,0,0,0.000612311,0.000609921,0.000612317,0.000611256,0.000607252,0.0006073,0.000609952,0.000613672,0.00061113,0.000612548,0.000611068,0.000614957,0.000611174,0.000612365,0.000608511,0.000608498,0.000612569,0.000607208,0.000611057,0.000608487,0.000611077,0.000612309,0.000613649,0.000612328,0.000611021,0.000612348,0.000617636,0.000609792,0.000613641,0.000609804,0.000609752,0.000616269,0.000611073,0.000611107,0.000615019,0.000608482,0.000613627,0.000607241,0.000614993,0.000612422,0.000616304,0.000609776,0.000613615,0.000609854,0.000604836
0,0,0,0,0.000609882,0.000612279,0.000611082,0.000607356,0.000607404,0.000609913,0.000613635,0.000611228,0.00061236,0.000611031,0.00061492,0.000611001,0.000612327,0.000608474,0.00060846,0.000612532,0.00060717,0.000611019,0.000608449,0.00061104,0.000612272,0.000613612,0.000612291,0.000610984,0.000612311,0.000617599,0.000609754,0.000613604,0.000609766,0.000609714,0.000616232,0.000611036,0.00061107,0.000614981,0.000608444,0.00061359,0.000607204,0.000614956,0.000612385,0.000616267,0.000609739,0.000613577,0.000609816,0.000604798
0,0,0,0,0,0.000609888,0.000608656,0.000604745,0.000604718,0.000607248,0.000611117,0.000608667,0.000609837,0.000608502,0.000612408,0.000608472,0.000609804,0.000605934,0.000605921,0.00061001,0.000604626,0.000608491,0.00060591,0.000608512,0.000609748,0.000611094,0.0006099,0.000608455,0.000609787,0.000615098,0.00060722,0.000611086,0.000607233,0.00060718,0.000613725,0.000608507,0.000608541,0.000612469,0.000605905,0.000611072,0.000604659,0.000612444,0.000609862,0.00061376,0.000607205,0.000611059,0.000607283,0.000602243
0,0,0,0,0,0,0.000611088,0.000607362,0.00060741,0.000609787,0.00061364,0.000611098,0.000612365,0.000611171,0.000614926,0.000611141,0.000612333,0.000608479,0.000608466,0.000612538,0.000607176,0.000611025,0.000608455,0.000611046,0.000612277,0.000613617,0.000612297,0.000610989,0.000612316,0.000617605,0.00060976,0.00061361,0.000609772,0.00060972,0.000616237,0.000611041,0.000611075,0.000614987,0.00060845,0.000613595,0.000607209,0.000614962,0.00061239,0.000616272,0.000609745,0.000613583,0.000609822,0.000604804
0,0,0,0,0,0,0,0.000606113,0.000606061,0.000608585,0.000612446,0.000609899,0.000611169,0.000609949,0.000614055,0.000609807,0.000611136,0.000607275,0.000607261,0.000611341,0.000605969,0.000609825,0.00060725,0.000609846,0.00061108,0.000612423,0.0006111,0.00060979,0.000611119,0.000616418,0.000608558,0.000612415,0.00060857,0.000608518,0.000615048,0.000609842,0.000609876,0.000613795,0.000607245,0.000612401,0.000606002,0.00061377,0.000611194,0.000615083,0.000608543,0.000612389,0.00060862,0.000603592
0,0,0,0,0,0,0,0,0.000602216,0.000604777,0.000608821,0.000606023,0.000607301,0.000605961,0.000609883,0.000606029,0.000607268,0.000603382,0.000603369,0.000607475,0.000602068,0.000605949,0.000603358,0.00060597,0.000607212,0.000608563,0.000607232,0.000605914,0.000607251,0.000612583,0.000604674,0.000608556,0.000604686,0.000604633,0.000611205,0.000605966,0.000606,0.000609944,0.000603353,0.000608541,0.000602101,0.000609919,0.000607326,0.00061124,0.000604658,0.000608529,0.000604736,0.000599675
0,0,0,0,0,0,0,0,0,0.00060475,0.000608635,0.000606172,0.000607495,0.000606108,0.000610359,0.000606078,0.000607317,0.000603431,0.000603417,0.000607523,0.000602117,0.000605998,0.000603406,0.000606019,0.00060726,0.000608612,0.00060728,0.000605962,0.0006073,0.000612631,0.000604722,0.000608604,0.000604734,0.000604682,0.000611253,0.000606014,0.000606049,0.000609992,0.000603401,0.000608589,0.00060215,0.000609967,0.000607374,0.000611288,0.000604707,0.000608577,0.000604785,0.000599724
0,0,0,0,0,0,0,0,0,0,0.00061135,0.000608595,0.000609868,0.000608635,0.000612439,0.000608604,0.000609835,0.000605966,0.000605952,0.000610041,0.000604657,0.000608522,0.000605941,0.000608543,0.000609779,0.000611125,0.000609799,0.000608486,0.000609819,0.000615128,0.000607252,0.000611117,0.000607264,0.000607212,0.000613755,0.000608538,0.000608573,0.0006125,0.000605936,0.000611103,0.00060469,0.000612475,0.000609893,0.000613791,0.000607236,0.000611091,0.000607314,0.000602275
0,0,0,0,0,0,0,0,0,0,0,0.000612456,0.000613913,0.000612395,0.000616275,0.000612365,0.000613688,0.000609843,0.00060983,0.000613893,0.000608543,0.000612383,0.000609819,0.000612404,0.000613633,0.00061497,0.000613652,0.000612348,0.000613672,0.000618948,0.000611121,0.000614962,0.000611133,0.000611081,0.000617584,0.000612399,0.000612433,0.000616337,0.000609814,0.000614948,0.000608576,0.000616311,0.000613746,0.000617619,0.000611106,0.000614936,0.000611183,0.000606176
0,0,0,0,0,0,0,0,0,0,0,0,0.000611316,0.000609847,0.000614065,0.000609817,0.000611146,0.000607285,0.000607272,0.000611351,0.000605979,0.000609836,0.000607261,0.000609856,0.00061109,0.000612433,0.00061111,0.0006098,0.000611129,0.000616428,0.000608568,0.000612426,0.00060858,0.000608528,0.000615058,0.000609852,0.000609886,0.000613805,0.000607256,0.000612411,0.000606013,0.00061378,0.000611204,0.000615093,0.000608553,0.000612399,0.00060863,0.000603602
0,0,0,0,0,0,0,0,0,0,0,0,0,0.000611117,0.000615006,0.000611087,0.000612414,0.00060856,0.000608547,0.000612618,0.000607257,0.000611106,0.000608536,0.000611126,0.000612358,0.000613698,0.000612377,0.00061107,0.000612397,0.000617684,0.000609841,0.00061369,0.000609853,0.000609801,0.000616317,0.000611122,0.000611156,0.000615067,0.000608531,0.000613676,0.000607291,0.000615042,0.000612471,0.000616352,0.000609826,0.000613663,0.000609903,0.000604885
0,0,0,0,0,0,0,0,0,0,0,0,0,0,0.000613683,0.000609866,0.000611084,0.000607223,0.000607209,0.00061129,0.000605917,0.000609774,0.000607198,0.000609794,0.000611029,0.000612371,0.000611048,0.000609738,0.000611068,0.000616367,0.000608506,0.000612364,0.000608518,0.000608466,0.000614997,0.00060979,0.000609824,0.000613744,0.000607194,0.000612349,0.00060595,0.000613719,0.000611142,0.000615032,0.000608491,0.000612337,0.000608568,0.00060354
0,0,0,0,0,0,0,0,0,0,0,0,0,0,0,0.000613653,0.000614974,0.000611137,0.000611123,0.000615177,0.000609839,0.000613671,0.000611112,0.000613692,0.000614918,0.000616253,0.000614937,0.000613636,0.000614957,0.000620223,0.000612412,0.000616245,0.000612424,0.000612372,0.000618861,0.000613687,0.000613721,0.000617616,0.000611108,0.00061623,0.000609872,0.000617591,0.000615031,0.000618896,0.000612396,0.000616218,0.000612473,0.000607477
0,0,0,0,0,0,0,0,0,0,0,0,0,0,0,0,0.000611055,0.000607193,0.000607179,0.00061126,0.000605887,0.000609744,0.000607168,0.000609765,0.000610999,0.000612342,0.000611018,0.000609708,0.000611038,0.000616337,0.000608476,0.000612334,0.000608488,0.000608436,0.000614967,0.00060976,0.000609794,0.000613714,0.000607164,0.00061232,0.00060592,0.000613689,0.000611112,0.000615002,0.000608461,0.000612307,0.000608538,0.000603509
0,0,0,0,0,0,0,0,0,0,0,0,0,0,0,0,0,0.000608665,0.000608514,0.000612586,0.000607225,0.000611209,0.000608503,0.00061123,0.000612325,0.000613665,0.000612345,0.000611174,0.000612364,0.000617652,0.000609808,0.000613848,0.00060982,0.000609768,0.000616285,0.000611089,0.000611124,0.000615035,0.000608498,0.000613643,0.000607258,0.00061501,0.000612438,0.00061632,0.000609793,0.000613631,0.00060987,0.000604852
0,0,0,0,0,0,0,0,0,0,0,0,0,0,0,0,0,0,0.000604636,0.000608734,0.0006034,0.000607211,0.000604693,0.000607331,0.000608471,0.000610035,0.000608627,0.000607273,0.000608647,0.000613832,0.000605938,0.000609812,0.00060595,0.000605898,0.000612456,0.000607228,0.000607262,0.000611198,0.00060462,0.000609798,0.000603372,0.000611173,0.000608585,0.000612491,0.000605923,0.000609785,0.000606001,0.000600951
0,0,0,0,0,0,0,0,0,0,0,0,0,0,0,0,0,0,0,0.000608866,0.000603387,0.000607296,0.000604679,0.000607317,0.000608593,0.000609807,0.000608613,0.000607162,0.000608634,0.000613819,0.000605925,0.000609799,0.000605937,0.000605885,0.000612443,0.000607214,0.000607249,0.000611185,0.000604607,0.000609784,0.000603358,0.000611159,0.000608572,0.000612478,0.000605909,0.000609772,0.000605987,0.000600937
0,0,0,0,0,0,0,0,0,0,0,0,0,0,0,0,0,0,0,0,0.000607585,0.000611278,0.000608855,0.000611299,0.00061253,0.00061387,0.000612704,0.000611243,0.000612569,0.00061943,0.000610014,0.000613862,0.000610026,0.000609974,0.000616488,0.000611294,0.000611329,0.000615239,0.000608704,0.000613847,0.000607464,0.000615213,0.000612643,0.000616523,0.000609998,0.000613835,0.000610075,0.00060506
0,0,0,0,0,0,0,0,0,0,0,0,0,0,0,0,0,0,0,0,0,0.000606005,0.000603376,0.000606026,0.000607168,0.00060852,0.000607188,0.000605968,0.000607208,0.00061254,0.000604705,0.000608744,0.000604642,0.00060459,0.000611161,0.000605922,0.000605956,0.000609901,0.000603309,0.000608497,0.000602057,0.000609875,0.000607282,0.000611197,0.000604614,0.000608485,0.000604692,0.000599631
0,0,0,0,0,0,0,0,0,0,0,0,0,0,0,0,0,0,0,0,0,0,0.000607187,0.000609783,0.000611152,0.00061236,0.000611036,0.000609838,0.000611192,0.000616355,0.000608495,0.000612352,0.000608507,0.000608455,0.000614985,0.000609779,0.000609813,0.000613732,0.000607182,0.000612338,0.000605939,0.000613707,0.00061113,0.00061502,0.000608479,0.000612326,0.000608557,0.000603528
0,0,0,0,0,0,0,0,0,0,0,0,0,0,0,0,0,0,0,0,0,0,0,0.000607208,0.000608582,0.000609796,0.000608467,0.000607249,0.000608486,0.000613808,0.000605992,0.000610002,0.000605926,0.000605874,0.000612432,0.000607203,0.000607238,0.000611174,0.000604596,0.000609773,0.000603347,0.000611148,0.000608561,0.000612467,0.000605898,0.000609761,0.000605976,0.000600926
0,0,0,0,0,0,0,0,0,0,0,0,0,0,0,0,0,0,0,0,0,0,0,0,0.000611038,0.000612571,0.000611057,0.000609748,0.000611077,0.000616376,0.000608515,0.000612563,0.000608527,0.000608475,0.000615006,0.000609799,0.000609834,0.000613753,0.000607203,0.000612358,0.00060596,0.000613728,0.000611151,0.000615041,0.0006085,0.000612346,0.000608577,0.000603549
0,0,0,0,0,0,0,0,0,0,0,0,0,0,0,0,0,0,0,0,0,0,0,0,0,0.00061361,0.000612289,0.000610982,0.000612309,0.000617597,0.000609884,0.000613602,0.000609764,0.000609712,0.000616229,0.000611034,0.000611068,0.000614979,0.000608442,0.000613587,0.000607343,0.000614954,0.000612383,0.000616265,0.000609737,0.000613575,0.000609814,0.000604796
0,0,0,0,0,0,0,0,0,0,0,0,0,0,0,0,0,0,0,0,0,0,0,0,0,0,0.000613629,0.000612325,0.00061384,0.000618926,0.000611298,0.000614939,0.00061111,0.000611058,0.000617561,0.000612376,0.00061241,0.000616314,0.000609791,0.000614925,0.000608553,0.000616288,0.000613723,0.000617596,0.000611083,0.000614913,0.00061116,0.000606153
0,0,0,0,0,0,0,0,0,0,0,0,0,0,0,0,0,0,0,0,0,0,0,0,0,0,0,0.000611001,0.000612328,0.000617616,0.000609904,0.000613621,0.000609784,0.000609732,0.000616249,0.000611053,0.000611087,0.000614999,0.000608462,0.000613607,0.000607221,0.000614973,0.000612402,0.000616284,0.000609756,0.000613595,0.000609833,0.000604815
0,0,0,0,0,0,0,0,0,0,0,0,0,0,0,0,0,0,0,0,0,0,0,0,0,0,0,0,0.000611021,0.00061632,0.00060856,0.000612317,0.000608471,0.000608419,0.00061495,0.000609743,0.000609777,0.000613697,0.000607146,0.000612303,0.000605903,0.000613672,0.000611095,0.000614985,0.000608444,0.00061229,0.000608521,0.000603492
0,0,0,0,0,0,0,0,0,0,0,0,0,0,0,0,0,0,0,0,0,0,0,0,0,0,0,0,0,0.000617636,0.000609924,0.000613641,0.000609803,0.000609751,0.000616268,0.000611073,0.000611107,0.000615018,0.000608482,0.000613626,0.000607241,0.000614993,0.000612422,0.000616303,0.000609776,0.000613614,0.000609853,0.000604835
0,0,0,0,0,0,0,0,0,0,0,0,0,0,0,0,0,0,0,0,0,0,0,0,0,0,0,0,0,0,0.000615101,0.000618918,0.000615113,0.000615062,0.000621523,0.000616372,0.000616405,0.000620283,0.000613803,0.000618904,0.000612573,0.000620259,0.000617709,0.000621558,0.000615086,0.000618892,0.000615163,0.000610189
0,0,0,0,0,0,0,0,0,0,0,0,0,0,0,0,0,0,0,0,0,0,0,0,0,0,0,0,0,0,0,0.00061109,0.000607237,0.000607184,0.000613728,0.000608511,0.000608545,0.000612473,0.000605909,0.000611076,0.000604663,0.000612448,0.000609866,0.000613764,0.000607209,0.000611063,0.000607286,0.000602247
0,0,0,0,0,0,0,0,0,0,0,0,0,0,0,0,0,0,0,0,0,0,0,0,0,0,0,0,0,0,0,0,0.000611102,0.00061105,0.000617554,0.000612369,0.000612403,0.000616306,0.000609783,0.000614917,0.000608545,0.000616281,0.000613715,0.000617589,0.000611075,0.000614905,0.000611152,0.000606145
0,0,0,0,0,0,0,0,0,0,0,0,0,0,0,0,0,0,0,0,0,0,0,0,0,0,0,0,0,0,0,0,0,0.000607196,0.00061374,0.000608523,0.000608557,0.000612851,0.000606,0.000611286,0.000604751,0.00061246,0.000610013,0.000613776,0.000607307,0.000611075,0.000607299,0.000602337
0,0,0,0,0,0,0,0,0,0,0,0,0,0,0,0,0,0,0,0,0,0,0,0,0,0,0,0,0,0,0,0,0,0,0.000613689,0.000608572,0.000608607,0.000612434,0.000605947,0.000611036,0.000604698,0.000612408,0.000609826,0.000613724,0.000607254,0.000611222,0.000607332,0.000602207
0,0,0,0,0,0,0,0,0,0,0,0,0,0,0,0,0,0,0,0,0,0,0,0,0,0,0,0,0,0,0,0,0,0,0,0.000615001,0.000615035,0.000618922,0.000612427,0.000617539,0.000611194,0.000618897,0.000616342,0.000620199,0.000613713,0.000617527,0.00061455,0.000609931
0,0,0,0,0,0,0,0,0,0,0,0,0,0,0,0,0,0,0,0,0,0,0,0,0,0,0,0,0,0,0,0,0,0,0,0,0.000609829,0.00061408,0.000607199,0.000612354,0.000606055,0.000613724,0.000611285,0.000615037,0.000608597,0.000612342,0.000608573,0.000603652
0,0,0,0,0,0,0,0,0,0,0,0,0,0,0,0,0,0,0,0,0,0,0,0,0,0,0,0,0,0,0,0,0,0,0,0,0,0.000613783,0.000607332,0.000612388,0.00060609,0.000613758,0.000611181,0.000615759,0.00060853,0.000612376,0.00060871,0.000603687
0,0,0,0,0,0,0,0,0,0,0,0,0,0,0,0,0,0,0,0,0,0,0,0,0,0,0,0,0,0,0,0,0,0,0,0,0,0,0.000611169,0.000616292,0.000609934,0.000617977,0.000615092,0.000618957,0.000612458,0.000616279,0.000612535,0.000607539
0,0,0,0,0,0,0,0,0,0,0,0,0,0,0,0,0,0,0,0,0,0,0,0,0,0,0,0,0,0,0,0,0,0,0,0,0,0,0,0.000609982,0.000603404,0.000611144,0.000608556,0.000612462,0.000605894,0.000609969,0.00060605,0.00060098
0,0,0,0,0,0,0,0,0,0,0,0,0,0,0,0,0,0,0,0,0,0,0,0,0,0,0,0,0,0,0,0,0,0,0,0,0,0,0,0,0.00060853,0.000616266,0.0006137,0.000617574,0.000611259,0.000614891,0.000611335,0.00060613
0,0,0,0,0,0,0,0,0,0,0,0,0,0,0,0,0,0,0,0,0,0,0,0,0,0,0,0,0,0,0,0,0,0,0,0,0,0,0,0,0,0.000610347,0.000607462,0.00061123,0.000604648,0.000608518,0.000604725,0.000599714
0,0,0,0,0,0,0,0,0,0,0,0,0,0,0,0,0,0,0,0,0,0,0,0,0,0,0,0,0,0,0,0,0,0,0,0,0,0,0,0,0,0,0.000615067,0.000618932,0.000612433,0.000616254,0.000612509,0.00060803
0,0,0,0,0,0,0,0,0,0,0,0,0,0,0,0,0,0,0,0,0,0,0,0,0,0,0,0,0,0,0,0,0,0,0,0,0,0,0,0,0,0,0,0.000616977,0.000609851,0.000613688,0.000609928,0.000605076
0,0,0,0,0,0,0,0,0,0,0,0,0,0,0,0,0,0,0,0,0,0,0,0,0,0,0,0,0,0,0,0,0,0,0,0,0,0,0,0,0,0,0,0,0.000613749,0.000617562,0.000613825,0.00060884
0,0,0,0,0,0,0,0,0,0,0,0,0,0,0,0,0,0,0,0,0,0,0,0,0,0,0,0,0,0,0,0,0,0,0,0,0,0,0,0,0,0,0,0,0,0.000611246,0.000607357,0.000602309
0,0,0,0,0,0,0,0,0,0,0,0,0,0,0,0,0,0,0,0,0,0,0,0,0,0,0,0,0,0,0,0,0,0,0,0,0,0,0,0,0,0,0,0,0,0,0.000611125,0.000606382
0,0,0,0,0,0,0,0,0,0,0,0,0,0,0,0,0,0,0,0,0,0,0,0,0,0,0,0,0,0,0,0,0,0,0,0,0,0,0,0,0,0,0,0,0,0,0,0.000602388
0,0,0,0,0,0,0,0,0,0,0,0,0,0,0,0,0,0,0,0,0,0,0,0,0,0,0,0,0,0,0,0,0,0,0,0,0,0,0,0,0,0,0,0,0,0,0,0
