# # np.logspace(-2, 2., num = num_time_points)
0,6.65529e-07,4.75107e-07,4.73013e-07,4.60006e-07,4.73183e-07,4.70022e-07,4.6112e-07,4.61177e-07,4.59958e-07,6.66053e-07,4.61329e-07,5.01685e-07,4.60959e-07,1.95659e-06,4.60791e-07,4.74616e-07,4.5986e-07,4.59861e-07,4.95375e-07,4.59858e-07,4.60749e-07,4.59862e-07,4.60811e-07,4.72751e-07,6.54038e-07,4.73363e-07,4.60675e-07,4.74056e-07,3.5923e-05,4.59914e-07,6.51181e-07,4.59921e-07,4.59907e-07,7.86693e-06,4.60829e-07,4.61081e-07,2.10509e-06,4.59862e-07,6.45481e-07,4.59858e-07,2.04784e-06,4.78471e-07,8.20899e-06,4.59912e-07,6.41128e-07,4.59954e-07,4.59842e-07
0,0,4.94769e-07,4.93955e-07,4.81064e-07,4.93896e-07,4.82151e-07,4.81051e-07,4.80989e-07,4.85438e-07,7.5452e-07,4.91339e-07,4.98364e-07,4.90753e-07,1.96125e-06,4.81981e-07,4.95074e-07,4.80945e-07,4.80945e-07,5.14995e-07,4.80942e-07,4.8179e-07,4.80946e-07,4.8185e-07,4.93285e-07,6.69038e-07,4.93872e-07,4.81718e-07,4.94537e-07,3.59232e-05,4.80995e-07,6.66236e-07,4.81002e-07,4.80988e-07,7.86819e-06,4.81867e-07,4.82109e-07,2.10979e-06,4.80947e-07,6.60675e-07,4.80942e-07,2.05268e-06,4.98768e-07,8.2102e-06,4.80993e-07,6.56415e-07,4.81033e-07,4.80926e-07
0,0,0,1.59322e-07,1.1684e-07,1.59933e-07,1.24044e-07,1.14945e-07,1.1495e-07,1.16917e-07,4.93404e-07,1.19627e-07,1.81087e-07,1.18818e-07,1.90365e-06,1.22724e-07,1.64317e-07,1.14922e-07,1.14921e-07,2.17112e-07,1.14906e-07,1.18429e-07,1.14921e-07,1.18673e-07,1.58848e-07,4.79086e-07,1.60784e-07,1.18136e-07,1.62693e-07,3.59202e-05,1.15152e-07,4.75174e-07,1.15182e-07,1.15126e-07,7.8543e-06,1.1874e-07,1.19718e-07,2.05748e-06,1.14921e-07,4.67336e-07,1.14907e-07,1.99883e-06,1.75181e-07,8.19691e-06,1.15144e-07,4.61302e-07,1.15312e-07,1.14905e-07
0,0,0,0,1.11857e-07,1.56253e-07,1.14538e-07,1.10358e-07,1.10373e-07,1.11892e-07,4.91647e-07,1.1937e-07,1.6491e-07,1.13844e-07,1.90348e-06,1.13565e-07,1.60885e-07,1.09962e-07,1.09961e-07,2.14527e-07,1.09945e-07,1.13623e-07,1.0996e-07,1.13876e-07,1.55297e-07,4.7792e-07,1.57271e-07,1.13316e-07,1.59226e-07,3.59202e-05,1.10201e-07,4.73999e-07,1.10232e-07,1.10174e-07,7.85423e-06,1.13946e-07,1.14965e-07,2.05721e-06,1.0996e-07,4.6614e-07,1.09946e-07,1.99855e-06,1.71969e-07,8.19685e-06,1.10193e-07,4.60091e-07,1.10369e-07,1.09944e-07
0,0,0,0,0,1.12558e-07,3.35168e-08,7.47232e-09,7.42167e-09,1.08158e-08,4.78932e-07,3.39308e-08,1.22819e-07,3.01865e-08,1.89984e-06,2.91222e-08,1.17689e-07,7.62754e-09,7.61272e-09,1.84444e-07,7.35163e-09,2.95948e-08,7.58553e-09,3.0553e-08,1.09926e-07,4.65161e-07,1.14137e-07,2.83992e-08,1.15411e-07,3.592e-05,1.05041e-08,4.61132e-07,1.07784e-08,1.01688e-08,7.85349e-06,3.08121e-08,3.4387e-08,2.05427e-06,7.58635e-09,4.53048e-07,7.37255e-09,1.99557e-06,1.32461e-07,8.19611e-06,1.03729e-08,4.46842e-07,1.20922e-08,7.35883e-09
0,0,0,0,0,0,1.15333e-07,1.11104e-07,1.11122e-07,1.11057e-07,4.91587e-07,1.15351e-07,1.65149e-07,1.19038e-07,1.903e-06,1.18646e-07,1.61391e-07,1.107e-07,1.10699e-07,2.14907e-07,1.10684e-07,1.14338e-07,1.10699e-07,1.14589e-07,1.55821e-07,4.78091e-07,1.57787e-07,1.14033e-07,1.59737e-07,3.59202e-05,1.10938e-07,4.74171e-07,1.10969e-07,1.10911e-07,7.85424e-06,1.14659e-07,1.15671e-07,2.05725e-06,1.10699e-07,4.66315e-07,1.10684e-07,1.99859e-06,1.72442e-07,8.19686e-06,1.1093e-07,4.60268e-07,1.11104e-07,1.10682e-07
0,0,0,0,0,0,0,3.19389e-08,3.19778e-08,3.27574e-08,4.79961e-07,4.65384e-08,1.2728e-07,4.55815e-08,1.92192e-06,4.25759e-08,1.21658e-07,3.17638e-08,3.176e-08,1.86915e-07,3.1712e-08,4.27484e-08,3.17594e-08,4.34199e-08,1.14166e-07,4.6618e-07,1.16715e-07,4.19295e-08,1.19455e-07,3.592e-05,3.25617e-08,4.62164e-07,3.26682e-08,3.24715e-08,7.85355e-06,4.35901e-08,4.61895e-08,2.05451e-06,3.17601e-08,4.54096e-07,3.1714e-08,1.99581e-06,1.36e-07,8.19617e-06,3.25362e-08,4.47896e-07,3.31264e-08,3.17084e-08
0,0,0,0,0,0,0,0,9.43724e-10,7.94277e-09,4.80132e-07,3.21719e-08,1.22597e-07,2.92221e-08,1.89966e-06,2.82193e-08,1.17454e-07,1.98019e-09,1.91781e-09,1.84205e-07,7.10631e-10,2.86831e-08,1.91333e-09,2.96706e-08,1.09676e-07,4.65106e-07,1.12272e-07,2.74465e-08,1.15171e-07,3.592e-05,7.46749e-09,4.61079e-07,7.92122e-09,7.06874e-09,7.85342e-06,2.99385e-08,3.36075e-08,2.05426e-06,1.92433e-09,4.52993e-07,7.93634e-10,1.99556e-06,1.32252e-07,8.19604e-06,7.35925e-09,4.46776e-07,9.63483e-09,6.4133e-10
0,0,0,0,0,0,0,0,0,7.84177e-09,4.78896e-07,3.25639e-08,1.22995e-07,2.93795e-08,1.90474e-06,2.82329e-08,1.17455e-07,2.02029e-09,1.95916e-09,1.84205e-07,8.1423e-10,2.86859e-08,1.95493e-09,2.96733e-08,1.09676e-07,4.65106e-07,1.12268e-07,2.74494e-08,1.15172e-07,3.592e-05,7.47136e-09,4.61078e-07,7.92471e-09,7.08712e-09,7.85347e-06,2.99412e-08,3.36099e-08,2.05427e-06,1.9657e-09,4.52993e-07,8.87608e-10,1.99556e-06,1.32253e-07,8.19604e-06,7.36336e-09,4.46776e-07,9.64287e-09,7.56585e-10
0,0,0,0,0,0,0,0,0,0,4.83274e-07,3.33563e-08,1.23048e-07,3.13444e-08,1.89963e-06,3.00888e-08,1.17716e-07,8.02048e-09,8.00554e-09,1.84375e-07,7.78328e-09,2.97055e-08,8.00466e-09,3.06597e-08,1.09955e-07,4.65166e-07,1.12541e-07,2.85139e-08,1.15438e-07,3.592e-05,1.07582e-08,4.6114e-07,1.10782e-08,1.04857e-08,7.85349e-06,3.09189e-08,3.44827e-08,2.05428e-06,8.00736e-09,4.53055e-07,7.80454e-09,1.99558e-06,1.32486e-07,8.19611e-06,1.06837e-08,4.46849e-07,1.23604e-08,7.7919e-09
0,0,0,0,0,0,0,0,0,0,0,4.80872e-07,5.20374e-07,4.80446e-07,1.95913e-06,4.79799e-07,4.93033e-07,4.78848e-07,4.78848e-07,5.13049e-07,4.78845e-07,4.797e-07,4.78849e-07,4.7976e-07,4.91239e-07,6.67524e-07,4.91825e-07,4.79629e-07,4.92494e-07,3.59232e-05,4.78898e-07,6.64724e-07,4.78905e-07,4.78892e-07,7.86806e-06,4.79777e-07,4.80019e-07,2.10932e-06,4.7885e-07,6.59142e-07,4.78845e-07,2.05219e-06,4.96746e-07,8.21007e-06,4.78896e-07,6.5488e-07,4.78937e-07,4.78829e-07
0,0,0,0,0,0,0,0,0,0,0,0,1.31594e-07,4.38678e-08,1.92215e-06,4.2684e-08,1.2177e-07,3.21898e-08,3.21861e-08,1.86988e-07,3.21388e-08,4.30659e-08,3.21855e-08,4.37325e-08,1.14285e-07,4.66209e-07,1.16832e-07,4.2253e-08,1.19569e-07,3.592e-05,3.29773e-08,4.62193e-07,3.30825e-08,3.28883e-08,7.85355e-06,4.39014e-08,4.64834e-08,2.05452e-06,3.21861e-08,4.54126e-07,3.21408e-08,1.99582e-06,1.361e-07,8.19617e-06,3.29521e-08,4.47927e-07,3.3535e-08,3.21352e-08
0,0,0,0,0,0,0,0,0,0,0,0,0,1.25964e-07,1.90431e-06,1.25864e-07,1.69683e-07,1.22474e-07,1.22473e-07,2.21198e-07,1.22459e-07,1.25771e-07,1.22473e-07,1.26e-07,1.64394e-07,4.80951e-07,1.66141e-07,1.25494e-07,1.68111e-07,3.59202e-05,1.22689e-07,4.77055e-07,1.22718e-07,1.22666e-07,7.85441e-06,1.26063e-07,1.26985e-07,2.05792e-06,1.22473e-07,4.69248e-07,1.22459e-07,1.99928e-06,1.80226e-07,8.19702e-06,1.22683e-07,4.63241e-07,1.2284e-07,1.22458e-07
0,0,0,0,0,0,0,0,0,0,0,0,0,0,1.90013e-06,4.30024e-08,1.21023e-07,2.92363e-08,2.92322e-08,1.865e-07,2.918e-08,4.09059e-08,2.92319e-08,4.16067e-08,1.13489e-07,4.66014e-07,1.15998e-07,4.00492e-08,1.18808e-07,3.592e-05,3.01016e-08,4.61998e-07,3.02175e-08,3.00046e-08,7.85354e-06,4.1785e-08,4.44879e-08,2.05447e-06,2.92327e-08,4.53926e-07,2.91822e-08,1.99578e-06,1.35432e-07,8.19616e-06,3.00746e-08,4.47724e-07,3.07123e-08,2.91764e-08
0,0,0,0,0,0,0,0,0,0,0,0,0,0,0,1.89988e-06,1.90324e-06,1.89961e-06,1.89961e-06,1.90852e-06,1.89961e-06,1.89982e-06,1.89961e-06,1.89984e-06,1.90277e-06,1.9557e-06,1.90293e-06,1.89981e-06,1.9031e-06,3.59702e-05,1.89962e-06,1.95475e-06,1.89962e-06,1.89962e-06,8.07995e-06,1.89984e-06,1.8999e-06,2.79792e-06,1.89961e-06,1.95286e-06,1.89961e-06,2.75511e-06,1.90421e-06,8.41335e-06,1.89962e-06,1.95142e-06,1.89963e-06,1.89958e-06
0,0,0,0,0,0,0,0,0,0,0,0,0,0,0,0,1.20753e-07,2.80982e-08,2.8094e-08,1.86325e-07,2.80395e-08,4.01007e-08,2.80937e-08,4.08128e-08,1.132e-07,4.65944e-07,1.15716e-07,3.92262e-08,1.18533e-07,3.592e-05,2.89978e-08,4.61928e-07,2.91182e-08,2.88971e-08,7.85354e-06,4.09942e-08,4.37469e-08,2.05446e-06,2.80944e-08,4.53854e-07,2.80417e-08,1.99576e-06,1.35191e-07,8.19615e-06,2.89698e-08,4.47651e-07,2.96314e-08,2.80359e-08
0,0,0,0,0,0,0,0,0,0,0,0,0,0,0,0,0,1.1828e-07,1.17512e-07,2.1849e-07,1.17555e-07,1.25505e-07,1.17605e-07,1.26312e-07,1.60955e-07,4.80261e-07,1.62572e-07,1.25105e-07,1.64861e-07,3.59202e-05,1.17745e-07,5.01111e-07,1.17724e-07,1.1767e-07,7.85433e-06,1.21208e-07,1.22166e-07,2.05762e-06,1.17469e-07,4.6797e-07,1.17455e-07,1.99898e-06,1.76863e-07,8.19695e-06,1.17688e-07,4.61943e-07,1.17852e-07,1.17453e-07
0,0,0,0,0,0,0,0,0,0,0,0,0,0,0,0,0,0,2.72386e-09,1.84271e-07,2.01582e-09,2.8823e-08,2.7635e-09,3.01981e-08,1.09702e-07,4.67271e-07,1.13026e-07,2.78688e-08,1.16068e-07,3.592e-05,7.86216e-09,4.61201e-07,8.13842e-09,7.31013e-09,7.85346e-06,2.99923e-08,3.36551e-08,2.05427e-06,2.664e-09,4.52995e-07,1.99739e-09,1.99557e-06,1.32266e-07,8.19608e-06,7.59182e-09,4.46785e-07,9.81575e-09,1.94283e-09
0,0,0,0,0,0,0,0,0,0,0,0,0,0,0,0,0,0,0,1.85234e-07,1.96626e-09,2.91267e-08,2.7571e-09,3.00568e-08,1.10442e-07,4.65208e-07,1.13072e-07,2.75238e-08,1.15956e-07,3.59206e-05,7.77408e-09,4.61135e-07,8.12384e-09,7.29389e-09,7.85346e-06,2.99884e-08,3.36517e-08,2.05427e-06,2.61795e-09,4.52996e-07,1.94857e-09,1.99557e-06,1.32266e-07,8.19608e-06,7.57606e-09,4.46784e-07,9.80357e-09,1.87907e-09
0,0,0,0,0,0,0,0,0,0,0,0,0,0,0,0,0,0,0,0,1.84752e-07,1.86484e-07,1.85182e-07,1.86641e-07,2.14578e-07,5.00272e-07,2.30489e-07,1.86295e-07,2.17355e-07,3.73221e-05,1.84473e-07,4.96811e-07,1.8438e-07,1.84345e-07,7.85561e-06,1.86621e-07,1.87244e-07,2.06251e-06,1.84215e-07,4.89005e-07,1.84205e-07,2.00401e-06,2.26749e-07,8.19818e-06,1.84357e-07,4.83246e-07,1.84461e-07,1.84204e-07
0,0,0,0,0,0,0,0,0,0,0,0,0,0,0,0,0,0,0,0,0,2.88462e-08,2.00223e-09,2.98844e-08,1.09698e-07,4.65144e-07,1.12306e-07,2.76096e-08,1.15196e-07,3.59205e-05,7.53962e-09,4.62324e-07,7.90441e-09,7.05116e-09,7.85342e-06,2.99375e-08,3.36067e-08,2.05426e-06,1.90915e-09,4.52993e-07,7.58025e-10,1.99556e-06,1.32253e-07,8.19604e-06,7.34199e-09,4.46776e-07,9.619e-09,5.94618e-10
0,0,0,0,0,0,0,0,0,0,0,0,0,0,0,0,0,0,0,0,0,0,2.87886e-08,4.14764e-08,1.17781e-07,4.66262e-07,1.15915e-07,4.21484e-08,1.23188e-07,3.592e-05,2.98016e-08,4.62277e-07,2.97374e-08,2.9521e-08,7.85354e-06,4.1439e-08,4.41629e-08,2.05447e-06,2.87358e-08,4.53894e-07,2.87005e-08,1.99577e-06,1.35326e-07,8.19616e-06,2.95919e-08,4.47692e-07,3.02398e-08,2.86785e-08
0,0,0,0,0,0,0,0,0,0,0,0,0,0,0,0,0,0,0,0,0,0,0,2.98253e-08,1.10428e-07,4.65143e-07,1.12352e-07,2.7832e-08,1.15211e-07,3.59206e-05,7.8915e-09,4.6309e-07,8.123e-09,7.29297e-09,7.85346e-06,2.99882e-08,3.36515e-08,2.05427e-06,2.61479e-09,4.52996e-07,1.94412e-09,1.99557e-06,1.32266e-07,8.19608e-06,7.57517e-09,4.46784e-07,9.80287e-09,1.87466e-09
0,0,0,0,0,0,0,0,0,0,0,0,0,0,0,0,0,0,0,0,0,0,0,0,1.1366e-07,4.74862e-07,1.16194e-07,4.06199e-08,1.19524e-07,3.592e-05,3.07904e-08,4.71089e-07,3.06904e-08,3.04808e-08,7.85354e-06,4.21284e-08,4.4811e-08,2.05448e-06,2.97213e-08,4.53957e-07,2.96719e-08,1.99578e-06,1.35538e-07,8.19616e-06,3.05497e-08,4.47756e-07,3.11777e-08,2.9666e-08
0,0,0,0,0,0,0,0,0,0,0,0,0,0,0,0,0,0,0,0,0,0,0,0,0,4.78088e-07,1.57169e-07,1.13235e-07,1.59502e-07,3.59202e-05,1.11564e-07,4.74087e-07,1.09972e-07,1.09913e-07,7.85422e-06,1.13708e-07,1.14729e-07,2.05721e-06,1.09695e-07,4.66078e-07,1.10072e-07,1.99871e-06,1.71881e-07,8.19685e-06,1.09925e-07,4.60029e-07,1.10101e-07,1.09676e-07
0,0,0,0,0,0,0,0,0,0,0,0,0,0,0,0,0,0,0,0,0,0,0,0,0,0,4.78823e-07,4.6605e-07,5.04137e-07,3.5923e-05,4.69153e-07,6.55941e-07,4.65168e-07,4.65154e-07,7.86724e-06,4.66062e-07,4.66313e-07,2.10627e-06,4.6511e-07,6.49238e-07,4.65106e-07,2.04903e-06,4.83517e-07,8.20928e-06,4.65159e-07,6.44903e-07,4.65201e-07,4.6509e-07
0,0,0,0,0,0,0,0,0,0,0,0,0,0,0,0,0,0,0,0,0,0,0,0,0,0,0,1.15657e-07,1.61154e-07,3.59232e-05,1.14156e-07,4.74563e-07,1.12548e-07,1.12491e-07,7.85426e-06,1.16188e-07,1.17186e-07,2.05733e-06,1.12282e-07,4.66693e-07,1.12267e-07,1.99868e-06,1.73462e-07,8.19687e-06,1.1251e-07,4.60652e-07,1.12681e-07,1.12265e-07
0,0,0,0,0,0,0,0,0,0,0,0,0,0,0,0,0,0,0,0,0,0,0,0,0,0,0,0,1.18584e-07,3.592e-05,2.92977e-08,4.62242e-07,2.85469e-08,2.83213e-08,7.85353e-06,4.05894e-08,4.3366e-08,2.05445e-06,2.75017e-08,4.53817e-07,2.74483e-08,1.99575e-06,1.35069e-07,8.19615e-06,2.83955e-08,4.47614e-07,2.90702e-08,2.74418e-08
0,0,0,0,0,0,0,0,0,0,0,0,0,0,0,0,0,0,0,0,0,0,0,0,0,0,0,0,0,3.59202e-05,1.17313e-07,4.75281e-07,1.15446e-07,1.15391e-07,7.8543e-06,1.18997e-07,1.19972e-07,2.05749e-06,1.15186e-07,4.67401e-07,1.15172e-07,1.99885e-06,1.75355e-07,8.19691e-06,1.15409e-07,4.61368e-07,1.15576e-07,1.1517e-07
0,0,0,0,0,0,0,0,0,0,0,0,0,0,0,0,0,0,0,0,0,0,0,0,0,0,0,0,0,0,3.592e-05,3.5923e-05,3.592e-05,3.592e-05,3.67685e-05,3.592e-05,3.592e-05,3.59787e-05,3.592e-05,3.59229e-05,3.592e-05,3.59754e-05,3.59203e-05,3.68432e-05,3.592e-05,3.59228e-05,3.592e-05,3.592e-05
0,0,0,0,0,0,0,0,0,0,0,0,0,0,0,0,0,0,0,0,0,0,0,0,0,0,0,0,0,0,0,4.61185e-07,1.08469e-08,1.02413e-08,7.85349e-06,3.08364e-08,3.44088e-08,2.05428e-06,7.68332e-09,4.53049e-07,7.48547e-09,1.99558e-06,1.32467e-07,8.19611e-06,1.04437e-08,4.46843e-07,1.21531e-08,7.45859e-09
0,0,0,0,0,0,0,0,0,0,0,0,0,0,0,0,0,0,0,0,0,0,0,0,0,0,0,0,0,0,0,0,4.61142e-07,4.61127e-07,7.867e-06,4.62046e-07,4.62298e-07,2.10536e-06,4.61083e-07,6.46351e-07,4.61079e-07,2.04812e-06,4.79644e-07,8.20906e-06,4.61132e-07,6.42004e-07,4.61174e-07,4.61063e-07
0,0,0,0,0,0,0,0,0,0,0,0,0,0,0,0,0,0,0,0,0,0,0,0,0,0,0,0,0,0,0,0,0,1.06141e-08,7.85353e-06,3.17672e-08,3.45768e-08,2.06661e-06,8.38595e-09,4.56945e-07,8.03901e-09,1.9968e-06,1.34292e-07,8.19649e-06,1.14237e-08,4.46921e-07,1.26381e-08,7.95926e-09
0,0,0,0,0,0,0,0,0,0,0,0,0,0,0,0,0,0,0,0,0,0,0,0,0,0,0,0,0,0,0,0,0,0,7.85362e-06,3.16082e-08,3.52132e-08,2.05439e-06,7.56695e-09,4.53136e-07,7.15515e-09,1.99562e-06,1.32519e-07,8.19632e-06,1.08059e-08,4.50554e-07,1.2437e-08,7.08964e-09
0,0,0,0,0,0,0,0,0,0,0,0,0,0,0,0,0,0,0,0,0,0,0,0,0,0,0,0,0,0,0,0,0,0,0,7.85361e-06,7.85387e-06,8.11781e-06,7.85356e-06,7.86806e-06,7.85348e-06,8.1045e-06,7.85473e-06,1.13516e-05,7.85366e-06,7.86659e-06,7.9136e-06,7.88403e-06
0,0,0,0,0,0,0,0,0,0,0,0,0,0,0,0,0,0,0,0,0,0,0,0,0,0,0,0,0,0,0,0,0,0,0,0,4.51463e-08,2.07718e-06,3.00045e-08,4.54071e-07,3.01477e-08,1.99814e-06,1.40378e-07,8.19689e-06,3.1701e-08,4.47947e-07,3.14756e-08,3.00189e-08
0,0,0,0,0,0,0,0,0,0,0,0,0,0,0,0,0,0,0,0,0,0,0,0,0,0,0,0,0,0,0,0,0,0,0,0,0,2.05455e-06,3.40088e-08,4.54373e-07,3.37983e-08,1.99594e-06,1.42466e-07,8.28735e-06,3.44248e-08,4.48185e-07,3.59735e-08,3.36822e-08
0,0,0,0,0,0,0,0,0,0,0,0,0,0,0,0,0,0,0,0,0,0,0,0,0,0,0,0,0,0,0,0,0,0,0,0,0,0,2.05431e-06,2.10462e-06,2.05477e-06,3.34602e-06,2.05949e-06,8.44983e-06,2.05446e-06,2.10234e-06,2.05429e-06,2.05451e-06
0,0,0,0,0,0,0,0,0,0,0,0,0,0,0,0,0,0,0,0,0,0,0,0,0,0,0,0,0,0,0,0,0,0,0,0,0,0,0,4.55012e-07,1.98998e-09,1.9956e-06,1.32297e-07,8.1962e-06,7.76652e-09,4.48753e-07,1.00843e-08,1.92761e-09
0,0,0,0,0,0,0,0,0,0,0,0,0,0,0,0,0,0,0,0,0,0,0,0,0,0,0,0,0,0,0,0,0,0,0,0,0,0,0,0,4.53011e-07,2.04642e-06,4.72123e-07,8.20866e-06,4.56877e-07,6.37194e-07,4.57157e-07,4.52997e-07
0,0,0,0,0,0,0,0,0,0,0,0,0,0,0,0,0,0,0,0,0,0,0,0,0,0,0,0,0,0,0,0,0,0,0,0,0,0,0,0,0,2.0008e-06,1.32731e-07,8.19628e-06,7.37681e-09,4.46796e-07,9.65022e-09,8.22272e-10
0,0,0,0,0,0,0,0,0,0,0,0,0,0,0,0,0,0,0,0,0,0,0,0,0,0,0,0,0,0,0,0,0,0,0,0,0,0,0,0,0,0,2.00023e-06,8.43564e-06,1.99561e-06,2.04519e-06,1.99561e-06,1.99879e-06
0,0,0,0,0,0,0,0,0,0,0,0,0,0,0,0,0,0,0,0,0,0,0,0,0,0,0,0,0,0,0,0,0,0,0,0,0,0,0,0,0,0,0,8.35661e-06,1.32525e-07,4.66002e-07,1.32641e-07,1.32461e-07
0,0,0,0,0,0,0,0,0,0,0,0,0,0,0,0,0,0,0,0,0,0,0,0,0,0,0,0,0,0,0,0,0,0,0,0,0,0,0,0,0,0,0,0,8.19612e-06,8.2083e-06,8.19633e-06,8.19622e-06
0,0,0,0,0,0,0,0,0,0,0,0,0,0,0,0,0,0,0,0,0,0,0,0,0,0,0,0,0,0,0,0,0,0,0,0,0,0,0,0,0,0,0,0,0,4.50604e-07,1.27689e-08,7.40263e-09
0,0,0,0,0,0,0,0,0,0,0,0,0,0,0,0,0,0,0,0,0,0,0,0,0,0,0,0,0,0,0,0,0,0,0,0,0,0,0,0,0,0,0,0,0,0,4.46998e-07,4.47371e-07
0,0,0,0,0,0,0,0,0,0,0,0,0,0,0,0,0,0,0,0,0,0,0,0,0,0,0,0,0,0,0,0,0,0,0,0,0,0,0,0,0,0,0,0,0,0,0,1.01296e-08
0,0,0,0,0,0,0,0,0,0,0,0,0,0,0,0,0,0,0,0,0,0,0,0,0,0,0,0,0,0,0,0,0,0,0,0,0,0,0,0,0,0,0,0,0,0,0,0
