# # np.logspace(-2, 2., num = num_time_points)
0,0.000623077,0.000623078,0.000623099,0.000623107,0.000623107,0.000623078,0.00062324,0.000623127,0.000623078,0.000623156,0.000623107,0.000623076,0.000623076,0.000623099,0.000623079,0.000623075,0.000623075,0.000623077,0.000623077,0.000623079,0.000623077,0.000623076,0.000623079,0.000623076,0.000623077,0.000623077,0.000623077,0.000623077,0.000623077,0.000623077,0.000623077,0.000623077,0.000623076,0.000623077,0.000623076,0.000623078,0.000623076,0.000623076,0.000623076,0.000623078,0.000623078,0.000623077,0.000623078,0.000623075,0.000623077,0.000623077,0.000623075
0,0,0.000623185,0.000623077,0.000623078,0.000623078,0.000623079,0.00062308,0.000623157,0.000623277,0.000623079,0.000623136,0.000623077,0.000623121,0.000623078,0.00062308,0.000623075,0.000623075,0.000623078,0.000623078,0.00062308,0.000623077,0.000623076,0.00062308,0.000623076,0.000623078,0.000623078,0.000623078,0.000623078,0.000623078,0.000623078,0.000623078,0.000623078,0.000623077,0.000623078,0.000623077,0.000623079,0.000623077,0.000623077,0.000623077,0.000623079,0.000623079,0.000623077,0.000623079,0.000623076,0.000623078,0.000623078,0.000623076
0,0,0,0.000623161,0.000623168,0.00062308,0.00062308,0.000623081,0.000623078,0.00062308,0.00062308,0.00062308,0.000623079,0.000623078,0.000623161,0.000623081,0.000623077,0.000623077,0.000623079,0.00062308,0.000623081,0.000623079,0.000623078,0.000623081,0.000623078,0.000623079,0.000623079,0.000623079,0.000623079,0.000623079,0.000623079,0.00062308,0.00062308,0.000623079,0.000623079,0.000623079,0.00062308,0.000623079,0.000623079,0.000623079,0.00062308,0.00062308,0.000623079,0.00062308,0.000623077,0.00062308,0.000623079,0.000623077
0,0,0,0,0.000623077,0.000623077,0.000623162,0.000623079,0.000623076,0.000623078,0.000623162,0.000623077,0.000623076,0.000623096,0.000623104,0.000623533,0.000623074,0.000623075,0.000623077,0.000623077,0.000623079,0.000623076,0.000623076,0.000623079,0.000623076,0.000623077,0.000623077,0.000623077,0.000623077,0.000623077,0.000623077,0.000623077,0.000623077,0.000623076,0.000623077,0.000623076,0.000623078,0.000623076,0.000623076,0.000623076,0.000623078,0.000623078,0.000623076,0.000623078,0.000623075,0.000623077,0.000623077,0.000623075
0,0,0,0,0,0.00062312,0.000623079,0.00062308,0.00062314,0.000623079,0.000623079,0.000623079,0.000623121,0.000623104,0.000623078,0.00062308,0.000623076,0.000623076,0.000623078,0.000623079,0.00062308,0.000623078,0.000623077,0.00062308,0.000623077,0.000623078,0.000623078,0.000623078,0.000623078,0.000623078,0.000623078,0.000623079,0.000623079,0.000623078,0.000623078,0.000623078,0.000623079,0.000623078,0.000623078,0.000623078,0.000623079,0.000623079,0.000623078,0.000623079,0.000623076,0.000623079,0.000623078,0.000623076
0,0,0,0,0,0,0.00062308,0.00062308,0.000623078,0.00062308,0.000623169,0.00062312,0.000623078,0.000623104,0.000623112,0.00062308,0.000623076,0.000623076,0.000623079,0.000623079,0.000623081,0.000623078,0.000623077,0.00062308,0.000623077,0.000623078,0.000623079,0.000623079,0.000623079,0.000623079,0.000623078,0.000623079,0.000623079,0.000623078,0.000623078,0.000623078,0.00062308,0.000623078,0.000623078,0.000623078,0.000623079,0.000623079,0.000623078,0.000623079,0.000623077,0.000623079,0.000623079,0.000623076
0,0,0,0,0,0,0,0.000623081,0.000623078,0.00062308,0.000623219,0.000623079,0.00062317,0.000623153,0.000623079,0.000623081,0.000623077,0.000623077,0.000623079,0.00062308,0.000623081,0.000623079,0.000623078,0.000623081,0.000623078,0.000623079,0.000623079,0.000623079,0.000623079,0.000623079,0.000623079,0.00062308,0.00062308,0.000623079,0.000623079,0.000623079,0.00062308,0.000623079,0.000623079,0.000623079,0.00062308,0.00062308,0.000623079,0.00062308,0.000623077,0.00062308,0.000623079,0.000623077
0,0,0,0,0,0,0,0,0.000623079,0.000623081,0.000623081,0.00062308,0.000623254,0.000623079,0.000623245,0.000623082,0.000623077,0.000623077,0.00062308,0.00062308,0.000623082,0.000623079,0.000623078,0.000623082,0.000623078,0.00062308,0.00062308,0.00062308,0.00062308,0.00062308,0.00062308,0.00062308,0.00062308,0.000623079,0.00062308,0.000623079,0.000623081,0.000623079,0.000623079,0.000623079,0.000623081,0.000623081,0.000623079,0.000623081,0.000623078,0.00062308,0.00062308,0.000623078
0,0,0,0,0,0,0,0,0,0.00062328,0.000623078,0.000623078,0.000623077,0.000623076,0.000623077,0.00062356,0.000623075,0.000623075,0.000623077,0.000623078,0.000623079,0.000623077,0.000623076,0.000623079,0.000623076,0.000623077,0.000623077,0.000623077,0.000623077,0.000623078,0.000623077,0.000623078,0.000623078,0.000623077,0.000623077,0.000623077,0.000623078,0.000623077,0.000623077,0.000623077,0.000623078,0.000623078,0.000623077,0.000623078,0.000623075,0.000623078,0.000623077,0.000623075
0,0,0,0,0,0,0,0,0,0,0.00062308,0.000623079,0.000623261,0.000623078,0.000623079,0.000623081,0.000623077,0.000623077,0.000623079,0.000623079,0.000623081,0.000623079,0.000623078,0.000623081,0.000623078,0.000623079,0.000623079,0.000623079,0.000623079,0.000623079,0.000623079,0.00062308,0.000623079,0.000623078,0.000623079,0.000623079,0.00062308,0.000623079,0.000623078,0.000623079,0.00062308,0.00062308,0.000623079,0.00062308,0.000623077,0.000623079,0.000623079,0.000623077
0,0,0,0,0,0,0,0,0,0,0,0.00062308,0.000623079,0.000623078,0.000623079,0.000623081,0.000623077,0.000623077,0.000623079,0.00062308,0.000623081,0.000623079,0.000623078,0.000623081,0.000623078,0.000623079,0.000623079,0.000623079,0.000623079,0.00062308,0.000623079,0.00062308,0.00062308,0.000623079,0.000623079,0.000623079,0.00062308,0.000623079,0.000623079,0.000623079,0.00062308,0.00062308,0.000623079,0.00062308,0.000623077,0.00062308,0.000623079,0.000623077
0,0,0,0,0,0,0,0,0,0,0,0,0.00062312,0.000623104,0.000623112,0.00062308,0.000623076,0.000623076,0.000623079,0.000623079,0.00062308,0.000623078,0.000623077,0.00062308,0.000623077,0.000623078,0.000623078,0.000623079,0.000623079,0.000623079,0.000623078,0.000623079,0.000623079,0.000623078,0.000623078,0.000623078,0.00062308,0.000623078,0.000623078,0.000623078,0.000623079,0.000623079,0.000623078,0.000623079,0.000623076,0.000623079,0.000623078,0.000623076
0,0,0,0,0,0,0,0,0,0,0,0,0,0.000623105,0.000623077,0.000623079,0.000623075,0.000623075,0.000623078,0.000623078,0.000623079,0.000623077,0.000623076,0.000623079,0.000623076,0.000623077,0.000623077,0.000623078,0.000623078,0.000623078,0.000623077,0.000623078,0.000623078,0.000623077,0.000623077,0.000623077,0.000623079,0.000623077,0.000623077,0.000623077,0.000623078,0.000623078,0.000623077,0.000623078,0.000623075,0.000623078,0.000623077,0.000623075
0,0,0,0,0,0,0,0,0,0,0,0,0,0,0.000623096,0.000623079,0.000623074,0.000623074,0.000623077,0.000623077,0.000623079,0.000623076,0.000623075,0.000623079,0.000623075,0.000623077,0.000623077,0.000623077,0.000623077,0.000623103,0.000623077,0.000623077,0.000623077,0.000623076,0.000623077,0.000623076,0.000623078,0.000623076,0.000623076,0.000623076,0.000623078,0.000623078,0.000623076,0.000623078,0.000623075,0.000623077,0.000623077,0.000623075
0,0,0,0,0,0,0,0,0,0,0,0,0,0,0,0.00062308,0.000623075,0.000623075,0.000623078,0.000623078,0.00062308,0.000623077,0.000623076,0.00062308,0.000623076,0.000623078,0.000623078,0.000623078,0.000623078,0.000623078,0.000623078,0.000623078,0.000623078,0.000623077,0.000623078,0.000623077,0.000623079,0.000623077,0.000623077,0.000623077,0.000623078,0.000623079,0.000623077,0.000623079,0.000623076,0.000623078,0.000623078,0.000623076
0,0,0,0,0,0,0,0,0,0,0,0,0,0,0,0,0.000623077,0.000623078,0.00062308,0.00062308,0.000623082,0.000623079,0.000623078,0.000623082,0.000623078,0.00062308,0.00062308,0.00062308,0.00062308,0.00062308,0.00062308,0.00062308,0.00062308,0.000623079,0.00062308,0.000623079,0.000623081,0.000623079,0.000623079,0.000623079,0.000623081,0.000623081,0.000623079,0.000623081,0.000623078,0.00062308,0.00062308,0.000623078
0,0,0,0,0,0,0,0,0,0,0,0,0,0,0,0,0,0.000623088,0.000623125,0.000623076,0.000623523,0.000623106,0.000623074,0.000623517,0.000623074,0.000623122,0.000623106,0.000623076,0.000623076,0.000623076,0.000623106,0.000623076,0.000623076,0.000623075,0.000623076,0.000623075,0.000623077,0.000623075,0.000623075,0.000623075,0.000623076,0.000623076,0.000623075,0.000623076,0.000623074,0.000623076,0.000623076,0.000623073
0,0,0,0,0,0,0,0,0,0,0,0,0,0,0,0,0,0,0.000623119,0.000623076,0.000623078,0.000623075,0.000623102,0.000623078,0.000623092,0.000623116,0.0006231,0.000623152,0.000623076,0.000623101,0.000623101,0.000623116,0.000623076,0.000623075,0.000623076,0.000623075,0.000623077,0.000623075,0.000623075,0.000623075,0.000623076,0.000623076,0.000623075,0.000623077,0.000623074,0.000623076,0.000623076,0.000623074
0,0,0,0,0,0,0,0,0,0,0,0,0,0,0,0,0,0,0,0.000623079,0.000623555,0.000623138,0.000623077,0.00062308,0.000623077,0.000623078,0.000623078,0.000623078,0.000623078,0.000623138,0.000623078,0.000623079,0.000623079,0.000623078,0.000623078,0.000623078,0.000623079,0.000623078,0.000623078,0.000623078,0.000623079,0.000623079,0.000623078,0.000623079,0.000623076,0.000623079,0.000623078,0.000623076
0,0,0,0,0,0,0,0,0,0,0,0,0,0,0,0,0,0,0,0,0.00062308,0.000623078,0.000623077,0.00062308,0.00062326,0.000623284,0.000623078,0.000623079,0.000623422,0.000623079,0.000623078,0.000623079,0.000623079,0.000623078,0.000623078,0.000623078,0.00062308,0.000623078,0.000623078,0.000623078,0.000623079,0.000623079,0.000623078,0.000623079,0.000623076,0.000623079,0.000623078,0.000623076
0,0,0,0,0,0,0,0,0,0,0,0,0,0,0,0,0,0,0,0,0,0.00062308,0.000623079,0.000623082,0.000623079,0.00062308,0.00062308,0.00062308,0.00062308,0.00062308,0.00062308,0.00062308,0.00062308,0.000623079,0.00062308,0.000623079,0.000623081,0.000623079,0.000623079,0.00062308,0.000623081,0.000623081,0.00062308,0.000623081,0.000623078,0.00062308,0.00062308,0.000623078
0,0,0,0,0,0,0,0,0,0,0,0,0,0,0,0,0,0,0,0,0,0,0.000623121,0.00062308,0.000623076,0.000623077,0.000623078,0.000623171,0.000623078,0.000623078,0.000623119,0.000623135,0.000623078,0.000623077,0.000623078,0.000623077,0.000623079,0.000623077,0.000623077,0.000623077,0.000623078,0.000623078,0.000623077,0.000623078,0.000623076,0.000623078,0.000623078,0.000623075
0,0,0,0,0,0,0,0,0,0,0,0,0,0,0,0,0,0,0,0,0,0,0,0.000623532,0.000623075,0.000623076,0.00062312,0.000623077,0.000623274,0.000623121,0.000623077,0.000623077,0.000623077,0.000623076,0.000623077,0.000623076,0.000623078,0.000623076,0.000623076,0.000623076,0.000623077,0.000623077,0.000623076,0.000623078,0.000623075,0.000623077,0.000623077,0.000623074
0,0,0,0,0,0,0,0,0,0,0,0,0,0,0,0,0,0,0,0,0,0,0,0,0.000623079,0.00062308,0.00062308,0.00062308,0.00062308,0.00062308,0.00062308,0.00062308,0.00062308,0.000623079,0.00062308,0.000623079,0.000623081,0.000623079,0.000623079,0.000623079,0.000623081,0.000623081,0.00062308,0.000623081,0.000623078,0.00062308,0.00062308,0.000623078
0,0,0,0,0,0,0,0,0,0,0,0,0,0,0,0,0,0,0,0,0,0,0,0,0,0.000623126,0.00062311,0.000623077,0.000623077,0.000623111,0.000623111,0.000623126,0.000623077,0.000623076,0.000623077,0.000623076,0.000623078,0.000623076,0.000623076,0.000623076,0.000623077,0.000623077,0.000623076,0.000623078,0.000623075,0.000623077,0.000623077,0.000623074
0,0,0,0,0,0,0,0,0,0,0,0,0,0,0,0,0,0,0,0,0,0,0,0,0,0,0.000623134,0.000623078,0.000623078,0.000623078,0.000623078,0.000623078,0.000623078,0.000623077,0.000623078,0.000623077,0.000623079,0.000623077,0.000623077,0.000623077,0.000623079,0.000623079,0.000623077,0.000623079,0.000623076,0.000623078,0.000623078,0.000623076
0,0,0,0,0,0,0,0,0,0,0,0,0,0,0,0,0,0,0,0,0,0,0,0,0,0,0,0.000623078,0.000623078,0.000623119,0.000623078,0.000623078,0.000623078,0.000623077,0.000623078,0.000623078,0.000623079,0.000623078,0.000623077,0.000623078,0.000623079,0.000623079,0.000623078,0.000623079,0.000623076,0.000623078,0.000623078,0.000623076
0,0,0,0,0,0,0,0,0,0,0,0,0,0,0,0,0,0,0,0,0,0,0,0,0,0,0,0,0.000623325,0.000623079,0.000623171,0.000623079,0.000623079,0.000623078,0.000623078,0.000623078,0.000623079,0.000623078,0.000623078,0.000623078,0.000623079,0.000623079,0.000623078,0.000623079,0.000623076,0.000623079,0.000623078,0.000623076
0,0,0,0,0,0,0,0,0,0,0,0,0,0,0,0,0,0,0,0,0,0,0,0,0,0,0,0,0,0.000623079,0.000623078,0.000623079,0.000623079,0.000623078,0.000623078,0.000623078,0.000623079,0.000623078,0.000623078,0.000623078,0.000623079,0.000623079,0.000623078,0.000623079,0.000623076,0.000623079,0.000623078,0.000623076
0,0,0,0,0,0,0,0,0,0,0,0,0,0,0,0,0,0,0,0,0,0,0,0,0,0,0,0,0,0,0.000623078,0.000623079,0.000623079,0.000623078,0.000623078,0.000623078,0.00062308,0.000623078,0.000623078,0.000623078,0.000623079,0.000623079,0.000623078,0.000623079,0.000623076,0.000623079,0.000623078,0.000623076
0,0,0,0,0,0,0,0,0,0,0,0,0,0,0,0,0,0,0,0,0,0,0,0,0,0,0,0,0,0,0,0.000623135,0.000623078,0.000623077,0.000623078,0.000623077,0.000623079,0.000623077,0.000623077,0.000623077,0.000623079,0.000623079,0.000623077,0.000623079,0.000623076,0.000623078,0.000623078,0.000623076
0,0,0,0,0,0,0,0,0,0,0,0,0,0,0,0,0,0,0,0,0,0,0,0,0,0,0,0,0,0,0,0,0.000623079,0.000623078,0.000623078,0.000623078,0.00062308,0.000623078,0.000623078,0.000623078,0.000623184,0.000623079,0.000623078,0.000623079,0.000623077,0.000623079,0.000623079,0.000623076
0,0,0,0,0,0,0,0,0,0,0,0,0,0,0,0,0,0,0,0,0,0,0,0,0,0,0,0,0,0,0,0,0,0.000623078,0.000623078,0.000623134,0.00062308,0.000623126,0.000623078,0.000623078,0.000623079,0.000623183,0.000623078,0.000623079,0.000623121,0.000623079,0.000623078,0.000623118
0,0,0,0,0,0,0,0,0,0,0,0,0,0,0,0,0,0,0,0,0,0,0,0,0,0,0,0,0,0,0,0,0,0,0.000623077,0.000623077,0.000623079,0.000623111,0.000623119,0.000623077,0.000623168,0.000623078,0.000623119,0.000623167,0.000623075,0.000623078,0.000623119,0.000623075
0,0,0,0,0,0,0,0,0,0,0,0,0,0,0,0,0,0,0,0,0,0,0,0,0,0,0,0,0,0,0,0,0,0,0,0.000623077,0.000623079,0.000623077,0.000623135,0.000623135,0.000623079,0.000623184,0.000623078,0.000623079,0.000623122,0.000623188,0.000623078,0.000623076
0,0,0,0,0,0,0,0,0,0,0,0,0,0,0,0,0,0,0,0,0,0,0,0,0,0,0,0,0,0,0,0,0,0,0,0,0.000623079,0.000623077,0.000623077,0.000623077,0.000623078,0.000623168,0.000623077,0.000623078,0.000623106,0.000623171,0.000623119,0.000623103
0,0,0,0,0,0,0,0,0,0,0,0,0,0,0,0,0,0,0,0,0,0,0,0,0,0,0,0,0,0,0,0,0,0,0,0,0,0.000623079,0.000623079,0.000623259,0.00062308,0.00062308,0.000623079,0.00062308,0.000623245,0.000623311,0.000623079,0.000623077
0,0,0,0,0,0,0,0,0,0,0,0,0,0,0,0,0,0,0,0,0,0,0,0,0,0,0,0,0,0,0,0,0,0,0,0,0,0,0.000623111,0.000623111,0.000623078,0.000623078,0.000623077,0.000623078,0.000623097,0.000623078,0.00062311,0.000623094
0,0,0,0,0,0,0,0,0,0,0,0,0,0,0,0,0,0,0,0,0,0,0,0,0,0,0,0,0,0,0,0,0,0,0,0,0,0,0,0.000623077,0.000623168,0.000623078,0.000623077,0.000623167,0.000623076,0.000623078,0.000623077,0.000623103
0,0,0,0,0,0,0,0,0,0,0,0,0,0,0,0,0,0,0,0,0,0,0,0,0,0,0,0,0,0,0,0,0,0,0,0,0,0,0,0,0.000623078,0.000623078,0.000623119,0.000623078,0.000623076,0.000623078,0.000623119,0.000623103
0,0,0,0,0,0,0,0,0,0,0,0,0,0,0,0,0,0,0,0,0,0,0,0,0,0,0,0,0,0,0,0,0,0,0,0,0,0,0,0,0,0.00062308,0.000623168,0.00062308,0.000623077,0.000623079,0.000623079,0.000623077
0,0,0,0,0,0,0,0,0,0,0,0,0,0,0,0,0,0,0,0,0,0,0,0,0,0,0,0,0,0,0,0,0,0,0,0,0,0,0,0,0,0,0.000623078,0.00062308,0.000623077,0.000623079,0.000623079,0.000623152
0,0,0,0,0,0,0,0,0,0,0,0,0,0,0,0,0,0,0,0,0,0,0,0,0,0,0,0,0,0,0,0,0,0,0,0,0,0,0,0,0,0,0,0.000623167,0.000623106,0.000623078,0.000623078,0.000623102
0,0,0,0,0,0,0,0,0,0,0,0,0,0,0,0,0,0,0,0,0,0,0,0,0,0,0,0,0,0,0,0,0,0,0,0,0,0,0,0,0,0,0,0,0.000623154,0.000623079,0.000623079,0.000623077
0,0,0,0,0,0,0,0,0,0,0,0,0,0,0,0,0,0,0,0,0,0,0,0,0,0,0,0,0,0,0,0,0,0,0,0,0,0,0,0,0,0,0,0,0,0.000623077,0.000623105,0.000623074
0,0,0,0,0,0,0,0,0,0,0,0,0,0,0,0,0,0,0,0,0,0,0,0,0,0,0,0,0,0,0,0,0,0,0,0,0,0,0,0,0,0,0,0,0,0,0.000623078,0.000623155
0,0,0,0,0,0,0,0,0,0,0,0,0,0,0,0,0,0,0,0,0,0,0,0,0,0,0,0,0,0,0,0,0,0,0,0,0,0,0,0,0,0,0,0,0,0,0,0.000623102
0,0,0,0,0,0,0,0,0,0,0,0,0,0,0,0,0,0,0,0,0,0,0,0,0,0,0,0,0,0,0,0,0,0,0,0,0,0,0,0,0,0,0,0,0,0,0,0
