# # np.logspace(-2, 2., num = num_time_points)
0,4.05509e-05,4.07118e-05,4.10037e-05,4.12893e-05,4.13681e-05,4.07826e-05,4.50599e-05,4.20336e-05,4.09167e-05,4.28256e-05,4.12834e-05,4.05067e-05,4.02117e-05,4.10752e-05,4.14607e-05,4.01015e-05,3.99969e-05,4.06761e-05,4.09832e-05,4.10311e-05,4.03521e-05,4.03511e-05,4.09103e-05,4.01929e-05,4.04384e-05,4.0401e-05,4.06346e-05,4.10836e-05,4.04492e-05,4.0397e-05,4.05119e-05,4.05018e-05,4.034e-05,4.04667e-05,4.0347e-05,4.08117e-05,4.03055e-05,4.03414e-05,4.03619e-05,4.05963e-05,4.06042e-05,4.03545e-05,4.05885e-05,4.00925e-05,4.06757e-05,4.04035e-05,4.00307e-05
0,0,4.37418e-05,4.06448e-05,4.08115e-05,4.07778e-05,4.0942e-05,4.1026e-05,4.32497e-05,4.64036e-05,4.09424e-05,4.23057e-05,4.08445e-05,4.16593e-05,4.07173e-05,4.16474e-05,4.03601e-05,4.02561e-05,4.09311e-05,4.12363e-05,4.12839e-05,4.06091e-05,4.06081e-05,4.11638e-05,4.04509e-05,4.06948e-05,4.06578e-05,4.08898e-05,4.13361e-05,4.07119e-05,4.06537e-05,4.07679e-05,4.07578e-05,4.0597e-05,4.0723e-05,4.0604e-05,4.10659e-05,4.05627e-05,4.05985e-05,4.06188e-05,4.08518e-05,4.08596e-05,4.06114e-05,4.0844e-05,4.03511e-05,4.09306e-05,4.06602e-05,4.02898e-05
0,0,0,4.29603e-05,4.32276e-05,4.09481e-05,4.11073e-05,4.12144e-05,4.11496e-05,4.13396e-05,4.11213e-05,4.09368e-05,4.0845e-05,4.07002e-05,4.29933e-05,4.15821e-05,4.05064e-05,4.04028e-05,4.10753e-05,4.13795e-05,4.14269e-05,4.07545e-05,4.07534e-05,4.13072e-05,4.05968e-05,4.08399e-05,4.08029e-05,4.10342e-05,4.14789e-05,4.08508e-05,4.07989e-05,4.09127e-05,4.09027e-05,4.07424e-05,4.0868e-05,4.07494e-05,4.12096e-05,4.07083e-05,4.07439e-05,4.07642e-05,4.09963e-05,4.10041e-05,4.07568e-05,4.09885e-05,4.04974e-05,4.10749e-05,4.08054e-05,4.04363e-05
0,0,0,0,4.0567e-05,4.06289e-05,4.30914e-05,4.09066e-05,4.10824e-05,4.08942e-05,4.31121e-05,4.05526e-05,4.05297e-05,4.08628e-05,4.1263e-05,5.32748e-05,4.01779e-05,4.00734e-05,4.07514e-05,4.1058e-05,4.11058e-05,4.0428e-05,4.0427e-05,4.09851e-05,4.02691e-05,4.05141e-05,4.04769e-05,4.07099e-05,4.11582e-05,4.05288e-05,4.04728e-05,4.05875e-05,4.05774e-05,4.04159e-05,4.05424e-05,4.04229e-05,4.08868e-05,4.03815e-05,4.04174e-05,4.04378e-05,4.06718e-05,4.06796e-05,4.04304e-05,4.06639e-05,4.01689e-05,4.0751e-05,4.04793e-05,4.01073e-05
0,0,0,0,0,4.18304e-05,4.09124e-05,4.1052e-05,4.25406e-05,4.11844e-05,4.09283e-05,4.06965e-05,4.17919e-05,4.11433e-05,4.0636e-05,4.15562e-05,4.02986e-05,4.01945e-05,4.08704e-05,4.11761e-05,4.12238e-05,4.0548e-05,4.0547e-05,4.11034e-05,4.03895e-05,4.06338e-05,4.05967e-05,4.08291e-05,4.1276e-05,4.06491e-05,4.05926e-05,4.0707e-05,4.06969e-05,4.05359e-05,4.0662e-05,4.05429e-05,4.10054e-05,4.05015e-05,4.05373e-05,4.05577e-05,4.0791e-05,4.07988e-05,4.05503e-05,4.07832e-05,4.02896e-05,4.087e-05,4.05991e-05,4.02281e-05
0,0,0,0,0,0,4.10345e-05,4.10831e-05,4.09154e-05,4.10483e-05,4.33539e-05,4.1848e-05,4.06951e-05,4.11975e-05,4.15833e-05,4.13123e-05,4.03555e-05,4.02515e-05,4.09265e-05,4.12318e-05,4.12794e-05,4.06046e-05,4.06035e-05,4.11592e-05,4.04463e-05,4.06902e-05,4.06532e-05,4.08852e-05,4.13316e-05,4.07055e-05,4.06491e-05,4.07633e-05,4.07533e-05,4.05924e-05,4.07184e-05,4.05995e-05,4.10613e-05,4.05582e-05,4.05939e-05,4.06143e-05,4.08472e-05,4.0855e-05,4.06069e-05,4.08394e-05,4.03465e-05,4.09261e-05,4.06556e-05,4.02852e-05
0,0,0,0,0,0,0,4.12758e-05,4.10672e-05,4.13076e-05,4.48096e-05,4.09326e-05,4.3298e-05,4.26761e-05,4.08427e-05,4.16048e-05,4.05349e-05,4.04314e-05,4.11035e-05,4.14074e-05,4.14548e-05,4.07829e-05,4.07819e-05,4.13352e-05,4.06254e-05,4.08682e-05,4.08313e-05,4.10623e-05,4.15068e-05,4.08886e-05,4.08272e-05,4.0941e-05,4.09309e-05,4.07708e-05,4.08963e-05,4.07778e-05,4.12377e-05,4.07367e-05,4.07723e-05,4.07925e-05,4.10245e-05,4.10323e-05,4.07852e-05,4.10167e-05,4.05259e-05,4.1103e-05,4.08337e-05,4.04649e-05
0,0,0,0,0,0,0,0,4.11864e-05,4.14299e-05,4.12425e-05,4.11104e-05,4.55437e-05,4.08091e-05,4.5306e-05,4.1573e-05,4.06277e-05,4.05244e-05,4.11949e-05,4.14982e-05,4.15455e-05,4.08751e-05,4.0874e-05,4.14262e-05,4.07179e-05,4.09602e-05,4.09233e-05,4.11539e-05,4.15974e-05,4.0971e-05,4.09194e-05,4.10328e-05,4.10228e-05,4.0863e-05,4.09882e-05,4.087e-05,4.13289e-05,4.0829e-05,4.08645e-05,4.08847e-05,4.11162e-05,4.11239e-05,4.08774e-05,4.11084e-05,4.06187e-05,4.11945e-05,4.09258e-05,4.05578e-05
0,0,0,0,0,0,0,0,0,4.6651e-05,4.10957e-05,4.09011e-05,4.09823e-05,4.0631e-05,4.0782e-05,5.42917e-05,4.04943e-05,4.03907e-05,4.10634e-05,4.13677e-05,4.14152e-05,4.07425e-05,4.07415e-05,4.12954e-05,4.05848e-05,4.08279e-05,4.0791e-05,4.10223e-05,4.14672e-05,4.08387e-05,4.0787e-05,4.09008e-05,4.08908e-05,4.07305e-05,4.0856e-05,4.07375e-05,4.11978e-05,4.06963e-05,4.07319e-05,4.07522e-05,4.09844e-05,4.09922e-05,4.07448e-05,4.09766e-05,4.04854e-05,4.1063e-05,4.07934e-05,4.04242e-05
0,0,0,0,0,0,0,0,0,0,4.12374e-05,4.11907e-05,4.57765e-05,4.09104e-05,4.094e-05,4.20086e-05,4.06582e-05,4.0555e-05,4.12251e-05,4.15282e-05,4.15754e-05,4.09054e-05,4.09044e-05,4.14561e-05,4.07484e-05,4.09905e-05,4.09537e-05,4.11841e-05,4.16272e-05,4.10015e-05,4.09497e-05,4.10631e-05,4.10531e-05,4.08934e-05,4.10185e-05,4.09004e-05,4.13589e-05,4.08594e-05,4.08949e-05,4.09151e-05,4.11464e-05,4.11541e-05,4.09077e-05,4.11386e-05,4.06493e-05,4.12246e-05,4.09561e-05,4.05884e-05
0,0,0,0,0,0,0,0,0,0,0,4.09483e-05,4.09539e-05,4.07634e-05,4.0888e-05,4.162e-05,4.0549e-05,4.04455e-05,4.11173e-05,4.14212e-05,4.14686e-05,4.07968e-05,4.07958e-05,4.1349e-05,4.06394e-05,4.08822e-05,4.08452e-05,4.10762e-05,4.15205e-05,4.08931e-05,4.08412e-05,4.09549e-05,4.09449e-05,4.07848e-05,4.09102e-05,4.07918e-05,4.12515e-05,4.07507e-05,4.07863e-05,4.08065e-05,4.10384e-05,4.10462e-05,4.07992e-05,4.10306e-05,4.054e-05,4.11169e-05,4.08477e-05,4.0479e-05
0,0,0,0,0,0,0,0,0,0,0,0,4.18006e-05,4.11738e-05,4.15432e-05,4.12766e-05,4.03197e-05,4.02156e-05,4.08912e-05,4.11967e-05,4.12443e-05,4.05689e-05,4.05679e-05,4.11241e-05,4.04106e-05,4.06547e-05,4.06176e-05,4.08498e-05,4.12966e-05,4.067e-05,4.06135e-05,4.07278e-05,4.07178e-05,4.05568e-05,4.06829e-05,4.05638e-05,4.10261e-05,4.05225e-05,4.05583e-05,4.05787e-05,4.08118e-05,4.08196e-05,4.05712e-05,4.0804e-05,4.03106e-05,4.08907e-05,4.062e-05,4.02492e-05
0,0,0,0,0,0,0,0,0,0,0,0,0,4.11919e-05,4.06469e-05,4.12424e-05,4.02668e-05,4.01626e-05,4.08391e-05,4.1145e-05,4.11927e-05,4.05164e-05,4.05154e-05,4.10723e-05,4.03579e-05,4.06023e-05,4.05652e-05,4.07977e-05,4.1245e-05,4.06179e-05,4.05611e-05,4.06755e-05,4.06655e-05,4.05043e-05,4.06306e-05,4.05113e-05,4.09742e-05,4.04699e-05,4.05058e-05,4.05262e-05,4.07596e-05,4.07674e-05,4.05188e-05,4.07518e-05,4.02578e-05,4.08386e-05,4.05676e-05,4.01963e-05
0,0,0,0,0,0,0,0,0,0,0,0,0,0,4.08843e-05,4.11181e-05,4.00473e-05,3.99463e-05,4.06382e-05,4.09304e-05,4.09803e-05,4.02983e-05,4.03076e-05,4.08583e-05,4.01457e-05,4.03846e-05,4.03566e-05,4.05809e-05,4.10311e-05,4.11203e-05,4.03431e-05,4.04581e-05,4.04479e-05,4.02858e-05,4.04128e-05,4.02929e-05,4.07583e-05,4.02513e-05,4.02873e-05,4.03079e-05,4.05426e-05,4.05504e-05,4.03004e-05,4.05347e-05,4.0038e-05,4.0622e-05,4.03495e-05,3.99762e-05
0,0,0,0,0,0,0,0,0,0,0,0,0,0,0,4.13031e-05,4.02403e-05,4.0136e-05,4.08129e-05,4.1119e-05,4.11667e-05,4.049e-05,4.0489e-05,4.10462e-05,4.03313e-05,4.05759e-05,4.05388e-05,4.07715e-05,4.1219e-05,4.05904e-05,4.05347e-05,4.06492e-05,4.06391e-05,4.04779e-05,4.06042e-05,4.04849e-05,4.09481e-05,4.04435e-05,4.04793e-05,4.04998e-05,4.07334e-05,4.07412e-05,4.04923e-05,4.07255e-05,4.02312e-05,4.08124e-05,4.05412e-05,4.01697e-05
0,0,0,0,0,0,0,0,0,0,0,0,0,0,0,0,4.09205e-05,4.0818e-05,4.14838e-05,4.1785e-05,4.18319e-05,4.11662e-05,4.11651e-05,4.17134e-05,4.10101e-05,4.12507e-05,4.12141e-05,4.14431e-05,4.18834e-05,4.12615e-05,4.12101e-05,4.13228e-05,4.13129e-05,4.11542e-05,4.12785e-05,4.11611e-05,4.16168e-05,4.11204e-05,4.11557e-05,4.11758e-05,4.14056e-05,4.14133e-05,4.11685e-05,4.13979e-05,4.09117e-05,4.14834e-05,4.12165e-05,4.08512e-05
0,0,0,0,0,0,0,0,0,0,0,0,0,0,0,0,0,4.02957e-05,4.22085e-05,4.09564e-05,5.31224e-05,4.11093e-05,4.04559e-05,5.25146e-05,4.00908e-05,4.15859e-05,4.1122e-05,4.05649e-05,4.09723e-05,4.03517e-05,4.11185e-05,4.04131e-05,4.03649e-05,4.02025e-05,4.03297e-05,4.02096e-05,4.06759e-05,4.01679e-05,4.0204e-05,4.02246e-05,4.04607e-05,4.04676e-05,4.02171e-05,4.04519e-05,3.99542e-05,4.05393e-05,4.02663e-05,3.98922e-05
0,0,0,0,0,0,0,0,0,0,0,0,0,0,0,0,0,0,4.1634e-05,4.09068e-05,4.11394e-05,4.01995e-05,4.08977e-05,4.09112e-05,4.04905e-05,4.13389e-05,4.0885e-05,4.2462e-05,4.11253e-05,4.09281e-05,4.09019e-05,4.13809e-05,4.02609e-05,4.00985e-05,4.02256e-05,4.01052e-05,4.05727e-05,4.00634e-05,4.01e-05,4.01202e-05,4.04e-05,4.03639e-05,4.01131e-05,4.03481e-05,3.98491e-05,4.04358e-05,4.01621e-05,3.9787e-05
0,0,0,0,0,0,0,0,0,0,0,0,0,0,0,0,0,0,0,4.14138e-05,5.42124e-05,4.24315e-05,4.08393e-05,4.14354e-05,4.06541e-05,4.08956e-05,4.08752e-05,4.11175e-05,4.1516e-05,4.24975e-05,4.08728e-05,4.098e-05,4.09357e-05,4.07756e-05,4.0901e-05,4.07826e-05,4.12425e-05,4.07415e-05,4.07771e-05,4.07973e-05,4.103e-05,4.10371e-05,4.079e-05,4.10215e-05,4.05308e-05,4.11078e-05,4.08385e-05,4.04697e-05
0,0,0,0,0,0,0,0,0,0,0,0,0,0,0,0,0,0,0,0,4.17626e-05,4.1115e-05,4.15974e-05,4.16593e-05,4.58704e-05,4.66499e-05,4.13048e-05,4.20074e-05,5.0741e-05,4.12395e-05,4.11978e-05,4.12994e-05,4.1241e-05,4.10821e-05,4.12066e-05,4.1089e-05,4.15454e-05,4.10482e-05,4.10835e-05,4.11036e-05,4.13347e-05,4.13416e-05,4.10963e-05,4.13261e-05,4.08391e-05,4.14118e-05,4.11445e-05,4.07785e-05
0,0,0,0,0,0,0,0,0,0,0,0,0,0,0,0,0,0,0,0,0,4.15014e-05,4.116e-05,4.18379e-05,4.09914e-05,4.13076e-05,4.12709e-05,4.14241e-05,4.18599e-05,4.15199e-05,4.12666e-05,4.13034e-05,4.12886e-05,4.11298e-05,4.12542e-05,4.11367e-05,4.15927e-05,4.1096e-05,4.11313e-05,4.11514e-05,4.13814e-05,4.1389e-05,4.11441e-05,4.13736e-05,4.08871e-05,4.14592e-05,4.11922e-05,4.08266e-05
0,0,0,0,0,0,0,0,0,0,0,0,0,0,0,0,0,0,0,0,0,0,4.16882e-05,4.12682e-05,4.03414e-05,4.05626e-05,4.05391e-05,4.32766e-05,4.14923e-05,4.06067e-05,4.17363e-05,4.2185e-05,4.06139e-05,4.04532e-05,4.05789e-05,4.04595e-05,4.0923e-05,4.04181e-05,4.04547e-05,4.04744e-05,4.07626e-05,4.0716e-05,4.04677e-05,4.07003e-05,4.02057e-05,4.07873e-05,4.05159e-05,4.01441e-05
0,0,0,0,0,0,0,0,0,0,0,0,0,0,0,0,0,0,0,0,0,0,0,5.31127e-05,4.03417e-05,4.05887e-05,4.17304e-05,4.1044e-05,4.64259e-05,4.17764e-05,4.05344e-05,4.06502e-05,4.06128e-05,4.04514e-05,4.05779e-05,4.04585e-05,4.09219e-05,4.0417e-05,4.04529e-05,4.04733e-05,4.07077e-05,4.07149e-05,4.04659e-05,4.06993e-05,4.02046e-05,4.07862e-05,4.05148e-05,4.01431e-05
0,0,0,0,0,0,0,0,0,0,0,0,0,0,0,0,0,0,0,0,0,0,0,0,4.08711e-05,4.1187e-05,4.13169e-05,4.13158e-05,4.19748e-05,4.12903e-05,4.11431e-05,4.1182e-05,4.11684e-05,4.10092e-05,4.1134e-05,4.10162e-05,4.14734e-05,4.09753e-05,4.10107e-05,4.10308e-05,4.12615e-05,4.12692e-05,4.10235e-05,4.12537e-05,4.07658e-05,4.13395e-05,4.10718e-05,4.07051e-05
0,0,0,0,0,0,0,0,0,0,0,0,0,0,0,0,0,0,0,0,0,0,0,0,0,4.19037e-05,4.13195e-05,4.06421e-05,4.15201e-05,4.13439e-05,4.13116e-05,4.182e-05,4.04557e-05,4.02942e-05,4.04206e-05,4.03007e-05,4.0766e-05,4.02591e-05,4.02957e-05,4.03156e-05,4.05999e-05,4.05582e-05,4.03088e-05,4.05425e-05,4.00459e-05,4.06297e-05,4.03573e-05,3.99841e-05
0,0,0,0,0,0,0,0,0,0,0,0,0,0,0,0,0,0,0,0,0,0,0,0,0,0,4.21706e-05,4.08601e-05,4.18183e-05,4.06873e-05,4.06257e-05,4.07345e-05,4.06995e-05,4.05385e-05,4.06647e-05,4.05455e-05,4.1008e-05,4.05042e-05,4.054e-05,4.05604e-05,4.07942e-05,4.08014e-05,4.0553e-05,4.07858e-05,4.02922e-05,4.08726e-05,4.06018e-05,4.02308e-05
0,0,0,0,0,0,0,0,0,0,0,0,0,0,0,0,0,0,0,0,0,0,0,0,0,0,0,4.08061e-05,4.1329e-05,4.17508e-05,4.05798e-05,4.06915e-05,4.06624e-05,4.05013e-05,4.06275e-05,4.05083e-05,4.09712e-05,4.04669e-05,4.05027e-05,4.05231e-05,4.07571e-05,4.07644e-05,4.05157e-05,4.07488e-05,4.02548e-05,4.08356e-05,4.05646e-05,4.01933e-05
0,0,0,0,0,0,0,0,0,0,0,0,0,0,0,0,0,0,0,0,0,0,0,0,0,0,0,0,4.79366e-05,4.08537e-05,4.33154e-05,4.09917e-05,4.08945e-05,4.07342e-05,4.08598e-05,4.07412e-05,4.12015e-05,4.07001e-05,4.07357e-05,4.0756e-05,4.09898e-05,4.09959e-05,4.07486e-05,4.09804e-05,4.04891e-05,4.10667e-05,4.07972e-05,4.0428e-05
0,0,0,0,0,0,0,0,0,0,0,0,0,0,0,0,0,0,0,0,0,0,0,0,0,0,0,0,0,4.13686e-05,4.14644e-05,4.13595e-05,4.13407e-05,4.11822e-05,4.13064e-05,4.11891e-05,4.16444e-05,4.11484e-05,4.11836e-05,4.12037e-05,4.14335e-05,4.14411e-05,4.11964e-05,4.14257e-05,4.09398e-05,4.15111e-05,4.12445e-05,4.08793e-05
0,0,0,0,0,0,0,0,0,0,0,0,0,0,0,0,0,0,0,0,0,0,0,0,0,0,0,0,0,0,4.06203e-05,4.07391e-05,4.07101e-05,4.05491e-05,4.06753e-05,4.05561e-05,4.10185e-05,4.05148e-05,4.05506e-05,4.0571e-05,4.08046e-05,4.0812e-05,4.05636e-05,4.07964e-05,4.03029e-05,4.08831e-05,4.06124e-05,4.02415e-05
0,0,0,0,0,0,0,0,0,0,0,0,0,0,0,0,0,0,0,0,0,0,0,0,0,0,0,0,0,0,0,4.22357e-05,4.06584e-05,4.0498e-05,4.06235e-05,4.05043e-05,4.09672e-05,4.04629e-05,4.04994e-05,4.05191e-05,4.08072e-05,4.07604e-05,4.05124e-05,4.07448e-05,4.02507e-05,4.08317e-05,4.05606e-05,4.01892e-05
0,0,0,0,0,0,0,0,0,0,0,0,0,0,0,0,0,0,0,0,0,0,0,0,0,0,0,0,0,0,0,0,4.07726e-05,4.06777e-05,4.07386e-05,4.06189e-05,4.10806e-05,4.05786e-05,4.06786e-05,4.06343e-05,4.36614e-05,4.08743e-05,4.06913e-05,4.08619e-05,4.03665e-05,4.09454e-05,4.06756e-05,4.03056e-05
0,0,0,0,0,0,0,0,0,0,0,0,0,0,0,0,0,0,0,0,0,0,0,0,0,0,0,0,0,0,0,0,0,4.06158e-05,4.08237e-05,4.22232e-05,4.11048e-05,4.18922e-05,4.06244e-05,4.06455e-05,4.08573e-05,4.36985e-05,4.06327e-05,4.08663e-05,4.15906e-05,4.09915e-05,4.07148e-05,4.14953e-05
0,0,0,0,0,0,0,0,0,0,0,0,0,0,0,0,0,0,0,0,0,0,0,0,0,0,0,0,0,0,0,0,0,0,4.05905e-05,4.04632e-05,4.0914e-05,4.13664e-05,4.17075e-05,4.05043e-05,4.31798e-05,4.07054e-05,4.17058e-05,4.31382e-05,4.02583e-05,4.07765e-05,4.16458e-05,4.01699e-05
0,0,0,0,0,0,0,0,0,0,0,0,0,0,0,0,0,0,0,0,0,0,0,0,0,0,0,0,0,0,0,0,0,0,0,4.07198e-05,4.13608e-05,4.0579e-05,4.21401e-05,4.21688e-05,4.08611e-05,4.36511e-05,4.06142e-05,4.08697e-05,4.15707e-05,4.38226e-05,4.06627e-05,4.03926e-05
0,0,0,0,0,0,0,0,0,0,0,0,0,0,0,0,0,0,0,0,0,0,0,0,0,0,0,0,0,0,0,0,0,0,0,0,4.11532e-05,4.04568e-05,4.04563e-05,4.04952e-05,4.07037e-05,4.31868e-05,4.04746e-05,4.07105e-05,4.10634e-05,4.33007e-05,4.1653e-05,4.09811e-05
0,0,0,0,0,0,0,0,0,0,0,0,0,0,0,0,0,0,0,0,0,0,0,0,0,0,0,0,0,0,0,0,0,0,0,0,0,4.09661e-05,4.09191e-05,4.56841e-05,4.1165e-05,4.11816e-05,4.10185e-05,4.11927e-05,4.5087e-05,4.72946e-05,4.10683e-05,4.0854e-05
0,0,0,0,0,0,0,0,0,0,0,0,0,0,0,0,0,0,0,0,0,0,0,0,0,0,0,0,0,0,0,0,0,0,0,0,0,0,4.1359e-05,4.13819e-05,4.07228e-05,4.07299e-05,4.04573e-05,4.07273e-05,4.07888e-05,4.07558e-05,4.14106e-05,4.06585e-05
0,0,0,0,0,0,0,0,0,0,0,0,0,0,0,0,0,0,0,0,0,0,0,0,0,0,0,0,0,0,0,0,0,0,0,0,0,0,0,4.05065e-05,4.3148e-05,4.07714e-05,4.05751e-05,4.31068e-05,4.02567e-05,4.08448e-05,4.05366e-05,4.08928e-05
0,0,0,0,0,0,0,0,0,0,0,0,0,0,0,0,0,0,0,0,0,0,0,0,0,0,0,0,0,0,0,0,0,0,0,0,0,0,0,0,4.0752e-05,4.07924e-05,4.16387e-05,4.07451e-05,4.03407e-05,4.10952e-05,4.16754e-05,4.09379e-05
0,0,0,0,0,0,0,0,0,0,0,0,0,0,0,0,0,0,0,0,0,0,0,0,0,0,0,0,0,0,0,0,0,0,0,0,0,0,0,0,0,4.09591e-05,4.3156e-05,4.10928e-05,4.04823e-05,4.103e-05,4.07931e-05,4.04447e-05
0,0,0,0,0,0,0,0,0,0,0,0,0,0,0,0,0,0,0,0,0,0,0,0,0,0,0,0,0,0,0,0,0,0,0,0,0,0,0,0,0,0,4.07297e-05,4.09521e-05,4.05821e-05,4.11916e-05,4.08114e-05,4.24758e-05
0,0,0,0,0,0,0,0,0,0,0,0,0,0,0,0,0,0,0,0,0,0,0,0,0,0,0,0,0,0,0,0,0,0,0,0,0,0,0,0,0,0,0,4.3129e-05,4.10693e-05,4.0804e-05,4.05618e-05,4.09037e-05
0,0,0,0,0,0,0,0,0,0,0,0,0,0,0,0,0,0,0,0,0,0,0,0,0,0,0,0,0,0,0,0,0,0,0,0,0,0,0,0,0,0,0,0,4.25257e-05,4.10241e-05,4.07991e-05,4.04365e-05
0,0,0,0,0,0,0,0,0,0,0,0,0,0,0,0,0,0,0,0,0,0,0,0,0,0,0,0,0,0,0,0,0,0,0,0,0,0,0,0,0,0,0,0,0,4.08085e-05,4.10805e-05,3.99168e-05
0,0,0,0,0,0,0,0,0,0,0,0,0,0,0,0,0,0,0,0,0,0,0,0,0,0,0,0,0,0,0,0,0,0,0,0,0,0,0,0,0,0,0,0,0,0,4.08861e-05,4.25989e-05
0,0,0,0,0,0,0,0,0,0,0,0,0,0,0,0,0,0,0,0,0,0,0,0,0,0,0,0,0,0,0,0,0,0,0,0,0,0,0,0,0,0,0,0,0,0,0,4.09471e-05
0,0,0,0,0,0,0,0,0,0,0,0,0,0,0,0,0,0,0,0,0,0,0,0,0,0,0,0,0,0,0,0,0,0,0,0,0,0,0,0,0,0,0,0,0,0,0,0
