# # np.logspace(-2, 2., num = num_time_points)
0,0.000624963,0.000624964,0.000624975,0.000624978,0.000624979,0.000624964,0.000625046,0.000624989,0.000624964,0.000625003,0.000624978,0.000624963,0.000624963,0.000624975,0.000624964,0.000624962,0.000624962,0.000624964,0.000624964,0.000624964,0.000624963,0.000624963,0.000624964,0.000624963,0.000624963,0.000624963,0.000624964,0.000624964,0.000624964,0.000624963,0.000624964,0.000624964,0.000624963,0.000624963,0.000624963,0.000624964,0.000624963,0.000624963,0.000624963,0.000624964,0.000624964,0.000624963,0.000624964,0.000624962,0.000624964,0.000624963,0.000624962
0,0,0.000625018,0.000624963,0.000624964,0.000624964,0.000624964,0.000624965,0.000625004,0.000625064,0.000624964,0.000624993,0.000624964,0.000624985,0.000624964,0.000624965,0.000624963,0.000624963,0.000624964,0.000624964,0.000624965,0.000624964,0.000624963,0.000624965,0.000624963,0.000624964,0.000624964,0.000624964,0.000624964,0.000624964,0.000624964,0.000624964,0.000624964,0.000624964,0.000624964,0.000624964,0.000624964,0.000624964,0.000624964,0.000624964,0.000624964,0.000624964,0.000624964,0.000624964,0.000624963,0.000624964,0.000624964,0.000624963
0,0,0,0.000625006,0.000625009,0.000624965,0.000624965,0.000624965,0.000624964,0.000624965,0.000624965,0.000624965,0.000624964,0.000624964,0.000625006,0.000624965,0.000624963,0.000624963,0.000624965,0.000624965,0.000624966,0.000624964,0.000624964,0.000624966,0.000624964,0.000624964,0.000624965,0.000624965,0.000624965,0.000624965,0.000624964,0.000624965,0.000624965,0.000624964,0.000624965,0.000624964,0.000624965,0.000624964,0.000624964,0.000624964,0.000624965,0.000624965,0.000624964,0.000624965,0.000624964,0.000624965,0.000624965,0.000624963
0,0,0,0,0.000624963,0.000624964,0.000625006,0.000624964,0.000624963,0.000624964,0.000625006,0.000624964,0.000624963,0.000624973,0.000624977,0.000625193,0.000624962,0.000624962,0.000624964,0.000624964,0.000624964,0.000624963,0.000624963,0.000624964,0.000624963,0.000624963,0.000624963,0.000624964,0.000624964,0.000624964,0.000624963,0.000624964,0.000624964,0.000624963,0.000624963,0.000624963,0.000624964,0.000624963,0.000624963,0.000624963,0.000624964,0.000624964,0.000624963,0.000624964,0.000624962,0.000624964,0.000624963,0.000624962
0,0,0,0,0,0.000624985,0.000624965,0.000624965,0.000624995,0.000624965,0.000624965,0.000624964,0.000624985,0.000624977,0.000624964,0.000624965,0.000624963,0.000624963,0.000624964,0.000624964,0.000624965,0.000624964,0.000624963,0.000624965,0.000624963,0.000624964,0.000624964,0.000624964,0.000624964,0.000624964,0.000624964,0.000624964,0.000624964,0.000624964,0.000624964,0.000624964,0.000624965,0.000624964,0.000624964,0.000624964,0.000624964,0.000624964,0.000624964,0.000624964,0.000624963,0.000624964,0.000624964,0.000624963
0,0,0,0,0,0,0.000624965,0.000624965,0.000624964,0.000624965,0.00062501,0.000624985,0.000624964,0.000624977,0.000624981,0.000624965,0.000624963,0.000624963,0.000624964,0.000624964,0.000624965,0.000624964,0.000624964,0.000624965,0.000624964,0.000624964,0.000624964,0.000624964,0.000624964,0.000624964,0.000624964,0.000624964,0.000624964,0.000624964,0.000624964,0.000624964,0.000624965,0.000624964,0.000624964,0.000624964,0.000624965,0.000624965,0.000624964,0.000624965,0.000624963,0.000624964,0.000624964,0.000624963
0,0,0,0,0,0,0,0.000624965,0.000624964,0.000624965,0.000625035,0.000624965,0.00062501,0.000625002,0.000624964,0.000624965,0.000624963,0.000624963,0.000624965,0.000624965,0.000624966,0.000624964,0.000624964,0.000624966,0.000624964,0.000624964,0.000624965,0.000624965,0.000624965,0.000624965,0.000624964,0.000624965,0.000624965,0.000624964,0.000624965,0.000624964,0.000624965,0.000624964,0.000624964,0.000624964,0.000624965,0.000624965,0.000624964,0.000624965,0.000624964,0.000624965,0.000624965,0.000624963
0,0,0,0,0,0,0,0,0.000624964,0.000624965,0.000624965,0.000624965,0.000625053,0.000624964,0.000625048,0.000624966,0.000624964,0.000624964,0.000624965,0.000624965,0.000624966,0.000624965,0.000624964,0.000624966,0.000624964,0.000624965,0.000624965,0.000624965,0.000624965,0.000624965,0.000624965,0.000624965,0.000624965,0.000624965,0.000624965,0.000624965,0.000624965,0.000624965,0.000624965,0.000624965,0.000624965,0.000624965,0.000624965,0.000624965,0.000624964,0.000624965,0.000624965,0.000624964
0,0,0,0,0,0,0,0,0,0.000625066,0.000624964,0.000624964,0.000624963,0.000624963,0.000624963,0.000625207,0.000624962,0.000624962,0.000624964,0.000624964,0.000624965,0.000624963,0.000624963,0.000624965,0.000624963,0.000624963,0.000624964,0.000624964,0.000624964,0.000624964,0.000624964,0.000624964,0.000624964,0.000624963,0.000624964,0.000624963,0.000624964,0.000624963,0.000624963,0.000624963,0.000624964,0.000624964,0.000624963,0.000624964,0.000624963,0.000624964,0.000624964,0.000624962
0,0,0,0,0,0,0,0,0,0,0.000624965,0.000624965,0.000625056,0.000624964,0.000624964,0.000624965,0.000624963,0.000624963,0.000624965,0.000624965,0.000624965,0.000624964,0.000624964,0.000624965,0.000624964,0.000624964,0.000624965,0.000624965,0.000624965,0.000624965,0.000624964,0.000624965,0.000624965,0.000624964,0.000624964,0.000624964,0.000624965,0.000624964,0.000624964,0.000624964,0.000624965,0.000624965,0.000624964,0.000624965,0.000624964,0.000624965,0.000624965,0.000624963
0,0,0,0,0,0,0,0,0,0,0,0.000624965,0.000624964,0.000624964,0.000624964,0.000624966,0.000624963,0.000624963,0.000624965,0.000624965,0.000624966,0.000624964,0.000624964,0.000624966,0.000624964,0.000624964,0.000624965,0.000624965,0.000624965,0.000624965,0.000624965,0.000624965,0.000624965,0.000624964,0.000624965,0.000624964,0.000624965,0.000624964,0.000624964,0.000624964,0.000624965,0.000624965,0.000624964,0.000624965,0.000624964,0.000624965,0.000624965,0.000624963
0,0,0,0,0,0,0,0,0,0,0,0,0.000624985,0.000624977,0.000624981,0.000624965,0.000624963,0.000624963,0.000624964,0.000624964,0.000624965,0.000624964,0.000624963,0.000624965,0.000624963,0.000624964,0.000624964,0.000624964,0.000624964,0.000624964,0.000624964,0.000624964,0.000624964,0.000624964,0.000624964,0.000624964,0.000624965,0.000624964,0.000624964,0.000624964,0.000624965,0.000624965,0.000624964,0.000624965,0.000624963,0.000624964,0.000624964,0.000624963
0,0,0,0,0,0,0,0,0,0,0,0,0,0.000624977,0.000624964,0.000624965,0.000624962,0.000624963,0.000624964,0.000624964,0.000624965,0.000624963,0.000624963,0.000624965,0.000624963,0.000624964,0.000624964,0.000624964,0.000624964,0.000624964,0.000624964,0.000624964,0.000624964,0.000624963,0.000624964,0.000624963,0.000624964,0.000624963,0.000624963,0.000624963,0.000624964,0.000624964,0.000624963,0.000624964,0.000624963,0.000624964,0.000624964,0.000624963
0,0,0,0,0,0,0,0,0,0,0,0,0,0,0.000624973,0.000624964,0.000624962,0.000624962,0.000624963,0.000624964,0.000624964,0.000624963,0.000624963,0.000624964,0.000624963,0.000624963,0.000624963,0.000624963,0.000624963,0.000624977,0.000624963,0.000624964,0.000624964,0.000624963,0.000624963,0.000624963,0.000624964,0.000624963,0.000624963,0.000624963,0.000624964,0.000624964,0.000624963,0.000624964,0.000624962,0.000624964,0.000624963,0.000624962
0,0,0,0,0,0,0,0,0,0,0,0,0,0,0,0.000624965,0.000624963,0.000624963,0.000624964,0.000624964,0.000624965,0.000624964,0.000624963,0.000624965,0.000624963,0.000624964,0.000624964,0.000624964,0.000624964,0.000624964,0.000624964,0.000624964,0.000624964,0.000624964,0.000624964,0.000624964,0.000624964,0.000624964,0.000624964,0.000624964,0.000624964,0.000624964,0.000624964,0.000624964,0.000624963,0.000624964,0.000624964,0.000624963
0,0,0,0,0,0,0,0,0,0,0,0,0,0,0,0,0.000624964,0.000624964,0.000624965,0.000624965,0.000624966,0.000624965,0.000624964,0.000624966,0.000624964,0.000624965,0.000624965,0.000624965,0.000624965,0.000624965,0.000624965,0.000624965,0.000624965,0.000624965,0.000624965,0.000624965,0.000624965,0.000624965,0.000624965,0.000624965,0.000624965,0.000624965,0.000624965,0.000624965,0.000624964,0.000624965,0.000624965,0.000624964
0,0,0,0,0,0,0,0,0,0,0,0,0,0,0,0,0,0.000624969,0.000624987,0.000624963,0.000625188,0.000624978,0.000624962,0.000625185,0.000624962,0.000624986,0.000624978,0.000624963,0.000624963,0.000624963,0.000624978,0.000624963,0.000624963,0.000624962,0.000624963,0.000624962,0.000624963,0.000624962,0.000624962,0.000624963,0.000624963,0.000624963,0.000624963,0.000624963,0.000624962,0.000624963,0.000624963,0.000624962
0,0,0,0,0,0,0,0,0,0,0,0,0,0,0,0,0,0,0.000624985,0.000624963,0.000624964,0.000624963,0.000624976,0.000624964,0.000624971,0.000624983,0.000624975,0.000625001,0.000624963,0.000624975,0.000624975,0.000624983,0.000624963,0.000624963,0.000624963,0.000624963,0.000624963,0.000624963,0.000624963,0.000624963,0.000624963,0.000624963,0.000624963,0.000624963,0.000624962,0.000624963,0.000624963,0.000624962
0,0,0,0,0,0,0,0,0,0,0,0,0,0,0,0,0,0,0,0.000624964,0.000625204,0.000624994,0.000624963,0.000624965,0.000624963,0.000624964,0.000624964,0.000624964,0.000624964,0.000624994,0.000624964,0.000624964,0.000624964,0.000624964,0.000624964,0.000624964,0.000624965,0.000624964,0.000624964,0.000624964,0.000624964,0.000624964,0.000624964,0.000624965,0.000624963,0.000624964,0.000624964,0.000624963
0,0,0,0,0,0,0,0,0,0,0,0,0,0,0,0,0,0,0,0,0.000624965,0.000624964,0.000624963,0.000624965,0.000625055,0.000625067,0.000624964,0.000624964,0.000625137,0.000624964,0.000624964,0.000624964,0.000624964,0.000624964,0.000624964,0.000624964,0.000624965,0.000624964,0.000624964,0.000624964,0.000624965,0.000624965,0.000624964,0.000624965,0.000624963,0.000624964,0.000624964,0.000624963
0,0,0,0,0,0,0,0,0,0,0,0,0,0,0,0,0,0,0,0,0,0.000624965,0.000624964,0.000624966,0.000624964,0.000624965,0.000624965,0.000624965,0.000624965,0.000624965,0.000624965,0.000624965,0.000624965,0.000624965,0.000624965,0.000624965,0.000624966,0.000624965,0.000624965,0.000624965,0.000624965,0.000624965,0.000624965,0.000624965,0.000624964,0.000624965,0.000624965,0.000624964
0,0,0,0,0,0,0,0,0,0,0,0,0,0,0,0,0,0,0,0,0,0,0.000624985,0.000624965,0.000624963,0.000624964,0.000624964,0.000625011,0.000624964,0.000624964,0.000624985,0.000624992,0.000624964,0.000624963,0.000624964,0.000624963,0.000624964,0.000624963,0.000624963,0.000624964,0.000624964,0.000624964,0.000624964,0.000624964,0.000624963,0.000624964,0.000624964,0.000624963
0,0,0,0,0,0,0,0,0,0,0,0,0,0,0,0,0,0,0,0,0,0,0,0.000625192,0.000624963,0.000624963,0.000624985,0.000624963,0.000625063,0.000624985,0.000624963,0.000624964,0.000624963,0.000624963,0.000624963,0.000624963,0.000624964,0.000624963,0.000624963,0.000624963,0.000624964,0.000624964,0.000624963,0.000624964,0.000624962,0.000624963,0.000624963,0.000624962
0,0,0,0,0,0,0,0,0,0,0,0,0,0,0,0,0,0,0,0,0,0,0,0,0.000624964,0.000624965,0.000624965,0.000624965,0.000624965,0.000624965,0.000624965,0.000624965,0.000624965,0.000624965,0.000624965,0.000624965,0.000624966,0.000624965,0.000624965,0.000624965,0.000624965,0.000624965,0.000624965,0.000624965,0.000624964,0.000624965,0.000624965,0.000624964
0,0,0,0,0,0,0,0,0,0,0,0,0,0,0,0,0,0,0,0,0,0,0,0,0,0.000624988,0.00062498,0.000624963,0.000624963,0.00062498,0.00062498,0.000624988,0.000624963,0.000624963,0.000624963,0.000624963,0.000624964,0.000624963,0.000624963,0.000624963,0.000624964,0.000624964,0.000624963,0.000624964,0.000624962,0.000624963,0.000624963,0.000624962
0,0,0,0,0,0,0,0,0,0,0,0,0,0,0,0,0,0,0,0,0,0,0,0,0,0,0.000624992,0.000624964,0.000624964,0.000624964,0.000624964,0.000624964,0.000624964,0.000624964,0.000624964,0.000624964,0.000624964,0.000624964,0.000624964,0.000624964,0.000624964,0.000624964,0.000624964,0.000624964,0.000624963,0.000624964,0.000624964,0.000624963
0,0,0,0,0,0,0,0,0,0,0,0,0,0,0,0,0,0,0,0,0,0,0,0,0,0,0,0.000624964,0.000624964,0.000624985,0.000624964,0.000624964,0.000624964,0.000624964,0.000624964,0.000624964,0.000624965,0.000624964,0.000624964,0.000624964,0.000624964,0.000624964,0.000624964,0.000624964,0.000624963,0.000624964,0.000624964,0.000624963
0,0,0,0,0,0,0,0,0,0,0,0,0,0,0,0,0,0,0,0,0,0,0,0,0,0,0,0,0.000625088,0.000624964,0.000625011,0.000624964,0.000624964,0.000624964,0.000624964,0.000624964,0.000624965,0.000624964,0.000624964,0.000624964,0.000624964,0.000624964,0.000624964,0.000624965,0.000624963,0.000624964,0.000624964,0.000624963
0,0,0,0,0,0,0,0,0,0,0,0,0,0,0,0,0,0,0,0,0,0,0,0,0,0,0,0,0,0.000624964,0.000624964,0.000624964,0.000624964,0.000624964,0.000624964,0.000624964,0.000624965,0.000624964,0.000624964,0.000624964,0.000624964,0.000624964,0.000624964,0.000624965,0.000624963,0.000624964,0.000624964,0.000624963
0,0,0,0,0,0,0,0,0,0,0,0,0,0,0,0,0,0,0,0,0,0,0,0,0,0,0,0,0,0,0.000624964,0.000624964,0.000624964,0.000624964,0.000624964,0.000624964,0.000624965,0.000624964,0.000624964,0.000624964,0.000624965,0.000624965,0.000624964,0.000624965,0.000624963,0.000624964,0.000624964,0.000624963
0,0,0,0,0,0,0,0,0,0,0,0,0,0,0,0,0,0,0,0,0,0,0,0,0,0,0,0,0,0,0,0.000624992,0.000624964,0.000624964,0.000624964,0.000624964,0.000624965,0.000624964,0.000624964,0.000624964,0.000624964,0.000624964,0.000624964,0.000624964,0.000624963,0.000624964,0.000624964,0.000624963
0,0,0,0,0,0,0,0,0,0,0,0,0,0,0,0,0,0,0,0,0,0,0,0,0,0,0,0,0,0,0,0,0.000624964,0.000624964,0.000624964,0.000624964,0.000624965,0.000624964,0.000624964,0.000624964,0.000625017,0.000624965,0.000624964,0.000624965,0.000624963,0.000624964,0.000624964,0.000624963
0,0,0,0,0,0,0,0,0,0,0,0,0,0,0,0,0,0,0,0,0,0,0,0,0,0,0,0,0,0,0,0,0,0.000624964,0.000624964,0.000624992,0.000624965,0.000624988,0.000624964,0.000624964,0.000624965,0.000625017,0.000624964,0.000624965,0.000624986,0.000624964,0.000624964,0.000624984
0,0,0,0,0,0,0,0,0,0,0,0,0,0,0,0,0,0,0,0,0,0,0,0,0,0,0,0,0,0,0,0,0,0,0.000624964,0.000624963,0.000624964,0.00062498,0.000624985,0.000624963,0.000625009,0.000624964,0.000624985,0.000625009,0.000624963,0.000624964,0.000624984,0.000624963
0,0,0,0,0,0,0,0,0,0,0,0,0,0,0,0,0,0,0,0,0,0,0,0,0,0,0,0,0,0,0,0,0,0,0,0.000624964,0.000624965,0.000624964,0.000624993,0.000624993,0.000624964,0.000625017,0.000624964,0.000624964,0.000624986,0.000625019,0.000624964,0.000624963
0,0,0,0,0,0,0,0,0,0,0,0,0,0,0,0,0,0,0,0,0,0,0,0,0,0,0,0,0,0,0,0,0,0,0,0,0.000624964,0.000624963,0.000624963,0.000624963,0.000624964,0.000625009,0.000624963,0.000624964,0.000624978,0.000625011,0.000624984,0.000624976
0,0,0,0,0,0,0,0,0,0,0,0,0,0,0,0,0,0,0,0,0,0,0,0,0,0,0,0,0,0,0,0,0,0,0,0,0,0.000624964,0.000624964,0.000625055,0.000624965,0.000624965,0.000624964,0.000624965,0.000625048,0.000625081,0.000624965,0.000624963
0,0,0,0,0,0,0,0,0,0,0,0,0,0,0,0,0,0,0,0,0,0,0,0,0,0,0,0,0,0,0,0,0,0,0,0,0,0,0.00062498,0.000624981,0.000624964,0.000624964,0.000624963,0.000624964,0.000624974,0.000624964,0.00062498,0.000624972
0,0,0,0,0,0,0,0,0,0,0,0,0,0,0,0,0,0,0,0,0,0,0,0,0,0,0,0,0,0,0,0,0,0,0,0,0,0,0,0.000624963,0.000625009,0.000624964,0.000624963,0.000625009,0.000624963,0.000624964,0.000624964,0.000624976
0,0,0,0,0,0,0,0,0,0,0,0,0,0,0,0,0,0,0,0,0,0,0,0,0,0,0,0,0,0,0,0,0,0,0,0,0,0,0,0,0.000624964,0.000624964,0.000624985,0.000624964,0.000624963,0.000624964,0.000624985,0.000624976
0,0,0,0,0,0,0,0,0,0,0,0,0,0,0,0,0,0,0,0,0,0,0,0,0,0,0,0,0,0,0,0,0,0,0,0,0,0,0,0,0,0.000624965,0.000625009,0.000624965,0.000624963,0.000624965,0.000624964,0.000624963
0,0,0,0,0,0,0,0,0,0,0,0,0,0,0,0,0,0,0,0,0,0,0,0,0,0,0,0,0,0,0,0,0,0,0,0,0,0,0,0,0,0,0.000624964,0.000624965,0.000624963,0.000624965,0.000624964,0.000625001
0,0,0,0,0,0,0,0,0,0,0,0,0,0,0,0,0,0,0,0,0,0,0,0,0,0,0,0,0,0,0,0,0,0,0,0,0,0,0,0,0,0,0,0.000625009,0.000624978,0.000624964,0.000624964,0.000624976
0,0,0,0,0,0,0,0,0,0,0,0,0,0,0,0,0,0,0,0,0,0,0,0,0,0,0,0,0,0,0,0,0,0,0,0,0,0,0,0,0,0,0,0,0.000625002,0.000624965,0.000624964,0.000624963
0,0,0,0,0,0,0,0,0,0,0,0,0,0,0,0,0,0,0,0,0,0,0,0,0,0,0,0,0,0,0,0,0,0,0,0,0,0,0,0,0,0,0,0,0,0.000624963,0.000624978,0.000624962
0,0,0,0,0,0,0,0,0,0,0,0,0,0,0,0,0,0,0,0,0,0,0,0,0,0,0,0,0,0,0,0,0,0,0,0,0,0,0,0,0,0,0,0,0,0,0.000624964,0.000625003
0,0,0,0,0,0,0,0,0,0,0,0,0,0,0,0,0,0,0,0,0,0,0,0,0,0,0,0,0,0,0,0,0,0,0,0,0,0,0,0,0,0,0,0,0,0,0,0.000624976
0,0,0,0,0,0,0,0,0,0,0,0,0,0,0,0,0,0,0,0,0,0,0,0,0,0,0,0,0,0,0,0,0,0,0,0,0,0,0,0,0,0,0,0,0,0,0,0
