# # np.logspace(-2, 2., num = num_time_points)
0,0.000626496,0.000626496,0.000626498,0.000626499,0.000626499,0.000626496,0.000626512,0.000626501,0.000626496,0.000626504,0.000626499,0.000626496,0.000626496,0.000626498,0.000626496,0.000626496,0.000626496,0.000626496,0.000626496,0.000626496,0.000626496,0.000626496,0.000626496,0.000626496,0.000626496,0.000626496,0.000626496,0.000626496,0.000626496,0.000626496,0.000626496,0.000626496,0.000626496,0.000626496,0.000626496,0.000626496,0.000626496,0.000626496,0.000626496,0.000626496,0.000626496,0.000626496,0.000626496,0.000626496,0.000626496,0.000626496,0.000626496
0,0,0.000626507,0.000626496,0.000626496,0.000626496,0.000626496,0.000626496,0.000626504,0.000626516,0.000626496,0.000626502,0.000626496,0.0006265,0.000626496,0.000626496,0.000626496,0.000626496,0.000626496,0.000626496,0.000626496,0.000626496,0.000626496,0.000626496,0.000626496,0.000626496,0.000626496,0.000626496,0.000626496,0.000626496,0.000626496,0.000626496,0.000626496,0.000626496,0.000626496,0.000626496,0.000626496,0.000626496,0.000626496,0.000626496,0.000626496,0.000626496,0.000626496,0.000626496,0.000626496,0.000626496,0.000626496,0.000626496
0,0,0,0.000626504,0.000626505,0.000626496,0.000626496,0.000626496,0.000626496,0.000626496,0.000626496,0.000626496,0.000626496,0.000626496,0.000626504,0.000626496,0.000626496,0.000626496,0.000626496,0.000626496,0.000626496,0.000626496,0.000626496,0.000626496,0.000626496,0.000626496,0.000626496,0.000626496,0.000626496,0.000626496,0.000626496,0.000626496,0.000626496,0.000626496,0.000626496,0.000626496,0.000626496,0.000626496,0.000626496,0.000626496,0.000626496,0.000626496,0.000626496,0.000626496,0.000626496,0.000626496,0.000626496,0.000626496
0,0,0,0,0.000626496,0.000626496,0.000626504,0.000626496,0.000626496,0.000626496,0.000626504,0.000626496,0.000626496,0.000626498,0.000626499,0.000626541,0.000626496,0.000626496,0.000626496,0.000626496,0.000626496,0.000626496,0.000626496,0.000626496,0.000626496,0.000626496,0.000626496,0.000626496,0.000626496,0.000626496,0.000626496,0.000626496,0.000626496,0.000626496,0.000626496,0.000626496,0.000626496,0.000626496,0.000626496,0.000626496,0.000626496,0.000626496,0.000626496,0.000626496,0.000626496,0.000626496,0.000626496,0.000626496
0,0,0,0,0,0.0006265,0.000626496,0.000626496,0.000626502,0.000626496,0.000626496,0.000626496,0.0006265,0.000626499,0.000626496,0.000626496,0.000626496,0.000626496,0.000626496,0.000626496,0.000626496,0.000626496,0.000626496,0.000626496,0.000626496,0.000626496,0.000626496,0.000626496,0.000626496,0.000626496,0.000626496,0.000626496,0.000626496,0.000626496,0.000626496,0.000626496,0.000626496,0.000626496,0.000626496,0.000626496,0.000626496,0.000626496,0.000626496,0.000626496,0.000626496,0.000626496,0.000626496,0.000626496
0,0,0,0,0,0,0.000626496,0.000626496,0.000626496,0.000626496,0.000626505,0.0006265,0.000626496,0.000626499,0.000626499,0.000626496,0.000626496,0.000626496,0.000626496,0.000626496,0.000626496,0.000626496,0.000626496,0.000626496,0.000626496,0.000626496,0.000626496,0.000626496,0.000626496,0.000626496,0.000626496,0.000626496,0.000626496,0.000626496,0.000626496,0.000626496,0.000626496,0.000626496,0.000626496,0.000626496,0.000626496,0.000626496,0.000626496,0.000626496,0.000626496,0.000626496,0.000626496,0.000626496
0,0,0,0,0,0,0,0.000626496,0.000626496,0.000626496,0.00062651,0.000626496,0.000626505,0.000626503,0.000626496,0.000626496,0.000626496,0.000626496,0.000626496,0.000626496,0.000626496,0.000626496,0.000626496,0.000626496,0.000626496,0.000626496,0.000626496,0.000626496,0.000626496,0.000626496,0.000626496,0.000626496,0.000626496,0.000626496,0.000626496,0.000626496,0.000626496,0.000626496,0.000626496,0.000626496,0.000626496,0.000626496,0.000626496,0.000626496,0.000626496,0.000626496,0.000626496,0.000626496
0,0,0,0,0,0,0,0,0.000626496,0.000626496,0.000626496,0.000626496,0.000626513,0.000626496,0.000626512,0.000626496,0.000626496,0.000626496,0.000626496,0.000626496,0.000626496,0.000626496,0.000626496,0.000626496,0.000626496,0.000626496,0.000626496,0.000626496,0.000626496,0.000626496,0.000626496,0.000626496,0.000626496,0.000626496,0.000626496,0.000626496,0.000626496,0.000626496,0.000626496,0.000626496,0.000626496,0.000626496,0.000626496,0.000626496,0.000626496,0.000626496,0.000626496,0.000626496
0,0,0,0,0,0,0,0,0,0.000626516,0.000626496,0.000626496,0.000626496,0.000626496,0.000626496,0.000626543,0.000626496,0.000626496,0.000626496,0.000626496,0.000626496,0.000626496,0.000626496,0.000626496,0.000626496,0.000626496,0.000626496,0.000626496,0.000626496,0.000626496,0.000626496,0.000626496,0.000626496,0.000626496,0.000626496,0.000626496,0.000626496,0.000626496,0.000626496,0.000626496,0.000626496,0.000626496,0.000626496,0.000626496,0.000626496,0.000626496,0.000626496,0.000626496
0,0,0,0,0,0,0,0,0,0,0.000626496,0.000626496,0.000626514,0.000626496,0.000626496,0.000626496,0.000626496,0.000626496,0.000626496,0.000626496,0.000626496,0.000626496,0.000626496,0.000626496,0.000626496,0.000626496,0.000626496,0.000626496,0.000626496,0.000626496,0.000626496,0.000626496,0.000626496,0.000626496,0.000626496,0.000626496,0.000626496,0.000626496,0.000626496,0.000626496,0.000626496,0.000626496,0.000626496,0.000626496,0.000626496,0.000626496,0.000626496,0.000626496
0,0,0,0,0,0,0,0,0,0,0,0.000626496,0.000626496,0.000626496,0.000626496,0.000626496,0.000626496,0.000626496,0.000626496,0.000626496,0.000626496,0.000626496,0.000626496,0.000626496,0.000626496,0.000626496,0.000626496,0.000626496,0.000626496,0.000626496,0.000626496,0.000626496,0.000626496,0.000626496,0.000626496,0.000626496,0.000626496,0.000626496,0.000626496,0.000626496,0.000626496,0.000626496,0.000626496,0.000626496,0.000626496,0.000626496,0.000626496,0.000626496
0,0,0,0,0,0,0,0,0,0,0,0,0.0006265,0.000626498,0.000626499,0.000626496,0.000626496,0.000626496,0.000626496,0.000626496,0.000626496,0.000626496,0.000626496,0.000626496,0.000626496,0.000626496,0.000626496,0.000626496,0.000626496,0.000626496,0.000626496,0.000626496,0.000626496,0.000626496,0.000626496,0.000626496,0.000626496,0.000626496,0.000626496,0.000626496,0.000626496,0.000626496,0.000626496,0.000626496,0.000626496,0.000626496,0.000626496,0.000626496
0,0,0,0,0,0,0,0,0,0,0,0,0,0.000626499,0.000626496,0.000626496,0.000626496,0.000626496,0.000626496,0.000626496,0.000626496,0.000626496,0.000626496,0.000626496,0.000626496,0.000626496,0.000626496,0.000626496,0.000626496,0.000626496,0.000626496,0.000626496,0.000626496,0.000626496,0.000626496,0.000626496,0.000626496,0.000626496,0.000626496,0.000626496,0.000626496,0.000626496,0.000626496,0.000626496,0.000626496,0.000626496,0.000626496,0.000626496
0,0,0,0,0,0,0,0,0,0,0,0,0,0,0.000626498,0.000626496,0.000626496,0.000626496,0.000626496,0.000626496,0.000626496,0.000626496,0.000626496,0.000626496,0.000626496,0.000626496,0.000626496,0.000626496,0.000626496,0.000626498,0.000626496,0.000626496,0.000626496,0.000626496,0.000626496,0.000626496,0.000626496,0.000626496,0.000626496,0.000626496,0.000626496,0.000626496,0.000626496,0.000626496,0.000626496,0.000626496,0.000626496,0.000626496
0,0,0,0,0,0,0,0,0,0,0,0,0,0,0,0.000626496,0.000626496,0.000626496,0.000626496,0.000626496,0.000626496,0.000626496,0.000626496,0.000626496,0.000626496,0.000626496,0.000626496,0.000626496,0.000626496,0.000626496,0.000626496,0.000626496,0.000626496,0.000626496,0.000626496,0.000626496,0.000626496,0.000626496,0.000626496,0.000626496,0.000626496,0.000626496,0.000626496,0.000626496,0.000626496,0.000626496,0.000626496,0.000626496
0,0,0,0,0,0,0,0,0,0,0,0,0,0,0,0,0.000626496,0.000626496,0.000626496,0.000626496,0.000626496,0.000626496,0.000626496,0.000626496,0.000626496,0.000626496,0.000626496,0.000626496,0.000626496,0.000626496,0.000626496,0.000626496,0.000626496,0.000626496,0.000626496,0.000626496,0.000626496,0.000626496,0.000626496,0.000626496,0.000626496,0.000626496,0.000626496,0.000626496,0.000626496,0.000626496,0.000626496,0.000626496
0,0,0,0,0,0,0,0,0,0,0,0,0,0,0,0,0,0.000626497,0.000626501,0.000626496,0.00062654,0.000626499,0.000626496,0.000626539,0.000626496,0.0006265,0.000626499,0.000626496,0.000626496,0.000626496,0.000626499,0.000626496,0.000626496,0.000626496,0.000626496,0.000626496,0.000626496,0.000626496,0.000626496,0.000626496,0.000626496,0.000626496,0.000626496,0.000626496,0.000626496,0.000626496,0.000626496,0.000626496
0,0,0,0,0,0,0,0,0,0,0,0,0,0,0,0,0,0,0.0006265,0.000626496,0.000626496,0.000626496,0.000626498,0.000626496,0.000626497,0.0006265,0.000626498,0.000626503,0.000626496,0.000626498,0.000626498,0.0006265,0.000626496,0.000626496,0.000626496,0.000626496,0.000626496,0.000626496,0.000626496,0.000626496,0.000626496,0.000626496,0.000626496,0.000626496,0.000626496,0.000626496,0.000626496,0.000626496
0,0,0,0,0,0,0,0,0,0,0,0,0,0,0,0,0,0,0,0.000626496,0.000626543,0.000626502,0.000626496,0.000626496,0.000626496,0.000626496,0.000626496,0.000626496,0.000626496,0.000626502,0.000626496,0.000626496,0.000626496,0.000626496,0.000626496,0.000626496,0.000626496,0.000626496,0.000626496,0.000626496,0.000626496,0.000626496,0.000626496,0.000626496,0.000626496,0.000626496,0.000626496,0.000626496
0,0,0,0,0,0,0,0,0,0,0,0,0,0,0,0,0,0,0,0,0.000626496,0.000626496,0.000626496,0.000626496,0.000626514,0.000626516,0.000626496,0.000626496,0.00062653,0.000626496,0.000626496,0.000626496,0.000626496,0.000626496,0.000626496,0.000626496,0.000626496,0.000626496,0.000626496,0.000626496,0.000626496,0.000626496,0.000626496,0.000626496,0.000626496,0.000626496,0.000626496,0.000626496
0,0,0,0,0,0,0,0,0,0,0,0,0,0,0,0,0,0,0,0,0,0.000626496,0.000626496,0.000626496,0.000626496,0.000626496,0.000626496,0.000626496,0.000626496,0.000626496,0.000626496,0.000626496,0.000626496,0.000626496,0.000626496,0.000626496,0.000626496,0.000626496,0.000626496,0.000626496,0.000626496,0.000626496,0.000626496,0.000626496,0.000626496,0.000626496,0.000626496,0.000626496
0,0,0,0,0,0,0,0,0,0,0,0,0,0,0,0,0,0,0,0,0,0,0.0006265,0.000626496,0.000626496,0.000626496,0.000626496,0.000626505,0.000626496,0.000626496,0.0006265,0.000626502,0.000626496,0.000626496,0.000626496,0.000626496,0.000626496,0.000626496,0.000626496,0.000626496,0.000626496,0.000626496,0.000626496,0.000626496,0.000626496,0.000626496,0.000626496,0.000626496
0,0,0,0,0,0,0,0,0,0,0,0,0,0,0,0,0,0,0,0,0,0,0,0.000626541,0.000626496,0.000626496,0.0006265,0.000626496,0.000626515,0.0006265,0.000626496,0.000626496,0.000626496,0.000626496,0.000626496,0.000626496,0.000626496,0.000626496,0.000626496,0.000626496,0.000626496,0.000626496,0.000626496,0.000626496,0.000626496,0.000626496,0.000626496,0.000626496
0,0,0,0,0,0,0,0,0,0,0,0,0,0,0,0,0,0,0,0,0,0,0,0,0.000626496,0.000626496,0.000626496,0.000626496,0.000626496,0.000626496,0.000626496,0.000626496,0.000626496,0.000626496,0.000626496,0.000626496,0.000626496,0.000626496,0.000626496,0.000626496,0.000626496,0.000626496,0.000626496,0.000626496,0.000626496,0.000626496,0.000626496,0.000626496
0,0,0,0,0,0,0,0,0,0,0,0,0,0,0,0,0,0,0,0,0,0,0,0,0,0.000626501,0.000626499,0.000626496,0.000626496,0.000626499,0.000626499,0.000626501,0.000626496,0.000626496,0.000626496,0.000626496,0.000626496,0.000626496,0.000626496,0.000626496,0.000626496,0.000626496,0.000626496,0.000626496,0.000626496,0.000626496,0.000626496,0.000626496
0,0,0,0,0,0,0,0,0,0,0,0,0,0,0,0,0,0,0,0,0,0,0,0,0,0,0.000626502,0.000626496,0.000626496,0.000626496,0.000626496,0.000626496,0.000626496,0.000626496,0.000626496,0.000626496,0.000626496,0.000626496,0.000626496,0.000626496,0.000626496,0.000626496,0.000626496,0.000626496,0.000626496,0.000626496,0.000626496,0.000626496
0,0,0,0,0,0,0,0,0,0,0,0,0,0,0,0,0,0,0,0,0,0,0,0,0,0,0,0.000626496,0.000626496,0.0006265,0.000626496,0.000626496,0.000626496,0.000626496,0.000626496,0.000626496,0.000626496,0.000626496,0.000626496,0.000626496,0.000626496,0.000626496,0.000626496,0.000626496,0.000626496,0.000626496,0.000626496,0.000626496
0,0,0,0,0,0,0,0,0,0,0,0,0,0,0,0,0,0,0,0,0,0,0,0,0,0,0,0,0.00062652,0.000626496,0.000626505,0.000626496,0.000626496,0.000626496,0.000626496,0.000626496,0.000626496,0.000626496,0.000626496,0.000626496,0.000626496,0.000626496,0.000626496,0.000626496,0.000626496,0.000626496,0.000626496,0.000626496
0,0,0,0,0,0,0,0,0,0,0,0,0,0,0,0,0,0,0,0,0,0,0,0,0,0,0,0,0,0.000626496,0.000626496,0.000626496,0.000626496,0.000626496,0.000626496,0.000626496,0.000626496,0.000626496,0.000626496,0.000626496,0.000626496,0.000626496,0.000626496,0.000626496,0.000626496,0.000626496,0.000626496,0.000626496
0,0,0,0,0,0,0,0,0,0,0,0,0,0,0,0,0,0,0,0,0,0,0,0,0,0,0,0,0,0,0.000626496,0.000626496,0.000626496,0.000626496,0.000626496,0.000626496,0.000626496,0.000626496,0.000626496,0.000626496,0.000626496,0.000626496,0.000626496,0.000626496,0.000626496,0.000626496,0.000626496,0.000626496
0,0,0,0,0,0,0,0,0,0,0,0,0,0,0,0,0,0,0,0,0,0,0,0,0,0,0,0,0,0,0,0.000626502,0.000626496,0.000626496,0.000626496,0.000626496,0.000626496,0.000626496,0.000626496,0.000626496,0.000626496,0.000626496,0.000626496,0.000626496,0.000626496,0.000626496,0.000626496,0.000626496
0,0,0,0,0,0,0,0,0,0,0,0,0,0,0,0,0,0,0,0,0,0,0,0,0,0,0,0,0,0,0,0,0.000626496,0.000626496,0.000626496,0.000626496,0.000626496,0.000626496,0.000626496,0.000626496,0.000626506,0.000626496,0.000626496,0.000626496,0.000626496,0.000626496,0.000626496,0.000626496
0,0,0,0,0,0,0,0,0,0,0,0,0,0,0,0,0,0,0,0,0,0,0,0,0,0,0,0,0,0,0,0,0,0.000626496,0.000626496,0.000626502,0.000626496,0.000626501,0.000626496,0.000626496,0.000626496,0.000626506,0.000626496,0.000626496,0.0006265,0.000626496,0.000626496,0.0006265
0,0,0,0,0,0,0,0,0,0,0,0,0,0,0,0,0,0,0,0,0,0,0,0,0,0,0,0,0,0,0,0,0,0,0.000626496,0.000626496,0.000626496,0.000626499,0.0006265,0.000626496,0.000626505,0.000626496,0.0006265,0.000626505,0.000626496,0.000626496,0.0006265,0.000626496
0,0,0,0,0,0,0,0,0,0,0,0,0,0,0,0,0,0,0,0,0,0,0,0,0,0,0,0,0,0,0,0,0,0,0,0.000626496,0.000626496,0.000626496,0.000626502,0.000626502,0.000626496,0.000626506,0.000626496,0.000626496,0.0006265,0.000626507,0.000626496,0.000626496
0,0,0,0,0,0,0,0,0,0,0,0,0,0,0,0,0,0,0,0,0,0,0,0,0,0,0,0,0,0,0,0,0,0,0,0,0.000626496,0.000626496,0.000626496,0.000626496,0.000626496,0.000626505,0.000626496,0.000626496,0.000626499,0.000626505,0.0006265,0.000626498
0,0,0,0,0,0,0,0,0,0,0,0,0,0,0,0,0,0,0,0,0,0,0,0,0,0,0,0,0,0,0,0,0,0,0,0,0,0.000626496,0.000626496,0.000626514,0.000626496,0.000626496,0.000626496,0.000626496,0.000626512,0.000626519,0.000626496,0.000626496
0,0,0,0,0,0,0,0,0,0,0,0,0,0,0,0,0,0,0,0,0,0,0,0,0,0,0,0,0,0,0,0,0,0,0,0,0,0,0.000626499,0.000626499,0.000626496,0.000626496,0.000626496,0.000626496,0.000626498,0.000626496,0.000626499,0.000626498
0,0,0,0,0,0,0,0,0,0,0,0,0,0,0,0,0,0,0,0,0,0,0,0,0,0,0,0,0,0,0,0,0,0,0,0,0,0,0,0.000626496,0.000626505,0.000626496,0.000626496,0.000626505,0.000626496,0.000626496,0.000626496,0.000626498
0,0,0,0,0,0,0,0,0,0,0,0,0,0,0,0,0,0,0,0,0,0,0,0,0,0,0,0,0,0,0,0,0,0,0,0,0,0,0,0,0.000626496,0.000626496,0.0006265,0.000626496,0.000626496,0.000626496,0.0006265,0.000626498
0,0,0,0,0,0,0,0,0,0,0,0,0,0,0,0,0,0,0,0,0,0,0,0,0,0,0,0,0,0,0,0,0,0,0,0,0,0,0,0,0,0.000626496,0.000626505,0.000626496,0.000626496,0.000626496,0.000626496,0.000626496
0,0,0,0,0,0,0,0,0,0,0,0,0,0,0,0,0,0,0,0,0,0,0,0,0,0,0,0,0,0,0,0,0,0,0,0,0,0,0,0,0,0,0.000626496,0.000626496,0.000626496,0.000626496,0.000626496,0.000626503
0,0,0,0,0,0,0,0,0,0,0,0,0,0,0,0,0,0,0,0,0,0,0,0,0,0,0,0,0,0,0,0,0,0,0,0,0,0,0,0,0,0,0,0.000626505,0.000626499,0.000626496,0.000626496,0.000626498
0,0,0,0,0,0,0,0,0,0,0,0,0,0,0,0,0,0,0,0,0,0,0,0,0,0,0,0,0,0,0,0,0,0,0,0,0,0,0,0,0,0,0,0,0.000626503,0.000626496,0.000626496,0.000626496
0,0,0,0,0,0,0,0,0,0,0,0,0,0,0,0,0,0,0,0,0,0,0,0,0,0,0,0,0,0,0,0,0,0,0,0,0,0,0,0,0,0,0,0,0,0.000626496,0.000626499,0.000626496
0,0,0,0,0,0,0,0,0,0,0,0,0,0,0,0,0,0,0,0,0,0,0,0,0,0,0,0,0,0,0,0,0,0,0,0,0,0,0,0,0,0,0,0,0,0,0.000626496,0.000626504
0,0,0,0,0,0,0,0,0,0,0,0,0,0,0,0,0,0,0,0,0,0,0,0,0,0,0,0,0,0,0,0,0,0,0,0,0,0,0,0,0,0,0,0,0,0,0,0.000626498
0,0,0,0,0,0,0,0,0,0,0,0,0,0,0,0,0,0,0,0,0,0,0,0,0,0,0,0,0,0,0,0,0,0,0,0,0,0,0,0,0,0,0,0,0,0,0,0
