# # np.logspace(-2, 2., num = num_time_points)
0,0.00055298,0.000553005,0.000553388,0.000553524,0.000553528,0.000553007,0.000555945,0.000553898,0.00055301,0.000554427,0.00055352,0.000552973,0.000552956,0.000553383,0.000553039,0.000552935,0.000552933,0.000552991,0.000553002,0.000553028,0.000552971,0.000552958,0.000553023,0.000552953,0.000552977,0.000552979,0.00055299,0.000553003,0.000552985,0.000552978,0.000552989,0.000552988,0.000552969,0.000552981,0.00055297,0.000553009,0.000552968,0.000552969,0.000552971,0.000552996,0.000552997,0.000552971,0.000552997,0.000552941,0.000552994,0.00055298,0.000552936
0,0,0.000554955,0.000552982,0.000553005,0.00055301,0.000553023,0.000553035,0.000554449,0.000556617,0.000553025,0.000554065,0.000552995,0.000553776,0.000552996,0.000553056,0.000552954,0.000552953,0.00055301,0.000553022,0.000553047,0.000552991,0.000552977,0.000553042,0.000552972,0.000552996,0.000552999,0.000553009,0.000553023,0.000553005,0.000552997,0.000553009,0.000553008,0.000552988,0.000553,0.000552989,0.000553028,0.000552988,0.000552988,0.00055299,0.000553015,0.000553016,0.000552991,0.000553017,0.000552961,0.000553013,0.000552999,0.000552955
0,0,0,0.00055451,0.000554646,0.000553034,0.000553048,0.000553061,0.000553021,0.000553054,0.00055305,0.000553032,0.000553015,0.000553002,0.000554504,0.000553074,0.000552978,0.000552977,0.000553034,0.000553046,0.000553071,0.000553015,0.000553001,0.000553067,0.000552996,0.00055302,0.000553023,0.000553033,0.000553047,0.000553029,0.000553021,0.000553033,0.000553032,0.000553012,0.000553024,0.000553013,0.000553052,0.000553012,0.000553013,0.000553014,0.000553039,0.00055304,0.000553015,0.000553041,0.000552985,0.000553037,0.000553023,0.000552979
0,0,0,0,0.000552985,0.000552992,0.000554525,0.000553019,0.000552987,0.000553007,0.000554529,0.000552988,0.000552973,0.00055333,0.000553482,0.000561261,0.000552936,0.000552934,0.000552992,0.000553003,0.000553029,0.000552972,0.000552959,0.000553024,0.000552954,0.000552978,0.00055298,0.000552991,0.000553005,0.000552986,0.000552979,0.00055299,0.000552989,0.00055297,0.000552982,0.000552971,0.00055301,0.000552969,0.00055297,0.000552972,0.000552997,0.000552998,0.000552972,0.000552999,0.000552943,0.000552995,0.000552981,0.000552937
0,0,0,0,0,0.000553763,0.000553028,0.000553041,0.000554135,0.000553035,0.000553029,0.00055301,0.000553779,0.000553467,0.000552999,0.000553059,0.000552958,0.000552956,0.000553013,0.000553025,0.00055305,0.000552994,0.00055298,0.000553046,0.000552976,0.000553,0.000553002,0.000553013,0.000553026,0.000553008,0.000553,0.000553012,0.000553011,0.000552991,0.000553003,0.000552992,0.000553032,0.000552991,0.000552992,0.000552993,0.000553018,0.000553019,0.000552994,0.00055302,0.000552964,0.000553016,0.000553003,0.000552959
0,0,0,0,0,0,0.000553037,0.000553048,0.000553005,0.000553036,0.000554665,0.000553759,0.000553001,0.000553469,0.00055362,0.000553056,0.000552965,0.000552963,0.00055302,0.000553032,0.000553058,0.000553001,0.000552988,0.000553053,0.000552983,0.000553007,0.000553009,0.00055302,0.000553033,0.000553015,0.000553008,0.000553019,0.000553018,0.000552999,0.000553011,0.000553,0.000553039,0.000552998,0.000552999,0.000553001,0.000553026,0.000553027,0.000553001,0.000553027,0.000552971,0.000553023,0.00055301,0.000552966
0,0,0,0,0,0,0,0.000553063,0.000553019,0.000553053,0.000555561,0.000553032,0.000554678,0.000554366,0.00055302,0.000553075,0.000552979,0.000552977,0.000553035,0.000553047,0.000553072,0.000553016,0.000553002,0.000553067,0.000552997,0.000553021,0.000553024,0.000553034,0.000553048,0.00055303,0.000553022,0.000553034,0.000553033,0.000553013,0.000553025,0.000553014,0.000553053,0.000553013,0.000553013,0.000553015,0.00055304,0.000553041,0.000553015,0.000553042,0.000552986,0.000553038,0.000553024,0.00055298
0,0,0,0,0,0,0,0,0.000553032,0.000553066,0.000553063,0.000553047,0.0005562,0.000553014,0.000556039,0.000553083,0.000552991,0.00055299,0.000553047,0.000553059,0.000553084,0.000553028,0.000553014,0.00055308,0.000553009,0.000553033,0.000553036,0.000553046,0.00055306,0.000553042,0.000553034,0.000553046,0.000553045,0.000553025,0.000553037,0.000553026,0.000553065,0.000553025,0.000553025,0.000553027,0.000553052,0.000553053,0.000553028,0.000553054,0.000552998,0.00055305,0.000553036,0.000552992
0,0,0,0,0,0,0,0,0,0.000556682,0.000553021,0.000553002,0.000552991,0.000552971,0.00055299,0.000561771,0.00055295,0.000552948,0.000553005,0.000553017,0.000553043,0.000552986,0.000552973,0.000553038,0.000552968,0.000552992,0.000552994,0.000553005,0.000553018,0.000553,0.000552993,0.000553004,0.000553003,0.000552984,0.000552996,0.000552985,0.000553024,0.000552983,0.000552984,0.000552986,0.000553011,0.000553012,0.000552986,0.000553012,0.000552956,0.000553008,0.000552995,0.000552951
0,0,0,0,0,0,0,0,0,0,0.000553052,0.000553039,0.000556323,0.000553007,0.000553021,0.000553086,0.000552982,0.00055298,0.000553037,0.000553049,0.000553075,0.000553018,0.000553005,0.00055307,0.000553,0.000553024,0.000553026,0.000553037,0.00055305,0.000553032,0.000553025,0.000553036,0.000553035,0.000553016,0.000553028,0.000553017,0.000553056,0.000553015,0.000553016,0.000553018,0.000553043,0.000553044,0.000553018,0.000553044,0.000552988,0.00055304,0.000553027,0.000552983
0,0,0,0,0,0,0,0,0,0,0,0.000553033,0.000553019,0.000553005,0.000553022,0.000553076,0.000552981,0.000552979,0.000553036,0.000553048,0.000553073,0.000553017,0.000553004,0.000553069,0.000552999,0.000553023,0.000553025,0.000553036,0.000553049,0.000553031,0.000553023,0.000553035,0.000553034,0.000553014,0.000553027,0.000553016,0.000553055,0.000553014,0.000553015,0.000553016,0.000553042,0.000553042,0.000553017,0.000553043,0.000552987,0.000553039,0.000553026,0.000552982
0,0,0,0,0,0,0,0,0,0,0,0,0.000553775,0.000553463,0.000553614,0.000553053,0.000552961,0.00055296,0.000553017,0.000553029,0.000553054,0.000552998,0.000552984,0.00055305,0.000552979,0.000553003,0.000553006,0.000553016,0.00055303,0.000553012,0.000553004,0.000553016,0.000553015,0.000552995,0.000553007,0.000552996,0.000553035,0.000552995,0.000552996,0.000552997,0.000553022,0.000553023,0.000552998,0.000553024,0.000552968,0.00055302,0.000553006,0.000552962
0,0,0,0,0,0,0,0,0,0,0,0,0,0.000553487,0.000552989,0.000553037,0.000552946,0.000552944,0.000553002,0.000553013,0.000553039,0.000552982,0.000552969,0.000553034,0.000552964,0.000552988,0.00055299,0.000553001,0.000553014,0.000552996,0.000552989,0.000553,0.000552999,0.00055298,0.000552992,0.000552981,0.00055302,0.000552979,0.00055298,0.000552982,0.000553007,0.000553008,0.000552982,0.000553008,0.000552952,0.000553005,0.000552991,0.000552947
0,0,0,0,0,0,0,0,0,0,0,0,0,0,0.000553324,0.000553025,0.00055293,0.000552929,0.000552987,0.000552998,0.000553023,0.000552967,0.000552954,0.000553019,0.000552949,0.000552972,0.000552975,0.000552985,0.000552999,0.00055346,0.000552973,0.000552985,0.000552984,0.000552964,0.000552976,0.000552965,0.000553004,0.000552964,0.000552965,0.000552966,0.000552991,0.000552992,0.000552967,0.000552993,0.000552937,0.000552989,0.000552975,0.000552931
0,0,0,0,0,0,0,0,0,0,0,0,0,0,0,0.000553045,0.00055295,0.000552948,0.000553006,0.000553017,0.000553043,0.000552986,0.000552973,0.000553038,0.000552968,0.000552992,0.000552994,0.000553005,0.000553018,0.000553,0.000552993,0.000553004,0.000553003,0.000552984,0.000552996,0.000552985,0.000553024,0.000552983,0.000552984,0.000552986,0.000553011,0.000553012,0.000552986,0.000553013,0.000552957,0.000553009,0.000552995,0.000552951
0,0,0,0,0,0,0,0,0,0,0,0,0,0,0,0,0.000553002,0.000553,0.000553058,0.000553069,0.000553095,0.000553038,0.000553025,0.00055309,0.00055302,0.000553044,0.000553046,0.000553057,0.00055307,0.000553052,0.000553045,0.000553056,0.000553055,0.000553036,0.000553048,0.000553037,0.000553076,0.000553035,0.000553036,0.000553038,0.000553063,0.000553064,0.000553038,0.000553064,0.000553008,0.000553061,0.000553047,0.000553003
0,0,0,0,0,0,0,0,0,0,0,0,0,0,0,0,0,0.000553172,0.000553865,0.000552981,0.000561101,0.000553513,0.00055294,0.000560976,0.000552929,0.000553797,0.000553506,0.000552967,0.000552979,0.000552962,0.000553511,0.000552966,0.000552964,0.000552944,0.000552956,0.000552945,0.000552984,0.000552944,0.000552944,0.000552946,0.000552971,0.000552972,0.000552947,0.000552973,0.000552917,0.000552969,0.000552955,0.000552911
0,0,0,0,0,0,0,0,0,0,0,0,0,0,0,0,0,0,0.000553754,0.000552981,0.000553013,0.000552948,0.000553438,0.000553004,0.000553253,0.000553695,0.000553405,0.000554352,0.000552986,0.00055341,0.00055341,0.000553692,0.000552962,0.000552942,0.000552954,0.000552944,0.000552983,0.000552942,0.000552943,0.000552944,0.000552971,0.00055297,0.000552945,0.000552971,0.000552915,0.000552967,0.000552954,0.00055291
0,0,0,0,0,0,0,0,0,0,0,0,0,0,0,0,0,0,0,0.000553033,0.000561676,0.000554094,0.00055299,0.000553057,0.000552985,0.000553009,0.000553012,0.000553023,0.000553035,0.000554093,0.00055301,0.000553021,0.00055302,0.000553,0.000553012,0.000553001,0.00055304,0.000553,0.000553,0.000553002,0.000553027,0.000553028,0.000553002,0.000553029,0.000552973,0.000553025,0.000553011,0.000552967
0,0,0,0,0,0,0,0,0,0,0,0,0,0,0,0,0,0,0,0,0.000553071,0.000553014,0.000553016,0.000553066,0.000556309,0.000556749,0.000553027,0.000553053,0.000559268,0.00055303,0.000553022,0.000553034,0.000553031,0.000553012,0.000553024,0.000553013,0.000553052,0.000553011,0.000553012,0.000553014,0.000553039,0.00055304,0.000553014,0.00055304,0.000552984,0.000553036,0.000553023,0.000552979
0,0,0,0,0,0,0,0,0,0,0,0,0,0,0,0,0,0,0,0,0,0.000553051,0.000553026,0.000553096,0.000553021,0.000553048,0.00055305,0.000553058,0.000553072,0.000553063,0.000553048,0.000553057,0.000553057,0.000553037,0.000553049,0.000553038,0.000553077,0.000553037,0.000553037,0.000553039,0.000553064,0.000553065,0.000553039,0.000553066,0.00055301,0.000553062,0.000553048,0.000553004
0,0,0,0,0,0,0,0,0,0,0,0,0,0,0,0,0,0,0,0,0,0,0.000553778,0.000553043,0.000552966,0.000552989,0.000552992,0.000554693,0.000553025,0.000552998,0.000553751,0.000554032,0.000553,0.000552981,0.000552993,0.000552982,0.000553021,0.00055298,0.000552981,0.000552983,0.000553009,0.000553009,0.000552983,0.000553009,0.000552953,0.000553005,0.000552992,0.000552948
0,0,0,0,0,0,0,0,0,0,0,0,0,0,0,0,0,0,0,0,0,0,0,0.000561242,0.000552952,0.000552976,0.000553772,0.000552997,0.000556583,0.000553777,0.000552977,0.000552988,0.000552987,0.000552967,0.000552979,0.000552968,0.000553007,0.000552967,0.000552967,0.000552969,0.000552994,0.000552995,0.000552969,0.000552996,0.00055294,0.000552992,0.000552978,0.000552934
0,0,0,0,0,0,0,0,0,0,0,0,0,0,0,0,0,0,0,0,0,0,0,0,0.000553016,0.000553043,0.000553051,0.000553054,0.000553075,0.000553054,0.000553044,0.000553053,0.000553052,0.000553032,0.000553044,0.000553033,0.000553073,0.000553032,0.000553033,0.000553034,0.000553059,0.00055306,0.000553035,0.000553061,0.000553005,0.000553057,0.000553043,0.000553
0,0,0,0,0,0,0,0,0,0,0,0,0,0,0,0,0,0,0,0,0,0,0,0,0,0.000553881,0.000553587,0.000552985,0.000553012,0.000553592,0.000553591,0.000553875,0.000552982,0.000552962,0.000552974,0.000552963,0.000553002,0.000552962,0.000552962,0.000552964,0.000552991,0.00055299,0.000552965,0.000552991,0.000552935,0.000552987,0.000552973,0.000552929
0,0,0,0,0,0,0,0,0,0,0,0,0,0,0,0,0,0,0,0,0,0,0,0,0,0,0.000554029,0.000553008,0.000553038,0.000553004,0.000552996,0.000553007,0.000553006,0.000552986,0.000552998,0.000552987,0.000553026,0.000552986,0.000552986,0.000552988,0.000553013,0.000553014,0.000552989,0.000553015,0.000552959,0.000553011,0.000552997,0.000552953
0,0,0,0,0,0,0,0,0,0,0,0,0,0,0,0,0,0,0,0,0,0,0,0,0,0,0,0.00055301,0.000553026,0.000553744,0.000552998,0.00055301,0.000553008,0.000552989,0.000553001,0.00055299,0.000553029,0.000552988,0.000552989,0.000552991,0.000553016,0.000553017,0.000552991,0.000553017,0.000552961,0.000553014,0.000553,0.000552956
0,0,0,0,0,0,0,0,0,0,0,0,0,0,0,0,0,0,0,0,0,0,0,0,0,0,0,0,0.000557496,0.000553016,0.000554691,0.000553022,0.000553019,0.000552999,0.000553011,0.000553,0.000553039,0.000552999,0.000553,0.000553001,0.000553026,0.000553027,0.000553002,0.000553028,0.000552972,0.000553024,0.00055301,0.000552966
0,0,0,0,0,0,0,0,0,0,0,0,0,0,0,0,0,0,0,0,0,0,0,0,0,0,0,0,0,0.000553032,0.000553029,0.000553033,0.000553032,0.000553013,0.000553025,0.000553014,0.000553053,0.000553012,0.000553013,0.000553015,0.00055304,0.000553041,0.000553015,0.000553042,0.000552986,0.000553038,0.000553024,0.00055298
0,0,0,0,0,0,0,0,0,0,0,0,0,0,0,0,0,0,0,0,0,0,0,0,0,0,0,0,0,0,0.000553004,0.000553016,0.000553014,0.000552995,0.000553007,0.000552996,0.000553035,0.000552994,0.000552995,0.000552997,0.000553022,0.000553023,0.000552997,0.000553023,0.000552967,0.000553019,0.000553006,0.000552962
0,0,0,0,0,0,0,0,0,0,0,0,0,0,0,0,0,0,0,0,0,0,0,0,0,0,0,0,0,0,0,0.000554031,0.000553007,0.000552987,0.000552999,0.000552988,0.000553027,0.000552987,0.000552987,0.000552989,0.000553016,0.000553015,0.000552989,0.000553016,0.00055296,0.000553012,0.000552998,0.000552954
0,0,0,0,0,0,0,0,0,0,0,0,0,0,0,0,0,0,0,0,0,0,0,0,0,0,0,0,0,0,0,0,0.000553018,0.000553,0.000553011,0.000553,0.000553039,0.000552998,0.000553001,0.000553,0.000554927,0.000553027,0.000553003,0.000553027,0.000552971,0.000553023,0.00055301,0.000552966
0,0,0,0,0,0,0,0,0,0,0,0,0,0,0,0,0,0,0,0,0,0,0,0,0,0,0,0,0,0,0,0,0,0.000552998,0.000553013,0.000554028,0.000553039,0.000553874,0.000552999,0.000553,0.000553025,0.000554921,0.000553001,0.000553027,0.000553779,0.000553024,0.00055301,0.000553723
0,0,0,0,0,0,0,0,0,0,0,0,0,0,0,0,0,0,0,0,0,0,0,0,0,0,0,0,0,0,0,0,0,0,0.000552991,0.000552979,0.000553018,0.000553596,0.000553751,0.000552981,0.000554646,0.000553006,0.000553749,0.000554625,0.000552953,0.000553003,0.000553741,0.000552946
0,0,0,0,0,0,0,0,0,0,0,0,0,0,0,0,0,0,0,0,0,0,0,0,0,0,0,0,0,0,0,0,0,0,0,0.000552995,0.00055304,0.000552991,0.000554042,0.000554046,0.000553018,0.000554936,0.000552993,0.000553021,0.000553795,0.000554997,0.000553002,0.000552961
0,0,0,0,0,0,0,0,0,0,0,0,0,0,0,0,0,0,0,0,0,0,0,0,0,0,0,0,0,0,0,0,0,0,0,0,0.000553027,0.00055298,0.00055298,0.000552982,0.000553006,0.000554643,0.000552982,0.000553008,0.000553501,0.000554703,0.000553741,0.000553445
0,0,0,0,0,0,0,0,0,0,0,0,0,0,0,0,0,0,0,0,0,0,0,0,0,0,0,0,0,0,0,0,0,0,0,0,0,0.000553021,0.000553019,0.000556283,0.000553045,0.000553046,0.000553024,0.000553048,0.000556032,0.000557235,0.000553032,0.000552993
0,0,0,0,0,0,0,0,0,0,0,0,0,0,0,0,0,0,0,0,0,0,0,0,0,0,0,0,0,0,0,0,0,0,0,0,0,0,0.000553596,0.0005536,0.000553007,0.000553007,0.000552981,0.000553009,0.000553349,0.000553003,0.00055359,0.000553291
0,0,0,0,0,0,0,0,0,0,0,0,0,0,0,0,0,0,0,0,0,0,0,0,0,0,0,0,0,0,0,0,0,0,0,0,0,0,0,0.000552982,0.000554645,0.000553008,0.000552984,0.000554624,0.000552953,0.000553005,0.00055299,0.000553443
0,0,0,0,0,0,0,0,0,0,0,0,0,0,0,0,0,0,0,0,0,0,0,0,0,0,0,0,0,0,0,0,0,0,0,0,0,0,0,0,0.000553008,0.00055301,0.00055375,0.00055301,0.000552956,0.000553014,0.000553745,0.000553447
0,0,0,0,0,0,0,0,0,0,0,0,0,0,0,0,0,0,0,0,0,0,0,0,0,0,0,0,0,0,0,0,0,0,0,0,0,0,0,0,0,0.000553033,0.000554644,0.000553038,0.000552979,0.00055303,0.000553017,0.000552974
0,0,0,0,0,0,0,0,0,0,0,0,0,0,0,0,0,0,0,0,0,0,0,0,0,0,0,0,0,0,0,0,0,0,0,0,0,0,0,0,0,0,0.000553009,0.000553035,0.000552983,0.000553036,0.000553018,0.000554339
0,0,0,0,0,0,0,0,0,0,0,0,0,0,0,0,0,0,0,0,0,0,0,0,0,0,0,0,0,0,0,0,0,0,0,0,0,0,0,0,0,0,0,0.000554623,0.0005535,0.000553006,0.000552993,0.000553441
0,0,0,0,0,0,0,0,0,0,0,0,0,0,0,0,0,0,0,0,0,0,0,0,0,0,0,0,0,0,0,0,0,0,0,0,0,0,0,0,0,0,0,0,0.000554377,0.000553032,0.000553019,0.000552976
0,0,0,0,0,0,0,0,0,0,0,0,0,0,0,0,0,0,0,0,0,0,0,0,0,0,0,0,0,0,0,0,0,0,0,0,0,0,0,0,0,0,0,0,0,0.000552984,0.000553494,0.000552919
0,0,0,0,0,0,0,0,0,0,0,0,0,0,0,0,0,0,0,0,0,0,0,0,0,0,0,0,0,0,0,0,0,0,0,0,0,0,0,0,0,0,0,0,0,0,0.000553015,0.000554399
0,0,0,0,0,0,0,0,0,0,0,0,0,0,0,0,0,0,0,0,0,0,0,0,0,0,0,0,0,0,0,0,0,0,0,0,0,0,0,0,0,0,0,0,0,0,0,0.000553436
0,0,0,0,0,0,0,0,0,0,0,0,0,0,0,0,0,0,0,0,0,0,0,0,0,0,0,0,0,0,0,0,0,0,0,0,0,0,0,0,0,0,0,0,0,0,0,0
