# # np.logspace(-2, 2., num = num_time_points)
0,0.000622177,0.000622179,0.000622205,0.000622214,0.000622214,0.000622179,0.000622379,0.000622239,0.000622178,0.000622275,0.000622214,0.000622176,0.000622176,0.000622204,0.000622179,0.000622174,0.000622174,0.000622177,0.000622178,0.00062218,0.000622177,0.000622175,0.00062218,0.000622175,0.000622177,0.000622177,0.000622177,0.000622177,0.000622178,0.000622177,0.000622178,0.000622178,0.000622176,0.000622177,0.000622176,0.000622179,0.000622176,0.000622176,0.000622177,0.000622178,0.000622178,0.000622177,0.000622178,0.000622175,0.000622178,0.000622177,0.000622174
0,0,0.000622311,0.000622177,0.000622178,0.000622179,0.00062218,0.00062218,0.000622276,0.000622424,0.00062218,0.000622251,0.000622177,0.000622231,0.000622178,0.00062218,0.000622175,0.000622175,0.000622178,0.000622179,0.000622181,0.000622178,0.000622176,0.000622181,0.000622176,0.000622178,0.000622178,0.000622178,0.000622178,0.000622179,0.000622178,0.000622179,0.000622179,0.000622177,0.000622178,0.000622177,0.00062218,0.000622177,0.000622177,0.000622178,0.000622179,0.000622179,0.000622178,0.000622179,0.000622176,0.000622179,0.000622178,0.000622175
0,0,0,0.000622281,0.00062229,0.00062218,0.000622181,0.000622182,0.000622179,0.000622181,0.000622181,0.00062218,0.000622179,0.000622178,0.00062228,0.000622182,0.000622177,0.000622177,0.00062218,0.00062218,0.000622182,0.000622179,0.000622178,0.000622182,0.000622178,0.000622179,0.00062218,0.00062218,0.00062218,0.00062218,0.00062218,0.00062218,0.00062218,0.000622179,0.00062218,0.000622179,0.000622181,0.000622179,0.000622179,0.000622179,0.000622181,0.000622181,0.000622179,0.000622181,0.000622177,0.00062218,0.00062218,0.000622177
0,0,0,0,0.000622177,0.000622178,0.000622282,0.000622179,0.000622176,0.000622178,0.000622282,0.000622177,0.000622176,0.000622201,0.000622211,0.00062274,0.000622174,0.000622174,0.000622177,0.000622177,0.00062218,0.000622176,0.000622175,0.000622179,0.000622175,0.000622177,0.000622177,0.000622177,0.000622177,0.000622177,0.000622177,0.000622178,0.000622178,0.000622176,0.000622177,0.000622176,0.000622178,0.000622176,0.000622176,0.000622176,0.000622178,0.000622178,0.000622176,0.000622178,0.000622175,0.000622178,0.000622177,0.000622174
0,0,0,0,0,0.00062223,0.00062218,0.000622181,0.000622255,0.00062218,0.00062218,0.000622179,0.000622231,0.00062221,0.000622178,0.000622181,0.000622176,0.000622176,0.000622179,0.000622179,0.000622181,0.000622178,0.000622177,0.000622181,0.000622177,0.000622178,0.000622179,0.000622179,0.000622179,0.000622179,0.000622178,0.000622179,0.000622179,0.000622178,0.000622179,0.000622178,0.00062218,0.000622178,0.000622178,0.000622178,0.000622179,0.00062218,0.000622178,0.00062218,0.000622176,0.000622179,0.000622179,0.000622176
0,0,0,0,0,0,0.00062218,0.000622181,0.000622178,0.00062218,0.000622291,0.00062223,0.000622178,0.00062221,0.00062222,0.000622181,0.000622176,0.000622176,0.000622179,0.000622179,0.000622182,0.000622178,0.000622177,0.000622181,0.000622177,0.000622179,0.000622179,0.000622179,0.000622179,0.000622179,0.000622179,0.00062218,0.00062218,0.000622178,0.000622179,0.000622178,0.00062218,0.000622178,0.000622178,0.000622178,0.00062218,0.00062218,0.000622178,0.00062218,0.000622177,0.00062218,0.000622179,0.000622176
0,0,0,0,0,0,0,0.000622182,0.000622179,0.000622181,0.000622352,0.00062218,0.000622292,0.000622271,0.000622179,0.000622182,0.000622177,0.000622177,0.00062218,0.00062218,0.000622182,0.000622179,0.000622178,0.000622182,0.000622178,0.000622179,0.00062218,0.00062218,0.00062218,0.00062218,0.00062218,0.00062218,0.00062218,0.000622179,0.00062218,0.000622179,0.000622181,0.000622179,0.000622179,0.000622179,0.000622181,0.000622181,0.000622179,0.000622181,0.000622177,0.00062218,0.00062218,0.000622177
0,0,0,0,0,0,0,0,0.00062218,0.000622182,0.000622182,0.000622181,0.000622396,0.000622179,0.000622385,0.000622183,0.000622178,0.000622178,0.000622181,0.000622181,0.000622183,0.00062218,0.000622179,0.000622183,0.000622179,0.00062218,0.000622181,0.000622181,0.000622181,0.000622181,0.00062218,0.000622181,0.000622181,0.00062218,0.000622181,0.00062218,0.000622182,0.00062218,0.00062218,0.00062218,0.000622181,0.000622182,0.00062218,0.000622182,0.000622178,0.000622181,0.000622181,0.000622178
0,0,0,0,0,0,0,0,0,0.000622428,0.000622179,0.000622178,0.000622177,0.000622176,0.000622177,0.000622775,0.000622174,0.000622175,0.000622178,0.000622178,0.00062218,0.000622177,0.000622176,0.00062218,0.000622176,0.000622177,0.000622177,0.000622178,0.000622178,0.000622178,0.000622177,0.000622178,0.000622178,0.000622177,0.000622177,0.000622177,0.000622179,0.000622177,0.000622177,0.000622177,0.000622178,0.000622178,0.000622177,0.000622178,0.000622175,0.000622178,0.000622177,0.000622175
0,0,0,0,0,0,0,0,0,0,0.000622181,0.00062218,0.000622404,0.000622178,0.000622179,0.000622182,0.000622177,0.000622177,0.00062218,0.00062218,0.000622182,0.000622179,0.000622178,0.000622182,0.000622178,0.000622179,0.00062218,0.00062218,0.00062218,0.00062218,0.00062218,0.00062218,0.00062218,0.000622179,0.00062218,0.000622179,0.000622181,0.000622179,0.000622179,0.000622179,0.000622181,0.000622181,0.000622179,0.000622181,0.000622177,0.00062218,0.00062218,0.000622177
0,0,0,0,0,0,0,0,0,0,0,0.00062218,0.000622179,0.000622178,0.00062218,0.000622182,0.000622177,0.000622177,0.00062218,0.00062218,0.000622182,0.000622179,0.000622178,0.000622182,0.000622178,0.00062218,0.00062218,0.00062218,0.00062218,0.00062218,0.00062218,0.00062218,0.00062218,0.000622179,0.00062218,0.000622179,0.000622181,0.000622179,0.000622179,0.000622179,0.000622181,0.000622181,0.000622179,0.000622181,0.000622177,0.00062218,0.00062218,0.000622177
0,0,0,0,0,0,0,0,0,0,0,0,0.000622231,0.00062221,0.00062222,0.000622181,0.000622176,0.000622176,0.000622179,0.000622179,0.000622181,0.000622178,0.000622177,0.000622181,0.000622177,0.000622179,0.000622179,0.000622179,0.000622179,0.000622179,0.000622179,0.000622179,0.000622179,0.000622178,0.000622179,0.000622178,0.00062218,0.000622178,0.000622178,0.000622178,0.00062218,0.00062218,0.000622178,0.00062218,0.000622176,0.000622179,0.000622179,0.000622176
0,0,0,0,0,0,0,0,0,0,0,0,0,0.000622211,0.000622177,0.00062218,0.000622175,0.000622175,0.000622178,0.000622178,0.00062218,0.000622177,0.000622176,0.00062218,0.000622176,0.000622177,0.000622178,0.000622178,0.000622178,0.000622178,0.000622178,0.000622178,0.000622178,0.000622177,0.000622178,0.000622177,0.000622179,0.000622177,0.000622177,0.000622177,0.000622179,0.000622179,0.000622177,0.000622179,0.000622175,0.000622178,0.000622178,0.000622175
0,0,0,0,0,0,0,0,0,0,0,0,0,0,0.000622201,0.000622179,0.000622174,0.000622174,0.000622177,0.000622177,0.000622179,0.000622176,0.000622175,0.000622179,0.000622175,0.000622177,0.000622177,0.000622177,0.000622177,0.00062221,0.000622177,0.000622177,0.000622177,0.000622176,0.000622177,0.000622176,0.000622178,0.000622176,0.000622176,0.000622176,0.000622178,0.000622178,0.000622176,0.000622178,0.000622174,0.000622177,0.000622177,0.000622174
0,0,0,0,0,0,0,0,0,0,0,0,0,0,0,0.00062218,0.000622175,0.000622175,0.000622178,0.000622179,0.000622181,0.000622178,0.000622176,0.00062218,0.000622176,0.000622178,0.000622178,0.000622178,0.000622178,0.000622178,0.000622178,0.000622179,0.000622179,0.000622177,0.000622178,0.000622177,0.00062218,0.000622177,0.000622177,0.000622177,0.000622179,0.000622179,0.000622178,0.000622179,0.000622176,0.000622179,0.000622178,0.000622175
0,0,0,0,0,0,0,0,0,0,0,0,0,0,0,0,0.000622178,0.000622178,0.000622181,0.000622181,0.000622183,0.00062218,0.000622179,0.000622183,0.000622179,0.00062218,0.000622181,0.000622181,0.000622181,0.000622181,0.000622181,0.000622181,0.000622181,0.00062218,0.000622181,0.00062218,0.000622182,0.00062218,0.00062218,0.00062218,0.000622182,0.000622182,0.00062218,0.000622182,0.000622178,0.000622181,0.000622181,0.000622178
0,0,0,0,0,0,0,0,0,0,0,0,0,0,0,0,0,0.00062219,0.000622236,0.000622176,0.000622729,0.000622213,0.000622174,0.000622721,0.000622174,0.000622232,0.000622213,0.000622176,0.000622176,0.000622176,0.000622213,0.000622176,0.000622176,0.000622175,0.000622175,0.000622175,0.000622177,0.000622175,0.000622175,0.000622175,0.000622176,0.000622176,0.000622175,0.000622176,0.000622173,0.000622176,0.000622175,0.000622173
0,0,0,0,0,0,0,0,0,0,0,0,0,0,0,0,0,0,0.000622229,0.000622176,0.000622178,0.000622175,0.000622208,0.000622178,0.000622196,0.000622226,0.000622206,0.00062227,0.000622176,0.000622206,0.000622206,0.000622226,0.000622176,0.000622175,0.000622175,0.000622175,0.000622177,0.000622175,0.000622175,0.000622175,0.000622176,0.000622176,0.000622175,0.000622177,0.000622173,0.000622176,0.000622176,0.000622173
0,0,0,0,0,0,0,0,0,0,0,0,0,0,0,0,0,0,0,0.000622179,0.000622768,0.000622252,0.000622177,0.000622181,0.000622177,0.000622178,0.000622179,0.000622179,0.000622179,0.000622252,0.000622179,0.000622179,0.000622179,0.000622178,0.000622179,0.000622178,0.00062218,0.000622178,0.000622178,0.000622178,0.00062218,0.00062218,0.000622178,0.00062218,0.000622176,0.000622179,0.000622179,0.000622176
0,0,0,0,0,0,0,0,0,0,0,0,0,0,0,0,0,0,0,0,0.000622181,0.000622178,0.000622177,0.000622181,0.000622403,0.000622433,0.000622179,0.000622179,0.000622604,0.000622179,0.000622179,0.000622179,0.000622179,0.000622178,0.000622179,0.000622178,0.00062218,0.000622178,0.000622178,0.000622178,0.00062218,0.00062218,0.000622178,0.00062218,0.000622176,0.000622179,0.000622179,0.000622176
0,0,0,0,0,0,0,0,0,0,0,0,0,0,0,0,0,0,0,0,0,0.00062218,0.000622179,0.000622183,0.000622179,0.000622181,0.000622181,0.000622181,0.000622181,0.000622181,0.000622181,0.000622181,0.000622181,0.00062218,0.000622181,0.00062218,0.000622182,0.00062218,0.00062218,0.00062218,0.000622182,0.000622182,0.00062218,0.000622182,0.000622178,0.000622181,0.000622181,0.000622178
0,0,0,0,0,0,0,0,0,0,0,0,0,0,0,0,0,0,0,0,0,0,0.000622231,0.00062218,0.000622176,0.000622178,0.000622178,0.000622293,0.000622178,0.000622178,0.000622229,0.000622248,0.000622178,0.000622177,0.000622178,0.000622177,0.000622179,0.000622177,0.000622177,0.000622177,0.000622179,0.000622179,0.000622177,0.000622179,0.000622175,0.000622178,0.000622178,0.000622175
0,0,0,0,0,0,0,0,0,0,0,0,0,0,0,0,0,0,0,0,0,0,0,0.000622739,0.000622175,0.000622176,0.000622231,0.000622177,0.000622421,0.000622231,0.000622177,0.000622177,0.000622177,0.000622176,0.000622177,0.000622176,0.000622178,0.000622176,0.000622176,0.000622176,0.000622178,0.000622178,0.000622176,0.000622178,0.000622174,0.000622177,0.000622177,0.000622174
0,0,0,0,0,0,0,0,0,0,0,0,0,0,0,0,0,0,0,0,0,0,0,0,0.000622179,0.000622181,0.000622181,0.000622181,0.000622181,0.000622181,0.000622181,0.000622181,0.000622181,0.00062218,0.000622181,0.00062218,0.000622182,0.00062218,0.00062218,0.00062218,0.000622182,0.000622182,0.00062218,0.000622182,0.000622178,0.000622181,0.000622181,0.000622178
0,0,0,0,0,0,0,0,0,0,0,0,0,0,0,0,0,0,0,0,0,0,0,0,0,0.000622238,0.000622218,0.000622177,0.000622177,0.000622219,0.000622219,0.000622238,0.000622177,0.000622176,0.000622177,0.000622176,0.000622178,0.000622176,0.000622176,0.000622176,0.000622178,0.000622178,0.000622176,0.000622178,0.000622174,0.000622177,0.000622177,0.000622174
0,0,0,0,0,0,0,0,0,0,0,0,0,0,0,0,0,0,0,0,0,0,0,0,0,0,0.000622248,0.000622178,0.000622178,0.000622178,0.000622178,0.000622179,0.000622179,0.000622177,0.000622178,0.000622177,0.00062218,0.000622177,0.000622177,0.000622177,0.000622179,0.000622179,0.000622178,0.000622179,0.000622176,0.000622179,0.000622178,0.000622175
0,0,0,0,0,0,0,0,0,0,0,0,0,0,0,0,0,0,0,0,0,0,0,0,0,0,0,0.000622179,0.000622179,0.000622229,0.000622178,0.000622179,0.000622179,0.000622178,0.000622178,0.000622178,0.00062218,0.000622178,0.000622178,0.000622178,0.000622179,0.000622179,0.000622178,0.000622179,0.000622176,0.000622179,0.000622178,0.000622176
0,0,0,0,0,0,0,0,0,0,0,0,0,0,0,0,0,0,0,0,0,0,0,0,0,0,0,0,0.000622483,0.000622179,0.000622293,0.000622179,0.000622179,0.000622178,0.000622179,0.000622178,0.00062218,0.000622178,0.000622178,0.000622178,0.00062218,0.00062218,0.000622178,0.00062218,0.000622176,0.000622179,0.000622179,0.000622176
0,0,0,0,0,0,0,0,0,0,0,0,0,0,0,0,0,0,0,0,0,0,0,0,0,0,0,0,0,0.000622179,0.000622179,0.000622179,0.000622179,0.000622178,0.000622179,0.000622178,0.00062218,0.000622178,0.000622178,0.000622178,0.00062218,0.00062218,0.000622178,0.00062218,0.000622176,0.000622179,0.000622179,0.000622176
0,0,0,0,0,0,0,0,0,0,0,0,0,0,0,0,0,0,0,0,0,0,0,0,0,0,0,0,0,0,0.000622179,0.000622179,0.000622179,0.000622178,0.000622179,0.000622178,0.00062218,0.000622178,0.000622178,0.000622178,0.00062218,0.00062218,0.000622178,0.00062218,0.000622176,0.000622179,0.000622179,0.000622176
0,0,0,0,0,0,0,0,0,0,0,0,0,0,0,0,0,0,0,0,0,0,0,0,0,0,0,0,0,0,0,0.000622248,0.000622179,0.000622178,0.000622178,0.000622178,0.00062218,0.000622178,0.000622178,0.000622178,0.000622179,0.000622179,0.000622178,0.000622179,0.000622176,0.000622179,0.000622178,0.000622176
0,0,0,0,0,0,0,0,0,0,0,0,0,0,0,0,0,0,0,0,0,0,0,0,0,0,0,0,0,0,0,0,0.000622179,0.000622178,0.000622179,0.000622178,0.00062218,0.000622178,0.000622178,0.000622178,0.000622309,0.00062218,0.000622178,0.00062218,0.000622177,0.000622179,0.000622179,0.000622176
0,0,0,0,0,0,0,0,0,0,0,0,0,0,0,0,0,0,0,0,0,0,0,0,0,0,0,0,0,0,0,0,0,0.000622178,0.000622179,0.000622248,0.00062218,0.000622238,0.000622178,0.000622178,0.00062218,0.000622309,0.000622178,0.00062218,0.000622231,0.000622179,0.000622179,0.000622228
0,0,0,0,0,0,0,0,0,0,0,0,0,0,0,0,0,0,0,0,0,0,0,0,0,0,0,0,0,0,0,0,0,0,0.000622178,0.000622177,0.000622179,0.000622219,0.000622229,0.000622177,0.00062229,0.000622179,0.000622229,0.000622289,0.000622175,0.000622178,0.000622229,0.000622175
0,0,0,0,0,0,0,0,0,0,0,0,0,0,0,0,0,0,0,0,0,0,0,0,0,0,0,0,0,0,0,0,0,0,0,0.000622178,0.00062218,0.000622178,0.000622249,0.000622249,0.000622179,0.00062231,0.000622178,0.000622179,0.000622232,0.000622314,0.000622178,0.000622176
0,0,0,0,0,0,0,0,0,0,0,0,0,0,0,0,0,0,0,0,0,0,0,0,0,0,0,0,0,0,0,0,0,0,0,0,0.000622179,0.000622177,0.000622177,0.000622177,0.000622179,0.00062229,0.000622177,0.000622179,0.000622213,0.000622294,0.000622229,0.000622209
0,0,0,0,0,0,0,0,0,0,0,0,0,0,0,0,0,0,0,0,0,0,0,0,0,0,0,0,0,0,0,0,0,0,0,0,0,0.000622179,0.000622179,0.000622402,0.000622181,0.000622181,0.000622179,0.000622181,0.000622385,0.000622466,0.00062218,0.000622177
0,0,0,0,0,0,0,0,0,0,0,0,0,0,0,0,0,0,0,0,0,0,0,0,0,0,0,0,0,0,0,0,0,0,0,0,0,0,0.000622219,0.000622219,0.000622179,0.000622179,0.000622177,0.000622179,0.000622202,0.000622178,0.000622218,0.000622198
0,0,0,0,0,0,0,0,0,0,0,0,0,0,0,0,0,0,0,0,0,0,0,0,0,0,0,0,0,0,0,0,0,0,0,0,0,0,0,0.000622177,0.00062229,0.000622179,0.000622177,0.000622289,0.000622175,0.000622178,0.000622178,0.000622209
0,0,0,0,0,0,0,0,0,0,0,0,0,0,0,0,0,0,0,0,0,0,0,0,0,0,0,0,0,0,0,0,0,0,0,0,0,0,0,0,0.000622179,0.000622179,0.000622229,0.000622179,0.000622175,0.000622178,0.000622229,0.000622209
0,0,0,0,0,0,0,0,0,0,0,0,0,0,0,0,0,0,0,0,0,0,0,0,0,0,0,0,0,0,0,0,0,0,0,0,0,0,0,0,0,0.00062218,0.00062229,0.00062218,0.000622177,0.00062218,0.000622179,0.000622177
0,0,0,0,0,0,0,0,0,0,0,0,0,0,0,0,0,0,0,0,0,0,0,0,0,0,0,0,0,0,0,0,0,0,0,0,0,0,0,0,0,0,0.000622179,0.00062218,0.000622177,0.00062218,0.000622179,0.000622269
0,0,0,0,0,0,0,0,0,0,0,0,0,0,0,0,0,0,0,0,0,0,0,0,0,0,0,0,0,0,0,0,0,0,0,0,0,0,0,0,0,0,0,0.000622289,0.000622212,0.000622178,0.000622178,0.000622209
0,0,0,0,0,0,0,0,0,0,0,0,0,0,0,0,0,0,0,0,0,0,0,0,0,0,0,0,0,0,0,0,0,0,0,0,0,0,0,0,0,0,0,0,0.000622272,0.00062218,0.00062218,0.000622177
0,0,0,0,0,0,0,0,0,0,0,0,0,0,0,0,0,0,0,0,0,0,0,0,0,0,0,0,0,0,0,0,0,0,0,0,0,0,0,0,0,0,0,0,0,0.000622177,0.000622212,0.000622173
0,0,0,0,0,0,0,0,0,0,0,0,0,0,0,0,0,0,0,0,0,0,0,0,0,0,0,0,0,0,0,0,0,0,0,0,0,0,0,0,0,0,0,0,0,0,0.000622179,0.000622273
0,0,0,0,0,0,0,0,0,0,0,0,0,0,0,0,0,0,0,0,0,0,0,0,0,0,0,0,0,0,0,0,0,0,0,0,0,0,0,0,0,0,0,0,0,0,0,0.000622208
0,0,0,0,0,0,0,0,0,0,0,0,0,0,0,0,0,0,0,0,0,0,0,0,0,0,0,0,0,0,0,0,0,0,0,0,0,0,0,0,0,0,0,0,0,0,0,0
