# # np.logspace(-2, 2., num = num_time_points)
0,0.00045542,0.000455472,0.000456257,0.000456538,0.000456549,0.000455483,0.00046154,0.000457339,0.000455504,0.000458415,0.000456526,0.000455405,0.000455346,0.000456248,0.000455613,0.000455306,0.000455291,0.000455449,0.000455504,0.000455542,0.000455384,0.000455367,0.000455521,0.000455341,0.000455402,0.0004554,0.000455444,0.000455518,0.000455414,0.000455398,0.000455427,0.000455424,0.000455379,0.00045541,0.000455381,0.00045549,0.000455374,0.000455379,0.000455384,0.000455446,0.000455448,0.000455384,0.000455447,0.000455313,0.000455453,0.000455401,0.000455298
0,0,0.000459515,0.000455433,0.000455484,0.000455486,0.000455524,0.00045555,0.000458514,0.000462965,0.000455526,0.00045767,0.000455475,0.000457063,0.000455461,0.000455655,0.000455363,0.000455348,0.000455506,0.000455561,0.000455599,0.000455441,0.000455424,0.000455578,0.000455398,0.000455459,0.000455457,0.000455501,0.000455575,0.000455472,0.000455455,0.000455484,0.000455481,0.000455436,0.000455467,0.000455438,0.000455547,0.000455431,0.000455436,0.000455441,0.000455503,0.000455505,0.000455441,0.000455504,0.00045537,0.00045551,0.000455458,0.000455355
0,0,0,0.000458589,0.000458867,0.000455539,0.000455577,0.000455607,0.000455547,0.000455614,0.000455581,0.000455535,0.000455501,0.000455466,0.000458573,0.000455671,0.000455412,0.000455397,0.000455555,0.00045561,0.000455648,0.00045549,0.000455473,0.000455627,0.000455447,0.000455508,0.000455507,0.00045555,0.000455624,0.00045552,0.000455504,0.000455533,0.00045553,0.000455485,0.000455517,0.000455487,0.000455596,0.00045548,0.000455486,0.000455491,0.000455552,0.000455554,0.00045549,0.000455553,0.000455419,0.000455559,0.000455507,0.000455404
0,0,0,0,0.000455427,0.000455445,0.000458632,0.000455514,0.000455494,0.000455496,0.00045864,0.00045543,0.000455408,0.000456134,0.000456458,0.000472555,0.000455317,0.000455302,0.00045546,0.000455515,0.000455553,0.000455395,0.000455378,0.000455532,0.000455352,0.000455413,0.000455411,0.000455455,0.000455529,0.000455426,0.000455409,0.000455438,0.000455435,0.00045539,0.000455421,0.000455392,0.000455501,0.000455385,0.00045539,0.000455395,0.000455457,0.000455459,0.000455395,0.000455458,0.000455324,0.000455464,0.000455412,0.000455309
0,0,0,0,0,0.000457038,0.000455526,0.000455562,0.000457835,0.00045557,0.00045553,0.000455476,0.000457075,0.000456414,0.000455454,0.00045565,0.00045536,0.000455344,0.000455502,0.000455557,0.000455596,0.000455438,0.000455421,0.000455575,0.000455394,0.000455456,0.000455454,0.000455497,0.000455572,0.000455468,0.000455451,0.00045548,0.000455478,0.000455432,0.000455464,0.000455435,0.000455544,0.000455428,0.000455433,0.000455438,0.000455499,0.000455502,0.000455437,0.0004555,0.000455367,0.000455507,0.000455455,0.000455352
0,0,0,0,0,0,0.000455553,0.000455573,0.000455497,0.000455554,0.000458912,0.000457029,0.000455465,0.000456421,0.000456742,0.000455614,0.000455376,0.00045536,0.000455518,0.000455573,0.000455612,0.000455454,0.000455437,0.000455591,0.00045541,0.000455472,0.00045547,0.000455513,0.000455588,0.000455484,0.000455467,0.000455496,0.000455494,0.000455448,0.00045548,0.000455451,0.00045556,0.000455444,0.000455449,0.000455454,0.000455515,0.000455517,0.000455453,0.000455516,0.000455383,0.000455523,0.00045547,0.000455368
0,0,0,0,0,0,0,0.000455617,0.000455533,0.000455609,0.000460773,0.000455533,0.000458942,0.000458285,0.000455506,0.000455675,0.000455417,0.000455401,0.000455559,0.000455614,0.000455653,0.000455495,0.000455478,0.000455632,0.000455451,0.000455513,0.000455511,0.000455554,0.000455629,0.000455526,0.000455508,0.000455537,0.000455535,0.000455489,0.000455521,0.000455492,0.000455601,0.000455484,0.00045549,0.000455495,0.000455556,0.000455558,0.000455494,0.000455557,0.000455424,0.000455564,0.000455511,0.000455409
0,0,0,0,0,0,0,0,0.000455566,0.000455642,0.000455613,0.000455576,0.000462074,0.000455496,0.000461738,0.000455682,0.000455444,0.000455429,0.000455587,0.000455642,0.00045568,0.000455522,0.000455505,0.000455659,0.000455479,0.00045554,0.000455538,0.000455582,0.000455656,0.000455552,0.000455536,0.000455565,0.000455562,0.000455517,0.000455548,0.000455519,0.000455628,0.000455512,0.000455517,0.000455522,0.000455584,0.000455586,0.000455522,0.000455585,0.000455451,0.000455591,0.000455539,0.000455436
0,0,0,0,0,0,0,0,0,0.000463118,0.00045554,0.000455492,0.000455487,0.000455418,0.00045546,0.000473636,0.000455374,0.000455358,0.000455517,0.000455572,0.00045561,0.000455452,0.000455435,0.000455589,0.000455408,0.00045547,0.000455468,0.000455512,0.000455586,0.000455482,0.000455466,0.000455495,0.000455492,0.000455446,0.000455478,0.000455449,0.000455558,0.000455442,0.000455447,0.000455452,0.000455513,0.000455516,0.000455452,0.000455515,0.000455381,0.000455521,0.000455469,0.000455366
0,0,0,0,0,0,0,0,0,0,0.000455599,0.000455575,0.00046234,0.000455499,0.000455521,0.000455742,0.000455436,0.00045542,0.000455578,0.000455633,0.000455672,0.000455514,0.000455497,0.000455651,0.00045547,0.000455532,0.00045553,0.000455573,0.000455648,0.000455544,0.000455527,0.000455556,0.000455554,0.000455508,0.00045554,0.000455511,0.00045562,0.000455504,0.000455509,0.000455514,0.000455575,0.000455578,0.000455513,0.000455576,0.000455443,0.000455583,0.000455531,0.000455428
0,0,0,0,0,0,0,0,0,0,0,0.000455537,0.00045552,0.000455477,0.000455516,0.000455679,0.00045542,0.000455405,0.000455563,0.000455618,0.000455656,0.000455498,0.000455481,0.000455635,0.000455455,0.000455516,0.000455514,0.000455558,0.000455632,0.000455528,0.000455512,0.000455541,0.000455538,0.000455493,0.000455525,0.000455495,0.000455604,0.000455488,0.000455494,0.000455499,0.00045556,0.000455562,0.000455498,0.000455561,0.000455427,0.000455567,0.000455515,0.000455412
0,0,0,0,0,0,0,0,0,0,0,0,0.000457065,0.000456408,0.000456726,0.000455605,0.000455367,0.000455352,0.00045551,0.000455565,0.000455603,0.000455445,0.000455428,0.000455582,0.000455402,0.000455463,0.000455461,0.000455505,0.000455579,0.000455476,0.000455459,0.000455488,0.000455485,0.00045544,0.000455471,0.000455442,0.000455551,0.000455435,0.00045544,0.000455445,0.000455507,0.000455509,0.000455445,0.000455508,0.000455374,0.000455514,0.000455462,0.000455359
0,0,0,0,0,0,0,0,0,0,0,0,0,0.000456464,0.000455442,0.000455579,0.000455341,0.000455325,0.000455483,0.000455539,0.000455577,0.000455419,0.000455402,0.000455556,0.000455375,0.000455437,0.000455435,0.000455479,0.000455553,0.000455449,0.000455432,0.000455462,0.000455459,0.000455413,0.000455445,0.000455416,0.000455525,0.000455409,0.000455414,0.000455419,0.00045548,0.000455483,0.000455418,0.000455482,0.000455348,0.000455488,0.000455436,0.000455333
0,0,0,0,0,0,0,0,0,0,0,0,0,0,0.000456117,0.00045555,0.000455293,0.000455278,0.000455439,0.000455491,0.000455529,0.000455371,0.000455356,0.000455508,0.000455329,0.000455389,0.000455389,0.000455431,0.000455505,0.000456397,0.000455385,0.000455414,0.000455411,0.000455366,0.000455398,0.000455368,0.000455477,0.000455361,0.000455367,0.000455371,0.000455433,0.000455435,0.000455371,0.000455434,0.0004553,0.00045544,0.000455388,0.000455285
0,0,0,0,0,0,0,0,0,0,0,0,0,0,0,0.000455599,0.000455342,0.000455327,0.000455485,0.00045554,0.000455578,0.00045542,0.000455403,0.000455557,0.000455377,0.000455438,0.000455437,0.00045548,0.000455554,0.000455451,0.000455434,0.000455463,0.00045546,0.000455415,0.000455447,0.000455417,0.000455526,0.00045541,0.000455416,0.000455421,0.000455482,0.000455484,0.00045542,0.000455483,0.000455349,0.000455489,0.000455437,0.000455334
0,0,0,0,0,0,0,0,0,0,0,0,0,0,0,0,0.000455495,0.00045548,0.000455638,0.000455693,0.000455731,0.000455573,0.000455556,0.00045571,0.00045553,0.000455591,0.00045559,0.000455633,0.000455707,0.000455603,0.000455587,0.000455616,0.000455613,0.000455568,0.0004556,0.00045557,0.000455679,0.000455563,0.000455569,0.000455574,0.000455635,0.000455637,0.000455573,0.000455636,0.000455502,0.000455642,0.00045559,0.000455487
0,0,0,0,0,0,0,0,0,0,0,0,0,0,0,0,0,0.000455794,0.000457298,0.000455473,0.000472241,0.000456515,0.000455357,0.000471941,0.000455297,0.000457107,0.000456499,0.000455406,0.00045547,0.000455371,0.000456508,0.000455384,0.000455375,0.00045533,0.000455362,0.000455332,0.000455441,0.000455325,0.000455331,0.000455336,0.000455397,0.000455399,0.000455335,0.000455398,0.000455264,0.000455404,0.000455352,0.000455249
0,0,0,0,0,0,0,0,0,0,0,0,0,0,0,0,0,0,0.000457023,0.000455464,0.000455537,0.000455334,0.000456357,0.000455498,0.00045596,0.000456885,0.000456279,0.000458254,0.0004555,0.000456291,0.000456291,0.000456877,0.00045536,0.000455315,0.000455346,0.000455317,0.000455426,0.00045531,0.000455315,0.00045532,0.000455389,0.000455384,0.00045532,0.000455383,0.000455249,0.000455389,0.000455337,0.000455234
0,0,0,0,0,0,0,0,0,0,0,0,0,0,0,0,0,0,0,0.000455598,0.000473434,0.000457742,0.000455469,0.000455629,0.000455438,0.000455499,0.0004555,0.000455546,0.000455612,0.000457739,0.000455498,0.000455526,0.000455518,0.000455473,0.000455504,0.000455475,0.000455584,0.000455468,0.000455473,0.000455478,0.00045554,0.000455542,0.000455478,0.000455541,0.000455407,0.000455547,0.000455495,0.000455392
0,0,0,0,0,0,0,0,0,0,0,0,0,0,0,0,0,0,0,0,0.000455691,0.000455534,0.0004556,0.00045567,0.000462335,0.000463249,0.000455576,0.000455698,0.000468487,0.00045557,0.000455554,0.000455584,0.000455573,0.000455528,0.00045556,0.00045553,0.000455639,0.000455523,0.000455528,0.000455533,0.000455595,0.000455597,0.000455533,0.000455596,0.000455462,0.000455602,0.00045555,0.000455447
0,0,0,0,0,0,0,0,0,0,0,0,0,0,0,0,0,0,0,0,0,0.000455633,0.000455555,0.000455733,0.000455528,0.000455603,0.000455601,0.000455631,0.000455705,0.000455649,0.000455598,0.000455614,0.000455611,0.000455566,0.000455598,0.000455568,0.000455677,0.000455561,0.000455567,0.000455572,0.000455633,0.000455635,0.000455571,0.000455634,0.000455501,0.00045564,0.000455588,0.000455485
0,0,0,0,0,0,0,0,0,0,0,0,0,0,0,0,0,0,0,0,0,0,0.000457074,0.000455593,0.000455375,0.000455433,0.000455434,0.000458975,0.000455597,0.00045545,0.000457016,0.000457597,0.000455454,0.000455408,0.00045544,0.00045541,0.00045552,0.000455403,0.000455409,0.000455414,0.000455484,0.000455477,0.000455413,0.000455476,0.000455343,0.000455483,0.00045543,0.000455327
0,0,0,0,0,0,0,0,0,0,0,0,0,0,0,0,0,0,0,0,0,0,0,0.000472504,0.000455358,0.000455419,0.000457063,0.000455505,0.000462918,0.000457076,0.000455413,0.000455443,0.000455437,0.000455391,0.000455423,0.000455394,0.000455503,0.000455386,0.000455392,0.000455397,0.000455458,0.00045546,0.000455396,0.000455459,0.000455326,0.000455466,0.000455413,0.00045531
0,0,0,0,0,0,0,0,0,0,0,0,0,0,0,0,0,0,0,0,0,0,0,0,0.000455507,0.000455582,0.000455609,0.00045561,0.000455724,0.000455609,0.000455577,0.000455593,0.00045559,0.000455545,0.000455577,0.000455547,0.000455656,0.00045554,0.000455546,0.000455551,0.000455612,0.000455614,0.00045555,0.000455613,0.00045548,0.000455619,0.000455567,0.000455464
0,0,0,0,0,0,0,0,0,0,0,0,0,0,0,0,0,0,0,0,0,0,0,0,0,0.000457292,0.000456665,0.000455436,0.000455584,0.000456674,0.000456674,0.000457264,0.00045541,0.000455365,0.000455396,0.000455367,0.000455476,0.00045536,0.000455365,0.00045537,0.00045544,0.000455434,0.00045537,0.000455433,0.000455299,0.000455439,0.000455387,0.000455284
0,0,0,0,0,0,0,0,0,0,0,0,0,0,0,0,0,0,0,0,0,0,0,0,0,0,0.00045759,0.000455493,0.000455655,0.000455467,0.00045545,0.000455478,0.000455472,0.000455426,0.000455458,0.000455428,0.000455537,0.000455421,0.000455427,0.000455432,0.000455493,0.000455495,0.000455431,0.000455494,0.00045536,0.0004555,0.000455448,0.000455345
0,0,0,0,0,0,0,0,0,0,0,0,0,0,0,0,0,0,0,0,0,0,0,0,0,0,0,0.000455491,0.000455577,0.000456995,0.000455447,0.000455475,0.00045547,0.000455424,0.000455456,0.000455427,0.000455536,0.000455419,0.000455425,0.00045543,0.000455491,0.000455493,0.000455429,0.000455492,0.000455359,0.000455499,0.000455446,0.000455344
0,0,0,0,0,0,0,0,0,0,0,0,0,0,0,0,0,0,0,0,0,0,0,0,0,0,0,0,0.00046481,0.000455504,0.000458973,0.00045553,0.000455513,0.000455468,0.0004555,0.00045547,0.000455579,0.000455463,0.000455468,0.000455473,0.000455535,0.000455537,0.000455473,0.000455536,0.000455402,0.000455542,0.00045549,0.000455387
0,0,0,0,0,0,0,0,0,0,0,0,0,0,0,0,0,0,0,0,0,0,0,0,0,0,0,0,0,0.00045559,0.000455598,0.00045559,0.000455588,0.000455542,0.000455574,0.000455545,0.000455654,0.000455537,0.000455543,0.000455548,0.000455609,0.000455611,0.000455547,0.00045561,0.000455477,0.000455617,0.000455564,0.000455461
0,0,0,0,0,0,0,0,0,0,0,0,0,0,0,0,0,0,0,0,0,0,0,0,0,0,0,0,0,0,0.000455459,0.000455489,0.000455483,0.000455438,0.00045547,0.00045544,0.000455549,0.000455433,0.000455439,0.000455443,0.000455505,0.000455507,0.000455443,0.000455506,0.000455372,0.000455512,0.00045546,0.000455357
0,0,0,0,0,0,0,0,0,0,0,0,0,0,0,0,0,0,0,0,0,0,0,0,0,0,0,0,0,0,0,0.000457596,0.000455467,0.000455422,0.000455454,0.000455424,0.000455533,0.000455417,0.000455422,0.000455427,0.000455498,0.000455491,0.000455427,0.00045549,0.000455356,0.000455496,0.000455444,0.000455341
0,0,0,0,0,0,0,0,0,0,0,0,0,0,0,0,0,0,0,0,0,0,0,0,0,0,0,0,0,0,0,0,0.000455496,0.000455461,0.000455483,0.000455453,0.000455562,0.000455446,0.000455462,0.000455456,0.00045945,0.00045552,0.000455466,0.000455519,0.000455385,0.000455525,0.000455473,0.00045537
0,0,0,0,0,0,0,0,0,0,0,0,0,0,0,0,0,0,0,0,0,0,0,0,0,0,0,0,0,0,0,0,0,0.00045545,0.000455495,0.000457592,0.000455565,0.000457263,0.000455452,0.000455457,0.000455515,0.000459442,0.000455456,0.000455519,0.000457063,0.000455531,0.000455478,0.000456946
0,0,0,0,0,0,0,0,0,0,0,0,0,0,0,0,0,0,0,0,0,0,0,0,0,0,0,0,0,0,0,0,0,0,0.000455438,0.000455407,0.000455514,0.000456685,0.000457017,0.000455415,0.000458871,0.000455472,0.000457012,0.000458826,0.000455347,0.000455477,0.000456986,0.000455328
0,0,0,0,0,0,0,0,0,0,0,0,0,0,0,0,0,0,0,0,0,0,0,0,0,0,0,0,0,0,0,0,0,0,0,0.00045546,0.0004556,0.000455437,0.000457615,0.000457625,0.000455508,0.00045947,0.000455444,0.000455512,0.000457094,0.000459608,0.000455462,0.000455375
0,0,0,0,0,0,0,0,0,0,0,0,0,0,0,0,0,0,0,0,0,0,0,0,0,0,0,0,0,0,0,0,0,0,0,0,0.000455556,0.000455407,0.000455407,0.000455414,0.000455472,0.000458866,0.000455412,0.000455476,0.000456483,0.000458995,0.000456987,0.00045637
0,0,0,0,0,0,0,0,0,0,0,0,0,0,0,0,0,0,0,0,0,0,0,0,0,0,0,0,0,0,0,0,0,0,0,0,0,0.000455524,0.000455515,0.000462252,0.000455581,0.000455583,0.000455534,0.000455588,0.000461723,0.000464233,0.000455552,0.000455475
0,0,0,0,0,0,0,0,0,0,0,0,0,0,0,0,0,0,0,0,0,0,0,0,0,0,0,0,0,0,0,0,0,0,0,0,0,0,0.000456683,0.000456693,0.000455475,0.000455477,0.000455408,0.000455478,0.000456163,0.000455474,0.000456671,0.000456041
0,0,0,0,0,0,0,0,0,0,0,0,0,0,0,0,0,0,0,0,0,0,0,0,0,0,0,0,0,0,0,0,0,0,0,0,0,0,0,0.000455416,0.000458865,0.000455483,0.000455427,0.00045882,0.000455347,0.000455489,0.00045543,0.000456356
0,0,0,0,0,0,0,0,0,0,0,0,0,0,0,0,0,0,0,0,0,0,0,0,0,0,0,0,0,0,0,0,0,0,0,0,0,0,0,0,0.000455481,0.000455488,0.000457007,0.000455482,0.000455363,0.000455531,0.000456996,0.000456369
0,0,0,0,0,0,0,0,0,0,0,0,0,0,0,0,0,0,0,0,0,0,0,0,0,0,0,0,0,0,0,0,0,0,0,0,0,0,0,0,0,0.000455539,0.000458863,0.000455562,0.000455409,0.000455544,0.000455497,0.000455398
0,0,0,0,0,0,0,0,0,0,0,0,0,0,0,0,0,0,0,0,0,0,0,0,0,0,0,0,0,0,0,0,0,0,0,0,0,0,0,0,0,0,0.000455479,0.00045554,0.000455426,0.000455571,0.000455501,0.000458223
0,0,0,0,0,0,0,0,0,0,0,0,0,0,0,0,0,0,0,0,0,0,0,0,0,0,0,0,0,0,0,0,0,0,0,0,0,0,0,0,0,0,0,0.00045882,0.000456481,0.000455484,0.000455437,0.000456354
0,0,0,0,0,0,0,0,0,0,0,0,0,0,0,0,0,0,0,0,0,0,0,0,0,0,0,0,0,0,0,0,0,0,0,0,0,0,0,0,0,0,0,0,0.000458299,0.000455545,0.000455501,0.000455399
0,0,0,0,0,0,0,0,0,0,0,0,0,0,0,0,0,0,0,0,0,0,0,0,0,0,0,0,0,0,0,0,0,0,0,0,0,0,0,0,0,0,0,0,0,0.000455457,0.000456466,0.000455261
0,0,0,0,0,0,0,0,0,0,0,0,0,0,0,0,0,0,0,0,0,0,0,0,0,0,0,0,0,0,0,0,0,0,0,0,0,0,0,0,0,0,0,0,0,0,0.000455507,0.000458354
0,0,0,0,0,0,0,0,0,0,0,0,0,0,0,0,0,0,0,0,0,0,0,0,0,0,0,0,0,0,0,0,0,0,0,0,0,0,0,0,0,0,0,0,0,0,0,0.000456344
0,0,0,0,0,0,0,0,0,0,0,0,0,0,0,0,0,0,0,0,0,0,0,0,0,0,0,0,0,0,0,0,0,0,0,0,0,0,0,0,0,0,0,0,0,0,0,0
