# # np.logspace(-2, 2., num = num_time_points)
0,7.4676e-05,2.61837e-05,3.22161e-05,3.44026e-05,8.97676e-05,0.000123389,7.63467e-05,3.78616e-05,7.5744e-05,0.000110138,2.7656e-05,2.5915e-05,6.79481e-05,0.000128043,7.31429e-05,3.65425e-05,8.85868e-05,8.01233e-05,0.000105699,3.77668e-05,5.27931e-05,0.000123333,5.3672e-05,9.49252e-05,7.35683e-05,0.000109049,4.00643e-05,5.34452e-05,3.98679e-05,7.53799e-05,0.000126344,7.13397e-05,7.65063e-05,6.51162e-05,6.91648e-05,9.67348e-05,0.000140857,3.26722e-05,0.000127509,9.25269e-05,3.48574e-05,4.03075e-05,8.25488e-05,3.4521e-05,2.53223e-05,3.1086e-05,7.12383e-05
0,0,7.10139e-05,6.45836e-05,7.51573e-05,0.000107348,0.000147496,0.000104751,6.73033e-05,8.76339e-05,0.000135578,6.15438e-05,6.08827e-05,8.9026e-05,0.000140188,8.52598e-05,6.54491e-05,0.000103092,8.8753e-05,0.000118722,6.61575e-05,7.57152e-05,0.000133804,7.63405e-05,0.000109301,9.07455e-05,0.000121728,6.74751e-05,7.56733e-05,6.73732e-05,9.22058e-05,0.0001375,8.9676e-05,9.38405e-05,8.48113e-05,8.7958e-05,0.000110952,0.000150975,6.34058e-05,0.000138605,0.000107304,6.4559e-05,6.76573e-05,9.88289e-05,6.43779e-05,5.99503e-05,6.26032e-05,8.95976e-05
0,0,0,2.47803e-05,2.60159e-05,9.9848e-05,0.000121714,7.43648e-05,3.12155e-05,6.15288e-05,0.000109345,1.66066e-05,1.36757e-05,7.47613e-05,0.000127644,6.05551e-05,2.97598e-05,8.49667e-05,6.5526e-05,0.000103422,3.12892e-05,4.83197e-05,0.000120383,4.92942e-05,9.24587e-05,6.9481e-05,0.000106861,3.39831e-05,4.81732e-05,3.3783e-05,7.13773e-05,0.000124546,6.81489e-05,7.35428e-05,6.16072e-05,6.58718e-05,9.44083e-05,0.000139269,2.49561e-05,0.000125754,9.0092e-05,2.77556e-05,3.43515e-05,7.981e-05,2.73319e-05,1.40195e-05,2.28402e-05,6.80458e-05
0,0,0,0,3.98956e-05,0.000102128,0.000124259,7.5525e-05,3.62104e-05,6.44251e-05,0.000110629,2.61816e-05,3.04235e-05,6.72802e-05,0.000143693,6.5729e-05,3.55719e-05,8.71705e-05,6.82985e-05,0.000105261,3.68754e-05,5.21011e-05,0.00012195,5.3021e-05,9.45065e-05,7.21599e-05,0.000108641,3.91883e-05,5.19635e-05,3.90148e-05,7.40028e-05,0.000126712,7.08796e-05,7.60801e-05,6.46149e-05,6.8693e-05,9.6398e-05,0.000140626,3.16613e-05,0.000127254,9.21748e-05,3.39117e-05,3.94925e-05,8.2154e-05,3.35659e-05,2.40038e-05,3.00218e-05,7.07804e-05
0,0,0,0,0,9.17188e-05,0.000123236,7.55653e-05,3.74728e-05,6.54639e-05,0.000123391,2.66705e-05,2.66217e-05,6.84831e-05,0.000130255,7.33209e-05,3.62613e-05,8.74582e-05,6.87806e-05,0.000105478,3.75275e-05,5.25741e-05,0.000122155,5.34718e-05,9.47521e-05,7.25062e-05,0.000108852,3.98015e-05,5.24417e-05,3.96307e-05,7.4326e-05,0.000126284,7.12285e-05,7.64053e-05,6.49975e-05,6.90531e-05,9.66548e-05,0.000140802,3.24351e-05,0.000127449,9.24434e-05,3.46353e-05,4.01155e-05,8.24553e-05,3.42967e-05,2.50155e-05,3.08367e-05,7.11299e-05
0,0,0,0,0,0,0.000160599,0.000124198,9.16887e-05,0.000106627,0.00014915,8.80729e-05,8.94818e-05,0.000109959,0.000167013,0.000116283,8.97949e-05,0.000119986,0.000107119,0.000133705,9.03294e-05,9.75307e-05,0.000147206,9.80314e-05,0.000125415,0.000109568,0.000136381,9.12976e-05,9.74595e-05,9.12232e-05,0.000110793,0.000151102,0.000108727,0.000112186,0.000104751,0.000107314,0.000126847,0.000163013,8.83179e-05,0.000151629,0.000123668,8.91494e-05,9.14181e-05,0.000116391,8.90184e-05,8.58708e-05,8.77435e-05,0.000108662
0,0,0,0,0,0,0,0.000153743,0.00013889,0.000150252,0.000174159,0.000137749,0.00013626,0.000137497,0.000186784,0.000134961,0.000121747,0.000145453,0.000135101,0.00015696,0.000122147,0.00012756,0.00016861,0.000127946,0.000149962,0.000136985,0.000159246,0.000122865,0.000127508,0.000122809,0.000137969,0.000172024,0.000136311,0.000139086,0.000133161,0.000135187,0.00015116,0.000182572,0.000120662,0.000172483,0.000148502,0.000121271,0.000122949,0.000142499,0.000121175,0.000118882,0.000120242,0.00013626
0,0,0,0,0,0,0,0,7.87964e-05,0.000105508,0.00013092,7.4334e-05,7.22871e-05,0.000106978,0.000158196,9.34628e-05,7.59383e-05,0.000110003,9.58407e-05,0.000124821,7.65653e-05,8.49456e-05,0.000139189,8.55169e-05,0.000115898,9.85339e-05,0.000127684,7.77053e-05,8.4865e-05,7.76179e-05,9.98921e-05,0.000143264,9.75965e-05,0.000101436,9.31463e-05,9.60203e-05,0.000117447,0.00015581,7.41862e-05,0.000143857,0.000114006,7.51741e-05,7.78512e-05,0.000106068,7.50187e-05,7.12554e-05,7.35014e-05,9.75246e-05
0,0,0,0,0,0,0,0,0,7.91094e-05,0.00012567,3.30474e-05,3.0723e-05,8.07037e-05,0.000130506,6.55457e-05,4.00667e-05,8.91006e-05,7.07985e-05,0.000106845,4.12158e-05,5.52675e-05,0.000123336,5.61216e-05,9.62719e-05,7.44798e-05,0.000110177,4.32964e-05,5.51393e-05,4.31396e-05,7.62519e-05,0.000127399,7.32391e-05,7.82831e-05,6.71948e-05,7.11252e-05,9.8146e-05,0.00014183,3.66402e-05,0.000128583,9.40014e-05,3.86014e-05,4.35858e-05,8.41982e-05,3.82979e-05,3.02696e-05,3.52331e-05,7.31432e-05
0,0,0,0,0,0,0,0,0,0,0.000136031,7.33874e-05,6.19092e-05,8.94954e-05,0.000141811,8.4919e-05,6.64719e-05,0.000103744,8.95142e-05,0.00011929,6.71703e-05,7.6601e-05,0.000134307,7.72199e-05,0.000109918,9.1486e-05,0.000122282,6.84684e-05,7.65601e-05,6.8368e-05,9.29353e-05,0.000138023,9.04251e-05,9.45566e-05,8.56029e-05,8.87216e-05,0.000111559,0.000151421,6.44609e-05,0.000139091,0.00010793,6.55955e-05,6.86471e-05,9.95091e-05,6.54174e-05,6.10651e-05,6.36716e-05,9.03474e-05
0,0,0,0,0,0,0,0,0,0,0,0.000108955,0.000107071,0.000137072,0.000177045,0.000123458,0.000108785,0.00013479,0.000123534,0.000147132,0.000109229,0.000115253,0.000159503,0.000115679,0.000139643,0.000125605,0.000149569,0.000110031,0.000115195,0.000109969,0.000126676,0.000163071,0.00012487,0.000127894,0.000121424,0.000123642,0.00014093,0.000174196,0.000107569,0.000163592,0.000138076,0.000108253,0.000110129,0.000131598,0.000108145,0.000105569,0.000107098,0.000124814
0,0,0,0,0,0,0,0,0,0,0,0,1.67391e-05,6.48686e-05,0.000142926,6.00499e-05,3.10322e-05,8.54214e-05,6.61081e-05,0.000103817,3.25166e-05,4.9114e-05,0.000120707,5.00888e-05,9.28951e-05,7.00361e-05,0.000107243,3.51181e-05,4.89701e-05,3.49244e-05,7.19346e-05,0.000125573,6.87136e-05,7.40663e-05,6.22312e-05,6.64558e-05,9.48167e-05,0.000139547,2.64591e-05,0.00012606,9.05198e-05,2.91144e-05,3.54584e-05,8.02927e-05,2.87108e-05,1.65476e-05,2.44734e-05,6.86113e-05
0,0,0,0,0,0,0,0,0,0,0,0,0,6.44655e-05,0.000129121,6.94648e-05,2.95429e-05,8.48911e-05,6.54285e-05,0.000103361,3.10838e-05,4.81865e-05,0.00012033,4.91645e-05,9.23901e-05,6.93885e-05,0.000106802,3.37942e-05,4.80396e-05,3.3593e-05,7.12882e-05,0.000124545,6.80544e-05,7.34553e-05,6.15027e-05,6.57741e-05,9.43402e-05,0.000139223,2.4697e-05,0.000125702,9.00205e-05,2.75229e-05,3.41638e-05,7.97294e-05,2.70955e-05,1.35529e-05,2.25568e-05,6.79512e-05
0,0,0,0,0,0,0,0,0,0,0,0,0,0,0.000154945,9.74265e-05,6.85146e-05,0.000105014,9.00211e-05,0.000120449,6.92073e-05,7.83798e-05,0.000135281,7.89977e-05,0.000111175,9.29314e-05,0.000123414,7.04665e-05,7.82905e-05,7.03701e-05,9.43698e-05,0.000139487,9.19387e-05,9.60052e-05,8.72003e-05,9.02638e-05,0.000112789,0.00015233,6.65676e-05,0.00014008,0.000109202,6.76669e-05,7.0629e-05,0.000100887,6.74942e-05,6.32849e-05,6.58036e-05,9.18623e-05
0,0,0,0,0,0,0,0,0,0,0,0,0,0,0,0.000152693,0.000127502,0.000150293,0.000140229,0.000161916,0.000128459,0.000133052,0.000172848,0.000133942,0.00015509,0.000142118,0.000164102,0.000129147,0.000133017,0.000129091,0.000143523,0.000187371,0.00014142,0.000144095,0.000138385,0.000140335,0.000155781,0.000186416,0.000126403,0.000176547,0.000153204,0.000126985,0.000128588,0.000147392,0.000126893,0.000124705,0.000126002,0.000141369
0,0,0,0,0,0,0,0,0,0,0,0,0,0,0,0,6.41586e-05,0.000102277,8.77917e-05,0.000118029,6.48949e-05,7.46025e-05,0.000133179,7.525e-05,0.000108546,8.98191e-05,0.000121052,6.62379e-05,7.45595e-05,6.61341e-05,9.13066e-05,0.000137397,8.87378e-05,9.29444e-05,8.38186e-05,8.70012e-05,0.000110195,0.00015042,6.20718e-05,0.000138,0.000106521,6.32493e-05,6.64088e-05,9.79783e-05,6.30645e-05,5.85376e-05,6.12517e-05,8.86586e-05
0,0,0,0,0,0,0,0,0,0,0,0,0,0,0,0,0,0.000103043,7.21071e-05,0.000108355,5.04607e-05,5.57699e-05,0.000141313,5.61096e-05,9.774e-05,7.59421e-05,0.00012593,4.43308e-05,5.58063e-05,4.43007e-05,7.70468e-05,0.00012968,7.30846e-05,7.8104e-05,6.69873e-05,7.09281e-05,9.80043e-05,0.000141732,3.62559e-05,0.000128476,9.38523e-05,3.82369e-05,4.32633e-05,8.40318e-05,3.79304e-05,2.98046e-05,3.48333e-05,7.29515e-05
0,0,0,0,0,0,0,0,0,0,0,0,0,0,0,0,0,0,0.000120697,0.000135994,9.15849e-05,9.83361e-05,0.000161778,9.84988e-05,0.00012705,0.000122531,0.000151373,9.20411e-05,0.000109913,0.000103662,0.000112456,0.000152039,0.000108092,0.000111505,0.000104023,0.000106602,0.000126247,0.000162546,8.74505e-05,0.000151127,0.00012305,8.82902e-05,9.05804e-05,0.000115735,8.81579e-05,8.49822e-05,8.68704e-05,0.000107959
0,0,0,0,0,0,0,0,0,0,0,0,0,0,0,0,0,0,0,0.000124251,7.20302e-05,8.16619e-05,0.000151113,8.19141e-05,0.000114138,0.000107775,0.000126861,7.39695e-05,9.23333e-05,7.3326e-05,0.000109022,0.000141111,9.35191e-05,9.74532e-05,8.87943e-05,9.18024e-05,0.000114026,0.000153249,6.86393e-05,0.000141078,0.000110477,6.9706e-05,7.2585e-05,0.000102266,6.95384e-05,6.54642e-05,6.78987e-05,9.33747e-05
0,0,0,0,0,0,0,0,0,0,0,0,0,0,0,0,0,0,0,0,0.000121729,0.000116007,0.000160761,0.000129144,0.000152574,0.000137315,0.000151071,0.000109825,0.000128182,0.00012237,0.000138765,0.00017722,0.000123186,0.000126137,0.000119575,0.000121824,0.00013934,0.000172913,0.000105474,0.000162225,0.000136449,0.000106171,0.000108083,0.000129891,0.000106061,0.00010344,0.000104993,0.000123013
0,0,0,0,0,0,0,0,0,0,0,0,0,0,0,0,0,0,0,0,0,5.66186e-05,0.000140078,5.80413e-05,9.8793e-05,7.58862e-05,0.000113403,4.53437e-05,5.66075e-05,4.52317e-05,7.86803e-05,0.000143794,7.37205e-05,7.8699e-05,6.76801e-05,7.15827e-05,9.84792e-05,0.000142061,3.75206e-05,0.000128838,9.43481e-05,3.9438e-05,4.43285e-05,8.45851e-05,3.9141e-05,3.13309e-05,3.61477e-05,7.35882e-05
0,0,0,0,0,0,0,0,0,0,0,0,0,0,0,0,0,0,0,0,0,0,0.000143696,7.92231e-05,0.00011759,9.52505e-05,0.000118719,5.81654e-05,6.86112e-05,5.75607e-05,8.66005e-05,0.000134817,9.39364e-05,8.69628e-05,7.79103e-05,8.05546e-05,0.000105972,0.000147661,5.25997e-05,0.000134917,0.000101358,5.39885e-05,5.76771e-05,9.23879e-05,5.37726e-05,4.92725e-05,5.16504e-05,8.23772e-05
0,0,0,0,0,0,0,0,0,0,0,0,0,0,0,0,0,0,0,0,0,0,0,0.00013141,0.000165017,0.000142234,0.000175668,0.000140774,0.00013159,0.000126264,0.00015414,0.000176325,0.000138529,0.00014038,0.000134551,0.000136517,0.000152382,0.000183586,0.000122149,0.000173557,0.000149715,0.000122752,0.00012441,0.000143764,0.000122657,0.000120459,0.000121735,0.00013758
0,0,0,0,0,0,0,0,0,0,0,0,0,0,0,0,0,0,0,0,0,0,0,0,0.000119498,8.58206e-05,0.000118469,5.89628e-05,7.97065e-05,5.94696e-05,8.70387e-05,0.000148732,8.38772e-05,8.7435e-05,7.77065e-05,8.10881e-05,0.00010563,0.000147121,5.34674e-05,0.000134394,0.00010175,5.48301e-05,5.84473e-05,9.27712e-05,5.46169e-05,4.93752e-05,5.2514e-05,8.28652e-05
0,0,0,0,0,0,0,0,0,0,0,0,0,0,0,0,0,0,0,0,0,0,0,0,0,0.000117145,0.000153976,9.95752e-05,0.000117654,9.96313e-05,0.000117902,0.000168861,0.000114937,0.000117318,0.000110269,0.000112667,0.000131441,0.000166618,9.4749e-05,0.000155497,0.000128342,9.55247e-05,9.76461e-05,0.000121347,9.54025e-05,9.25376e-05,9.42149e-05,0.000113953
0,0,0,0,0,0,0,0,0,0,0,0,0,0,0,0,0,0,0,0,0,0,0,0,0,0,0.000140259,7.77685e-05,8.5774e-05,7.81523e-05,0.000111961,0.00014415,9.71881e-05,0.000100211,9.18493e-05,9.47242e-05,0.000116425,0.00015505,7.24994e-05,0.000143031,0.000112917,7.35101e-05,7.62463e-05,0.000104899,7.33512e-05,6.95548e-05,7.17994e-05,9.62499e-05
0,0,0,0,0,0,0,0,0,0,0,0,0,0,0,0,0,0,0,0,0,0,0,0,0,0,0,0.000126516,0.000118222,0.000126644,0.000130814,0.000178024,0.000126068,0.000128971,0.000122561,0.000124756,0.000141911,0.000174991,0.000108847,0.000164438,0.000139074,0.000109523,0.000111378,0.000132645,0.000109417,0.000106877,0.000108382,0.000125918
0,0,0,0,0,0,0,0,0,0,0,0,0,0,0,0,0,0,0,0,0,0,0,0,0,0,0,0,5.75529e-05,4.71575e-05,9.06866e-05,0.000144969,7.49032e-05,7.98082e-05,6.89668e-05,7.28005e-05,9.93678e-05,0.000142678,3.97946e-05,0.000129519,9.52753e-05,4.16075e-05,4.62691e-05,8.56182e-05,4.1326e-05,3.40214e-05,3.8503e-05,7.47733e-05
0,0,0,0,0,0,0,0,0,0,0,0,0,0,0,0,0,0,0,0,0,0,0,0,0,0,0,0,0,5.86926e-05,8.668e-05,0.000135456,8.23745e-05,8.68042e-05,7.69568e-05,8.04085e-05,0.000105071,0.000146708,5.2433e-05,0.000133945,0.000101208,5.38218e-05,5.75017e-05,9.21744e-05,5.36045e-05,4.82013e-05,5.14596e-05,8.2199e-05
0,0,0,0,0,0,0,0,0,0,0,0,0,0,0,0,0,0,0,0,0,0,0,0,0,0,0,0,0,0,7.92177e-05,0.000144778,7.47867e-05,7.97232e-05,6.88675e-05,7.27073e-05,9.92987e-05,0.00014263,3.9624e-05,0.000129465,9.52041e-05,4.14443e-05,4.61224e-05,8.55389e-05,4.11617e-05,3.38205e-05,3.83266e-05,7.46826e-05
0,0,0,0,0,0,0,0,0,0,0,0,0,0,0,0,0,0,0,0,0,0,0,0,0,0,0,0,0,0,0,0.000157571,9.77644e-05,0.000101532,9.32523e-05,9.6121e-05,0.000117531,0.000155874,7.43163e-05,0.000143926,0.000114091,7.53026e-05,7.79753e-05,0.000106159,7.51475e-05,7.13945e-05,7.36328e-05,9.76237e-05
0,0,0,0,0,0,0,0,0,0,0,0,0,0,0,0,0,0,0,0,0,0,0,0,0,0,0,0,0,0,0,0,0.0001413,0.000143899,0.000138183,0.000140134,0.000155602,0.000186266,0.000126179,0.000176389,0.000153019,0.000126762,0.000128368,0.000147201,0.00012667,0.000124483,0.000125778,0.000141169
0,0,0,0,0,0,0,0,0,0,0,0,0,0,0,0,0,0,0,0,0,0,0,0,0,0,0,0,0,0,0,0,0,0.000101128,0.000104552,9.51488e-05,0.000129003,0.000169375,7.19987e-05,0.000157635,0.000114012,7.3132e-05,7.63095e-05,0.000106977,7.29789e-05,8.11008e-05,7.17353e-05,9.74352e-05
0,0,0,0,0,0,0,0,0,0,0,0,0,0,0,0,0,0,0,0,0,0,0,0,0,0,0,0,0,0,0,0,0,0,9.64732e-05,9.98713e-05,0.000133547,0.000173911,7.72903e-05,0.000160833,0.000130278,7.90403e-05,9.36583e-05,0.000109149,7.81051e-05,7.38543e-05,7.68734e-05,0.000112353
0,0,0,0,0,0,0,0,0,0,0,0,0,0,0,0,0,0,0,0,0,0,0,0,0,0,0,0,0,0,0,0,0,0,0,9.09675e-05,0.000114262,0.000154453,6.65192e-05,0.000154739,0.000110935,6.9117e-05,6.99716e-05,0.000114125,6.7624e-05,7.45804e-05,7.55375e-05,0.000102765
0,0,0,0,0,0,0,0,0,0,0,0,0,0,0,0,0,0,0,0,0,0,0,0,0,0,0,0,0,0,0,0,0,0,0,0,0.000128043,0.000170128,8.23377e-05,0.000144679,0.000112897,7.2554e-05,7.38125e-05,0.000115977,8.34315e-05,6.7058e-05,7.0052e-05,0.000106745
0,0,0,0,0,0,0,0,0,0,0,0,0,0,0,0,0,0,0,0,0,0,0,0,0,0,0,0,0,0,0,0,0,0,0,0,0,0.000184058,9.85894e-05,0.000171516,0.000143694,9.92932e-05,0.000102515,0.000125107,9.92238e-05,9.58859e-05,9.74212e-05,0.000129948
0,0,0,0,0,0,0,0,0,0,0,0,0,0,0,0,0,0,0,0,0,0,0,0,0,0,0,0,0,0,0,0,0,0,0,0,0,0,0.000159355,0.000202181,0.000180947,0.00015938,0.000161194,0.000163386,0.000145086,0.000141092,0.000145051,0.000171497
0,0,0,0,0,0,0,0,0,0,0,0,0,0,0,0,0,0,0,0,0,0,0,0,0,0,0,0,0,0,0,0,0,0,0,0,0,0,0,0.000130102,9.47275e-05,3.64133e-05,4.07964e-05,8.51447e-05,4.3473e-05,2.52298e-05,3.88244e-05,7.29549e-05
0,0,0,0,0,0,0,0,0,0,0,0,0,0,0,0,0,0,0,0,0,0,0,0,0,0,0,0,0,0,0,0,0,0,0,0,0,0,0,0,0.00016992,0.000130136,0.000147062,0.000163839,0.000144832,0.000129875,0.000129666,0.000145397
0,0,0,0,0,0,0,0,0,0,0,0,0,0,0,0,0,0,0,0,0,0,0,0,0,0,0,0,0,0,0,0,0,0,0,0,0,0,0,0,0,9.62076e-05,0.000110275,0.00013256,9.49665e-05,9.14575e-05,0.000105614,0.000114337
0,0,0,0,0,0,0,0,0,0,0,0,0,0,0,0,0,0,0,0,0,0,0,0,0,0,0,0,0,0,0,0,0,0,0,0,0,0,0,0,0,0,4.26348e-05,9.60315e-05,3.73955e-05,2.87245e-05,4.14985e-05,8.44369e-05
0,0,0,0,0,0,0,0,0,0,0,0,0,0,0,0,0,0,0,0,0,0,0,0,0,0,0,0,0,0,0,0,0,0,0,0,0,0,0,0,0,0,0,8.72974e-05,4.23537e-05,3.45551e-05,3.97013e-05,7.65257e-05
0,0,0,0,0,0,0,0,0,0,0,0,0,0,0,0,0,0,0,0,0,0,0,0,0,0,0,0,0,0,0,0,0,0,0,0,0,0,0,0,0,0,0,0,9.72365e-05,9.40677e-05,8.52113e-05,0.000106891
0,0,0,0,0,0,0,0,0,0,0,0,0,0,0,0,0,0,0,0,0,0,0,0,0,0,0,0,0,0,0,0,0,0,0,0,0,0,0,0,0,0,0,0,0,2.82783e-05,3.41097e-05,7.3266e-05
0,0,0,0,0,0,0,0,0,0,0,0,0,0,0,0,0,0,0,0,0,0,0,0,0,0,0,0,0,0,0,0,0,0,0,0,0,0,0,0,0,0,0,0,0,0,2.38672e-05,6.93984e-05
0,0,0,0,0,0,0,0,0,0,0,0,0,0,0,0,0,0,0,0,0,0,0,0,0,0,0,0,0,0,0,0,0,0,0,0,0,0,0,0,0,0,0,0,0,0,0,7.28212e-05
0,0,0,0,0,0,0,0,0,0,0,0,0,0,0,0,0,0,0,0,0,0,0,0,0,0,0,0,0,0,0,0,0,0,0,0,0,0,0,0,0,0,0,0,0,0,0,0
