# # np.logspace(-2, 2., num = num_time_points)
0,0.000622218,0.000619862,0.000620752,0.000620816,0.000622201,0.000622528,0.000622018,0.000621076,0.000622236,0.000622413,0.000620238,0.000619762,0.00062188,0.000622583,0.000622193,0.000621055,0.00062219,0.000622311,0.000622391,0.000621122,0.000621606,0.000622544,0.000621625,0.000622285,0.00062199,0.000622427,0.000621227,0.0006216,0.000621221,0.000622019,0.000622582,0.000621965,0.000622051,0.000621847,0.000621925,0.000622308,0.000622693,0.00062081,0.000622592,0.000622255,0.000620964,0.000621238,0.000622117,0.000620938,0.000619865,0.000620685,0.000621965
0,0,0.000621393,0.000621731,0.000622199,0.000623178,0.000623714,0.000623252,0.000622054,0.000622814,0.000623609,0.000621217,0.000620742,0.000622857,0.000623559,0.000622766,0.000622033,0.000623166,0.000622897,0.000623367,0.0006221,0.000622583,0.00062352,0.000622603,0.000623261,0.000622967,0.000623403,0.000622205,0.000622577,0.000622199,0.000622995,0.000623557,0.000622942,0.000623027,0.000622824,0.000622901,0.000623284,0.000623668,0.000621788,0.000623568,0.000623231,0.000621943,0.000622216,0.000623094,0.000621916,0.000620845,0.000621664,0.000622941
0,0,0,0.000619776,0.000619839,0.000621739,0.000621554,0.000621043,0.0006201,0.000620862,0.000621439,0.00061926,0.000618784,0.00062145,0.000621609,0.000620814,0.000620079,0.000621216,0.000620946,0.000621417,0.000620146,0.000620631,0.000621571,0.00062065,0.00062131,0.000621016,0.000621453,0.000620251,0.000620625,0.000620245,0.000621044,0.000621608,0.00062099,0.000621076,0.000620873,0.00062095,0.000621334,0.000621719,0.000619833,0.000621619,0.000621281,0.000619988,0.000620262,0.000621143,0.000619962,0.000618888,0.000619709,0.00062099
0,0,0,0,0.000621268,0.00062249,0.000622443,0.000621932,0.00062099,0.000621752,0.000622328,0.000620152,0.000620376,0.000621795,0.000622838,0.000621704,0.000620969,0.000622104,0.000621835,0.000622306,0.000621037,0.00062152,0.000622459,0.00062154,0.000622199,0.000621905,0.000622342,0.000621141,0.000621515,0.000621135,0.000621933,0.000622496,0.00062188,0.000621965,0.000621762,0.000621839,0.000622223,0.000622607,0.000620724,0.000622507,0.00062217,0.000620879,0.000621152,0.000622032,0.000620853,0.00061978,0.0006206,0.000621879
0,0,0,0,0,0.000622179,0.000622505,0.000621995,0.000621053,0.000621814,0.000622736,0.000620215,0.00061974,0.000621858,0.000622561,0.000622174,0.000621032,0.000622167,0.000621898,0.000622369,0.0006211,0.000621583,0.000622522,0.000621603,0.000622262,0.000621968,0.000622404,0.000621204,0.000621578,0.000621198,0.000621996,0.000622559,0.000621942,0.000622028,0.000621825,0.000621902,0.000622285,0.00062267,0.000620787,0.00062257,0.000622233,0.000620942,0.000621215,0.000622095,0.000620915,0.000619843,0.000620663,0.000621942
0,0,0,0,0,0,0.000624058,0.000623596,0.000622438,0.000623198,0.000623953,0.000621602,0.000621128,0.000623241,0.000624108,0.000623393,0.000622417,0.00062355,0.000623281,0.000623751,0.000622484,0.000622967,0.000623903,0.000622987,0.000623644,0.000623351,0.000623786,0.000622589,0.000622962,0.000622583,0.000623379,0.000623941,0.000623325,0.000623411,0.000623208,0.000623285,0.000623668,0.000624052,0.000622173,0.000623951,0.000623615,0.000622327,0.0006226,0.000623477,0.000622301,0.000621231,0.000622049,0.000623325
0,0,0,0,0,0,0,0.000623893,0.000623065,0.000623732,0.000624249,0.000622351,0.000621954,0.000623567,0.000624404,0.000623476,0.000622744,0.000623876,0.000623607,0.000624077,0.000622811,0.000623294,0.000624229,0.000623313,0.00062397,0.000623677,0.000624113,0.000622916,0.000623288,0.00062291,0.000623706,0.000624267,0.000623652,0.000623737,0.000623534,0.000623612,0.000623994,0.000624377,0.0006225,0.000624277,0.000623941,0.000622654,0.000622927,0.000623804,0.000622628,0.000621558,0.000622376,0.000623652
0,0,0,0,0,0,0,0,0.000622255,0.00062327,0.000623589,0.000621418,0.000620943,0.000623309,0.000623943,0.000622967,0.000622234,0.000623367,0.000623098,0.000623568,0.000622301,0.000622784,0.00062372,0.000622803,0.000623461,0.000623167,0.000623603,0.000622405,0.000622778,0.000622399,0.000623196,0.000623758,0.000623142,0.000623228,0.000623025,0.000623102,0.000623485,0.000623869,0.000621989,0.000623768,0.000623432,0.000622143,0.000622417,0.000623294,0.000622117,0.000621047,0.000621865,0.000623142
0,0,0,0,0,0,0,0,0,0.000622441,0.00062296,0.000620476,0.00062,0.00062248,0.00062282,0.000622026,0.000621292,0.000622427,0.000622158,0.000622628,0.00062136,0.000621843,0.000622781,0.000621863,0.000622522,0.000622227,0.000622664,0.000621464,0.000621838,0.000621458,0.000622256,0.000622819,0.000622202,0.000622288,0.000622085,0.000622162,0.000622545,0.00062293,0.000621047,0.000622829,0.000622492,0.000621202,0.000621475,0.000622354,0.000621176,0.000620103,0.000620923,0.000622202
0,0,0,0,0,0,0,0,0,0,0.000623627,0.000621726,0.000620763,0.000622878,0.000623579,0.000622787,0.000622054,0.000623187,0.000622918,0.000623388,0.000622121,0.000622604,0.00062354,0.000622623,0.000623281,0.000622987,0.000623423,0.000622225,0.000622598,0.000622219,0.000623016,0.000623578,0.000622962,0.000623048,0.000622845,0.000622922,0.000623305,0.000623689,0.000621809,0.000623589,0.000623252,0.000621963,0.000622236,0.000623114,0.000621937,0.000620866,0.000621685,0.000622962
0,0,0,0,0,0,0,0,0,0,0,0.000621814,0.000621339,0.000623666,0.0006243,0.000623361,0.000622629,0.000623761,0.000623492,0.000623962,0.000622696,0.000623179,0.000624115,0.000623198,0.000623856,0.000623562,0.000623998,0.0006228,0.000623173,0.000622794,0.000623591,0.000624152,0.000623537,0.000623622,0.000623419,0.000623497,0.000623879,0.000624263,0.000622384,0.000624163,0.000623826,0.000622539,0.000622812,0.000623689,0.000622513,0.000621443,0.00062226,0.000623537
0,0,0,0,0,0,0,0,0,0,0,0,0.00061916,0.000621281,0.000622402,0.000621189,0.000620455,0.000621591,0.000621321,0.000621792,0.000620522,0.000621006,0.000621945,0.000621026,0.000621685,0.000621391,0.000621828,0.000620627,0.000621001,0.000620621,0.00062142,0.000621983,0.000621366,0.000621451,0.000621248,0.000621325,0.000621709,0.000622094,0.000620209,0.000621994,0.000621656,0.000620364,0.000620638,0.000621518,0.000620338,0.000619264,0.000620085,0.000621365
0,0,0,0,0,0,0,0,0,0,0,0,0,0.000620806,0.00062151,0.000621285,0.000619979,0.000621116,0.000620846,0.000621318,0.000620047,0.000620531,0.000621471,0.000620551,0.000621211,0.000620916,0.000621354,0.000620151,0.000620525,0.000620145,0.000620945,0.000621509,0.000620891,0.000620977,0.000620773,0.000620851,0.000621234,0.00062162,0.000619733,0.000621519,0.000621181,0.000619888,0.000620162,0.000621043,0.000619862,0.000618788,0.000619609,0.000620891
0,0,0,0,0,0,0,0,0,0,0,0,0,0,0.000623821,0.000623105,0.000622097,0.00062323,0.000622961,0.000623431,0.000622164,0.000622647,0.000623584,0.000622666,0.000623324,0.00062303,0.000623466,0.000622268,0.000622641,0.000622262,0.000623059,0.000623621,0.000623005,0.000623091,0.000622888,0.000622965,0.000623348,0.000623732,0.000621852,0.000623632,0.000623295,0.000622006,0.000622279,0.000623157,0.00062198,0.000620909,0.000621728,0.000623005
0,0,0,0,0,0,0,0,0,0,0,0,0,0,0,0.00062374,0.000622799,0.000623931,0.000623662,0.000624132,0.000622866,0.000623349,0.000624284,0.000623368,0.000624025,0.000623732,0.000624167,0.000622971,0.000623343,0.000622965,0.00062376,0.000624454,0.000623707,0.000623792,0.000623589,0.000623667,0.000624049,0.000624432,0.000622555,0.000624332,0.000623996,0.000622709,0.000622982,0.000623859,0.000622683,0.000621613,0.000622431,0.000623707
0,0,0,0,0,0,0,0,0,0,0,0,0,0,0,0,0.000622006,0.000623139,0.00062287,0.00062334,0.000622073,0.000622556,0.000623493,0.000622575,0.000623233,0.000622939,0.000623376,0.000622177,0.00062255,0.000622171,0.000622968,0.00062353,0.000622914,0.000623,0.000622797,0.000622874,0.000623257,0.000623641,0.000621761,0.000623541,0.000623204,0.000621915,0.000622188,0.000623066,0.000621889,0.000620818,0.000621637,0.000622914
0,0,0,0,0,0,0,0,0,0,0,0,0,0,0,0,0,0.00062274,0.000622137,0.000622608,0.000621794,0.000621823,0.000623063,0.000621842,0.000622501,0.000622207,0.000622955,0.000621444,0.000621817,0.000621438,0.000622235,0.000622798,0.000622181,0.000622267,0.000622064,0.000622141,0.000622524,0.000622909,0.000621027,0.000622809,0.000622471,0.000621181,0.000621455,0.000622334,0.000621155,0.000620083,0.000620902,0.000622181
0,0,0,0,0,0,0,0,0,0,0,0,0,0,0,0,0,0,0.0006235,0.00062374,0.000622473,0.000622956,0.000624063,0.000622976,0.000623633,0.000623562,0.000623956,0.000622578,0.000623216,0.000622884,0.000623368,0.00062393,0.000623314,0.0006234,0.000623197,0.000623274,0.000623657,0.00062404,0.000622161,0.00062394,0.000623604,0.000622316,0.000622589,0.000623466,0.00062229,0.000621219,0.000622037,0.000623314
0,0,0,0,0,0,0,0,0,0,0,0,0,0,0,0,0,0,0,0.000623471,0.000622204,0.000622687,0.000623821,0.000622707,0.000623365,0.00062332,0.000623507,0.000622309,0.000622974,0.000622303,0.000623346,0.000623661,0.000623045,0.000623131,0.000622928,0.000623005,0.000623388,0.000623772,0.000621892,0.000623672,0.000623335,0.000622047,0.00062232,0.000623198,0.00062202,0.00062095,0.000621768,0.000623045
0,0,0,0,0,0,0,0,0,0,0,0,0,0,0,0,0,0,0,0,0.000622981,0.000623157,0.000624093,0.00062342,0.000624009,0.000623744,0.000623976,0.000622779,0.000623398,0.000623066,0.00062377,0.000624279,0.000623515,0.000623601,0.000623398,0.000623475,0.000623857,0.000624241,0.000622363,0.000624141,0.000623805,0.000622517,0.00062279,0.000623667,0.000622491,0.000621421,0.000622239,0.000623515
0,0,0,0,0,0,0,0,0,0,0,0,0,0,0,0,0,0,0,0,0,0.00062189,0.000623121,0.000621909,0.000622568,0.000622274,0.000622711,0.000621511,0.000621884,0.000621505,0.000622303,0.000623155,0.000622249,0.000622334,0.000622131,0.000622208,0.000622592,0.000622976,0.000621094,0.000622876,0.000622539,0.000621248,0.000621522,0.000622401,0.000621222,0.00062015,0.00062097,0.000622248
0,0,0,0,0,0,0,0,0,0,0,0,0,0,0,0,0,0,0,0,0,0,0.000623543,0.000622717,0.000623306,0.000623041,0.000623193,0.000621994,0.000622367,0.000621988,0.000622785,0.000623348,0.000623019,0.000622817,0.000622614,0.000622691,0.000623074,0.000623458,0.000621578,0.000623358,0.000623021,0.000621732,0.000622005,0.000622884,0.000621706,0.000620635,0.000621454,0.000622731
0,0,0,0,0,0,0,0,0,0,0,0,0,0,0,0,0,0,0,0,0,0,0,0.00062333,0.000624148,0.000623693,0.000624277,0.000623211,0.000623304,0.000622926,0.000623909,0.000624283,0.000623668,0.000623754,0.000623551,0.000623628,0.00062401,0.000624394,0.000622516,0.000624294,0.000623957,0.00062267,0.000622943,0.00062382,0.000622644,0.000621574,0.000622392,0.000623668
0,0,0,0,0,0,0,0,0,0,0,0,0,0,0,0,0,0,0,0,0,0,0,0,0.000623324,0.000622776,0.000623213,0.000622014,0.000622712,0.000622008,0.000622805,0.000623594,0.000622751,0.000622837,0.000622634,0.000622711,0.000623094,0.000623478,0.000621597,0.000623378,0.000623041,0.000621752,0.000622025,0.000622903,0.000621725,0.000620654,0.000621473,0.000622751
0,0,0,0,0,0,0,0,0,0,0,0,0,0,0,0,0,0,0,0,0,0,0,0,0,0.000623434,0.000624041,0.000622672,0.000623301,0.000622666,0.000623463,0.000624182,0.000623409,0.000623494,0.000623292,0.000623369,0.000623751,0.000624135,0.000622256,0.000624035,0.000623698,0.000622411,0.000622683,0.000623561,0.000622384,0.000621314,0.000622132,0.000623409
0,0,0,0,0,0,0,0,0,0,0,0,0,0,0,0,0,0,0,0,0,0,0,0,0,0,0.000623777,0.000622378,0.000622751,0.000622372,0.000623408,0.000623731,0.000623115,0.000623201,0.000622998,0.000623075,0.000623457,0.000623841,0.000621962,0.000623741,0.000623405,0.000622116,0.000622389,0.000623267,0.00062209,0.000621019,0.000621838,0.000623115
0,0,0,0,0,0,0,0,0,0,0,0,0,0,0,0,0,0,0,0,0,0,0,0,0,0,0,0.000623104,0.000623187,0.000623099,0.000623605,0.000624311,0.000623551,0.000623637,0.000623434,0.000623511,0.000623893,0.000624277,0.000622399,0.000624177,0.00062384,0.000622553,0.000622826,0.000623703,0.000622527,0.000621457,0.000622275,0.000623551
0,0,0,0,0,0,0,0,0,0,0,0,0,0,0,0,0,0,0,0,0,0,0,0,0,0,0,0,0.000621989,0.000621609,0.000622735,0.000623246,0.000622353,0.000622439,0.000622235,0.000622313,0.000622696,0.00062308,0.000621198,0.00062298,0.000622643,0.000621353,0.000621626,0.000622505,0.000621327,0.000620255,0.000621074,0.000622353
0,0,0,0,0,0,0,0,0,0,0,0,0,0,0,0,0,0,0,0,0,0,0,0,0,0,0,0,0,0.000621983,0.00062278,0.000623342,0.000622726,0.000622811,0.000622608,0.000622686,0.000623068,0.000623453,0.000621572,0.000623352,0.000623016,0.000621726,0.000622,0.000622878,0.0006217,0.000620629,0.000621448,0.000622726
0,0,0,0,0,0,0,0,0,0,0,0,0,0,0,0,0,0,0,0,0,0,0,0,0,0,0,0,0,0,0.000622401,0.00062324,0.000622347,0.000622433,0.000622229,0.000622307,0.00062269,0.000623074,0.000621192,0.000622974,0.000622637,0.000621347,0.00062162,0.000622499,0.000621321,0.000620249,0.000621068,0.000622347
0,0,0,0,0,0,0,0,0,0,0,0,0,0,0,0,0,0,0,0,0,0,0,0,0,0,0,0,0,0,0,0.000623944,0.000623144,0.000623229,0.000623026,0.000623104,0.000623486,0.00062387,0.000621991,0.00062377,0.000623433,0.000622145,0.000622418,0.000623296,0.000622119,0.000621048,0.000621867,0.000623144
0,0,0,0,0,0,0,0,0,0,0,0,0,0,0,0,0,0,0,0,0,0,0,0,0,0,0,0,0,0,0,0,0.000623706,0.000623791,0.000623588,0.000623665,0.000624048,0.000624431,0.000622553,0.000624331,0.000623995,0.000622708,0.000622981,0.000623858,0.000622682,0.000621612,0.00062243,0.000623705
0,0,0,0,0,0,0,0,0,0,0,0,0,0,0,0,0,0,0,0,0,0,0,0,0,0,0,0,0,0,0,0,0,0.000623176,0.000623233,0.00062305,0.000623646,0.000623997,0.000621937,0.000623905,0.00062338,0.000622091,0.000622364,0.000623242,0.000622065,0.000621529,0.000621813,0.00062309
0,0,0,0,0,0,0,0,0,0,0,0,0,0,0,0,0,0,0,0,0,0,0,0,0,0,0,0,0,0,0,0,0,0,0.000623058,0.000623135,0.000623723,0.000624074,0.000622022,0.000623982,0.000623675,0.000622177,0.000622773,0.000623328,0.000622151,0.00062108,0.000621898,0.000623414
0,0,0,0,0,0,0,0,0,0,0,0,0,0,0,0,0,0,0,0,0,0,0,0,0,0,0,0,0,0,0,0,0,0,0,0.000622932,0.000623315,0.000623699,0.000621819,0.0006238,0.000623262,0.000621974,0.000622247,0.000623369,0.000621947,0.000621424,0.000622115,0.000623232
0,0,0,0,0,0,0,0,0,0,0,0,0,0,0,0,0,0,0,0,0,0,0,0,0,0,0,0,0,0,0,0,0,0,0,0,0.00062361,0.000623961,0.000622291,0.000623676,0.000623339,0.000622051,0.000622324,0.000623438,0.000622401,0.000620954,0.000621773,0.000623301
0,0,0,0,0,0,0,0,0,0,0,0,0,0,0,0,0,0,0,0,0,0,0,0,0,0,0,0,0,0,0,0,0,0,0,0,0,0.000624305,0.00062228,0.000624213,0.000623907,0.000622434,0.000622707,0.000623584,0.000622408,0.000621338,0.000622156,0.000623646
0,0,0,0,0,0,0,0,0,0,0,0,0,0,0,0,0,0,0,0,0,0,0,0,0,0,0,0,0,0,0,0,0,0,0,0,0,0,0.000622988,0.000624564,0.000624258,0.000623121,0.000623357,0.000623968,0.000622793,0.000621723,0.000622541,0.000623997
0,0,0,0,0,0,0,0,0,0,0,0,0,0,0,0,0,0,0,0,0,0,0,0,0,0,0,0,0,0,0,0,0,0,0,0,0,0,0,0.000622564,0.000622227,0.000620936,0.00062121,0.000622089,0.000621423,0.000619837,0.000621205,0.000621937
0,0,0,0,0,0,0,0,0,0,0,0,0,0,0,0,0,0,0,0,0,0,0,0,0,0,0,0,0,0,0,0,0,0,0,0,0,0,0,0,0.000624166,0.000622718,0.000623265,0.000624042,0.000623006,0.000621623,0.00062244,0.000623716
0,0,0,0,0,0,0,0,0,0,0,0,0,0,0,0,0,0,0,0,0,0,0,0,0,0,0,0,0,0,0,0,0,0,0,0,0,0,0,0,0,0.000622381,0.000622958,0.000623735,0.000622355,0.000621285,0.000622482,0.000623379
0,0,0,0,0,0,0,0,0,0,0,0,0,0,0,0,0,0,0,0,0,0,0,0,0,0,0,0,0,0,0,0,0,0,0,0,0,0,0,0,0,0,0.000621364,0.000622596,0.000621064,0.000619992,0.000621339,0.000622459
0,0,0,0,0,0,0,0,0,0,0,0,0,0,0,0,0,0,0,0,0,0,0,0,0,0,0,0,0,0,0,0,0,0,0,0,0,0,0,0,0,0,0,0.000622516,0.000621338,0.000620266,0.000621085,0.000622364
0,0,0,0,0,0,0,0,0,0,0,0,0,0,0,0,0,0,0,0,0,0,0,0,0,0,0,0,0,0,0,0,0,0,0,0,0,0,0,0,0,0,0,0,0.000622574,0.000621666,0.000621965,0.000623242
0,0,0,0,0,0,0,0,0,0,0,0,0,0,0,0,0,0,0,0,0,0,0,0,0,0,0,0,0,0,0,0,0,0,0,0,0,0,0,0,0,0,0,0,0,0.000619966,0.000620786,0.000622065
0,0,0,0,0,0,0,0,0,0,0,0,0,0,0,0,0,0,0,0,0,0,0,0,0,0,0,0,0,0,0,0,0,0,0,0,0,0,0,0,0,0,0,0,0,0,0.000619713,0.000620994
0,0,0,0,0,0,0,0,0,0,0,0,0,0,0,0,0,0,0,0,0,0,0,0,0,0,0,0,0,0,0,0,0,0,0,0,0,0,0,0,0,0,0,0,0,0,0,0.000621813
0,0,0,0,0,0,0,0,0,0,0,0,0,0,0,0,0,0,0,0,0,0,0,0,0,0,0,0,0,0,0,0,0,0,0,0,0,0,0,0,0,0,0,0,0,0,0,0
