# # np.logspace(-2, 2., num = num_time_points)
0,0.00055179,0.000517092,0.00052952,0.000530476,0.000551887,0.00055733,0.00054891,0.000534262,0.000552083,0.000555395,0.000522193,0.000515781,0.000546708,0.000558226,0.000551396,0.000533929,0.000551697,0.000553285,0.000554996,0.000534931,0.000542336,0.000557575,0.000542641,0.000553222,0.000548448,0.00055559,0.000536497,0.000542269,0.000536405,0.00054891,0.000558184,0.000548033,0.000549402,0.000546165,0.000547389,0.000553607,0.000560064,0.000530339,0.000558361,0.000552743,0.000532594,0.000536664,0.00055051,0.000532207,0.000517105,0.000528541,0.000548024
0,0,0.000540661,0.000544539,0.000551536,0.000566317,0.000574904,0.000567364,0.000549106,0.000560599,0.00057317,0.000537356,0.000531124,0.000561269,0.000572457,0.000559864,0.000548785,0.000566067,0.000561848,0.000569302,0.00054976,0.000556967,0.000571799,0.000557265,0.000567573,0.0005629,0.000569881,0.000551283,0.000556881,0.000551194,0.000563351,0.000572411,0.000562517,0.00056385,0.000560697,0.000561889,0.000567948,0.000574244,0.000545292,0.000572583,0.000567106,0.000547486,0.000551447,0.00056493,0.00054711,0.00053243,0.000543544,0.000562508
0,0,0,0.000515832,0.000516762,0.000546582,0.000544325,0.000535729,0.000520678,0.000532711,0.000542372,0.000508246,0.000501651,0.000541616,0.000545262,0.000531993,0.00052033,0.000538526,0.00053406,0.000541926,0.000521359,0.000528953,0.000544548,0.000529266,0.000540109,0.000535197,0.000542534,0.000522965,0.000528862,0.000522871,0.000535671,0.000545191,0.000534793,0.000536196,0.000532879,0.000534133,0.000540503,0.000547115,0.000516645,0.000545372,0.000539618,0.00051896,0.000523137,0.000537331,0.000518563,0.000503051,0.0005148,0.000534784
0,0,0,0,0.000537077,0.000556501,0.000556212,0.000547715,0.000533025,0.000544817,0.000554254,0.000520938,0.000524481,0.000545513,0.00056245,0.000544203,0.000532718,0.000550505,0.000546136,0.000553831,0.000533723,0.000541144,0.000556397,0.00054145,0.000552053,0.000547248,0.000554426,0.000535292,0.000541054,0.0005352,0.000547712,0.000557036,0.000546853,0.000548225,0.000544981,0.000546208,0.000552439,0.000558909,0.00052912,0.000557203,0.000551573,0.00053138,0.00053546,0.000549336,0.000530992,0.000515854,0.000527318,0.000546845
0,0,0,0,0,0.000551631,0.000557016,0.000548577,0.000533931,0.000545702,0.000560489,0.000521832,0.000515523,0.000546409,0.000557969,0.000551129,0.000533609,0.000551367,0.000547005,0.000554688,0.000534612,0.00054202,0.00055725,0.000542326,0.000552913,0.000548115,0.000555282,0.000536178,0.000541931,0.000536086,0.000548578,0.000557878,0.000547721,0.000549091,0.000545852,0.000547076,0.000553298,0.000559758,0.000530016,0.000558055,0.000552434,0.000532273,0.000536346,0.000550199,0.000531886,0.000516774,0.000528218,0.000547712
0,0,0,0,0,0,0.000580196,0.000572779,0.000555251,0.000566588,0.000578467,0.000543647,0.000537566,0.000567296,0.000581041,0.000569654,0.000554935,0.000572032,0.000567829,0.000575233,0.0005559,0.000563028,0.000577704,0.000563322,0.000573522,0.000568898,0.000575806,0.000557406,0.000562943,0.000557318,0.000569344,0.000578315,0.000568518,0.000569838,0.000566718,0.000567897,0.000573893,0.000580124,0.000551481,0.00057848,0.00057306,0.000553651,0.000557567,0.000570906,0.000553279,0.000538767,0.000549753,0.00056851
0,0,0,0,0,0,0,0.000577631,0.000565399,0.000575224,0.000583251,0.000555796,0.000550851,0.000572541,0.000585747,0.000571177,0.00056033,0.000577267,0.000573102,0.000580439,0.000561285,0.000568347,0.000582889,0.000568638,0.000578744,0.000574162,0.000581007,0.000562777,0.000568262,0.00056269,0.000574604,0.000583493,0.000573786,0.000575093,0.000572002,0.00057317,0.000579111,0.000585287,0.00055691,0.000583658,0.000578286,0.000559058,0.000562937,0.000576152,0.00055869,0.000544323,0.000555199,0.000573777
0,0,0,0,0,0,0,0,0.000552298,0.000567642,0.000572759,0.00054063,0.000534396,0.000568234,0.000578441,0.000562942,0.000551952,0.000569138,0.000564914,0.000572356,0.000552922,0.000560089,0.00057484,0.000560384,0.000570636,0.000565989,0.000572932,0.000554436,0.000560002,0.000554348,0.000566437,0.000575454,0.000565607,0.000566934,0.000563797,0.000564983,0.000571009,0.000577272,0.00054848,0.00057562,0.000570172,0.000550661,0.000554599,0.000568007,0.000550287,0.000535694,0.000546742,0.000565599
0,0,0,0,0,0,0,0,0,0.000555035,0.000563617,0.000525763,0.000519359,0.000555641,0.000561569,0.000548673,0.000537406,0.000555042,0.00055071,0.000558341,0.000538401,0.000545759,0.000560887,0.000546062,0.000556578,0.000551812,0.000558931,0.000539957,0.00054567,0.000539866,0.000552272,0.000561511,0.000551421,0.000552781,0.000549564,0.00055078,0.00055696,0.000563379,0.000533839,0.000561686,0.000556102,0.000536079,0.000540123,0.000553882,0.000535695,0.000520694,0.000532053,0.000551412
0,0,0,0,0,0,0,0,0,0,0.00057344,0.000545057,0.000531454,0.000561563,0.000572791,0.000560146,0.000549104,0.000566377,0.00056216,0.00056961,0.000550079,0.000557282,0.000572106,0.000557579,0.000567882,0.000563212,0.000570189,0.000551601,0.000557196,0.000551512,0.000563662,0.000572717,0.000562828,0.000564161,0.00056101,0.000562201,0.000568257,0.000574549,0.000545614,0.000572889,0.000567415,0.000547806,0.000551765,0.00056524,0.00054743,0.000532759,0.000543867,0.00056282
0,0,0,0,0,0,0,0,0,0,0,0.000547213,0.000541058,0.000574021,0.000584036,0.000569291,0.000558405,0.000575398,0.00057122,0.000578581,0.000559363,0.000566449,0.000581038,0.000566741,0.00057688,0.000572283,0.000579151,0.00056086,0.000566363,0.000560773,0.000572726,0.000581645,0.000571906,0.000573218,0.000570116,0.000571288,0.000577249,0.000583444,0.000554973,0.00058181,0.000576421,0.000557128,0.000561021,0.000574279,0.000556759,0.00054234,0.000553255,0.000571897
0,0,0,0,0,0,0,0,0,0,0,0,0.000506933,0.000538374,0.000556653,0.000536916,0.000525404,0.00054343,0.000539004,0.000546799,0.000526422,0.000533944,0.000549398,0.000534254,0.000544998,0.00054013,0.000547401,0.000528012,0.000533854,0.000527919,0.0005406,0.000550047,0.00053973,0.00054112,0.000537833,0.000539076,0.000545389,0.000551942,0.000521754,0.000550214,0.000544512,0.000524046,0.000528183,0.000542245,0.000523653,0.000508297,0.000519927,0.000539721
0,0,0,0,0,0,0,0,0,0,0,0,0,0.000532172,0.000544071,0.000539217,0.000519026,0.000537266,0.000532789,0.000540674,0.000520057,0.00052767,0.000543302,0.000527984,0.000538853,0.000533929,0.000541283,0.000521667,0.000527579,0.000521573,0.000534404,0.000543947,0.000533524,0.00053493,0.000531605,0.000532862,0.000539248,0.000545875,0.000515332,0.000544127,0.000538361,0.000517652,0.00052184,0.000536068,0.000517255,0.000501702,0.000513482,0.000533515
0,0,0,0,0,0,0,0,0,0,0,0,0,0,0.000576592,0.00056507,0.000549783,0.000567035,0.000562795,0.000570264,0.000550757,0.000557951,0.000572757,0.000558248,0.000568538,0.000563874,0.000570842,0.000552277,0.000557865,0.000552188,0.000564323,0.000573374,0.000563491,0.000564822,0.000561674,0.000562864,0.000568913,0.000575198,0.000546297,0.00057354,0.000568072,0.000548486,0.00055244,0.0005659,0.000548111,0.000533459,0.000544552,0.000563482
0,0,0,0,0,0,0,0,0,0,0,0,0,0,0,0.000575371,0.000561242,0.000578152,0.000573993,0.000581324,0.000562204,0.000569245,0.000583765,0.000569543,0.000579631,0.000575051,0.000581891,0.000563693,0.00056916,0.000563606,0.000575498,0.000586494,0.000574676,0.000575981,0.000572895,0.000574061,0.000579993,0.00058616,0.000557827,0.000584533,0.000579169,0.000559971,0.000563845,0.000577038,0.000559604,0.000545261,0.000556118,0.000574667
0,0,0,0,0,0,0,0,0,0,0,0,0,0,0,0,0.000548355,0.000565651,0.000561429,0.000568888,0.000549331,0.000556544,0.000571387,0.000556842,0.000567158,0.000562481,0.000569467,0.000550855,0.000556457,0.000550766,0.000562932,0.000572005,0.000562097,0.000563432,0.000560276,0.000561469,0.000567533,0.000573833,0.00054486,0.000572171,0.00056669,0.000547055,0.000551019,0.000564512,0.000546679,0.000531987,0.00054311,0.000562089
0,0,0,0,0,0,0,0,0,0,0,0,0,0,0,0,0,0.00055995,0.00055044,0.000558079,0.000544896,0.000545472,0.000565423,0.000545764,0.000556306,0.000551544,0.000563564,0.000539682,0.000545389,0.000539597,0.000551987,0.000561259,0.000551125,0.000552486,0.000549268,0.000550484,0.000556668,0.00056309,0.000533533,0.000561396,0.000555809,0.000535775,0.000539822,0.000553588,0.000535391,0.000520381,0.000531747,0.000551116
0,0,0,0,0,0,0,0,0,0,0,0,0,0,0,0,0,0,0.000571294,0.000575092,0.000555754,0.000562866,0.000580283,0.000563157,0.000573368,0.000572239,0.00057855,0.00055724,0.000566923,0.000561995,0.000569192,0.000578152,0.000568336,0.000569656,0.000566535,0.000567715,0.000573712,0.000579946,0.000551293,0.000578301,0.000572879,0.000553463,0.000557382,0.000570725,0.000553091,0.000538575,0.000549565,0.000568328
0,0,0,0,0,0,0,0,0,0,0,0,0,0,0,0,0,0,0,0.000570909,0.000551396,0.000558596,0.000576533,0.000558889,0.00056917,0.000568416,0.000571476,0.000552931,0.00056303,0.00055283,0.000568818,0.000573983,0.000564106,0.000565435,0.000562291,0.00056348,0.000569522,0.0005758,0.000546931,0.000574144,0.000568682,0.000549118,0.000553067,0.000566512,0.000548743,0.000534109,0.000545188,0.000564097
0,0,0,0,0,0,0,0,0,0,0,0,0,0,0,0,0,0,0,0,0.000563821,0.000566137,0.000580725,0.00057027,0.00057935,0.000575176,0.000578842,0.00056053,0.00056993,0.000565034,0.00057558,0.000583736,0.000571558,0.000572871,0.000569767,0.00057094,0.000576905,0.000583104,0.000554615,0.000581468,0.000576076,0.000556772,0.000560667,0.000573933,0.000556402,0.000541974,0.000552896,0.00057155
0,0,0,0,0,0,0,0,0,0,0,0,0,0,0,0,0,0,0,0,0,0.000546453,0.000566215,0.000546769,0.000557277,0.000552499,0.000559645,0.000540671,0.000546366,0.000540583,0.000552978,0.000566781,0.000552096,0.000553455,0.000550242,0.000551456,0.000557629,0.00056404,0.000534536,0.000562349,0.000556771,0.000536774,0.000540813,0.000554555,0.00053639,0.000521409,0.000532753,0.000552087
0,0,0,0,0,0,0,0,0,0,0,0,0,0,0,0,0,0,0,0,0,0,0.000572317,0.000558986,0.000568399,0.000564079,0.00056671,0.000547984,0.000553639,0.000547884,0.000560135,0.000569249,0.000563729,0.000560615,0.000557459,0.000558642,0.000564749,0.000571079,0.000541946,0.000569409,0.000563889,0.000544153,0.000548138,0.000561701,0.000543774,0.000529032,0.000540187,0.000559265
0,0,0,0,0,0,0,0,0,0,0,0,0,0,0,0,0,0,0,0,0,0,0,0.000568925,0.000581604,0.00057447,0.000583688,0.00056749,0.000568557,0.000562977,0.000577881,0.000583787,0.000574059,0.000575352,0.000572262,0.00057343,0.000579369,0.000585542,0.000557177,0.000583913,0.000578543,0.000559324,0.000563202,0.00057641,0.000558956,0.000544596,0.000555467,0.000574037
0,0,0,0,0,0,0,0,0,0,0,0,0,0,0,0,0,0,0,0,0,0,0,0,0.000568684,0.000559985,0.000566989,0.000548286,0.00055892,0.00054821,0.000560426,0.000573153,0.000559589,0.00056091,0.00055774,0.000558938,0.000565029,0.000571357,0.000542251,0.000569688,0.000564183,0.000544457,0.00054844,0.000561995,0.000544079,0.000529315,0.000540494,0.000559561
0,0,0,0,0,0,0,0,0,0,0,0,0,0,0,0,0,0,0,0,0,0,0,0,0,0.000570245,0.000579854,0.000558778,0.000568325,0.000558692,0.00057068,0.000582167,0.000569851,0.000571153,0.00056804,0.000569216,0.000575198,0.000581416,0.00055284,0.000579776,0.000574367,0.000555003,0.000558911,0.000572218,0.000554632,0.000540157,0.000551116,0.000569828
0,0,0,0,0,0,0,0,0,0,0,0,0,0,0,0,0,0,0,0,0,0,0,0,0,0,0.000575705,0.000554031,0.000559611,0.000553951,0.000569787,0.000575054,0.000565199,0.000566509,0.000563371,0.000564557,0.000570588,0.000576855,0.000548041,0.000575202,0.00056975,0.000550224,0.000554165,0.000567584,0.00054985,0.000535245,0.000546302,0.000565173
0,0,0,0,0,0,0,0,0,0,0,0,0,0,0,0,0,0,0,0,0,0,0,0,0,0,0,0.000565665,0.000566615,0.000565594,0.000572995,0.000584235,0.000572135,0.000573446,0.000570346,0.000571518,0.000577476,0.000583669,0.000555209,0.000582035,0.000576648,0.000557364,0.000561255,0.000574508,0.000556994,0.000542582,0.000553492,0.000572126
0,0,0,0,0,0,0,0,0,0,0,0,0,0,0,0,0,0,0,0,0,0,0,0,0,0,0,0,0.000547885,0.00054213,0.000559545,0.000568071,0.000553613,0.000554968,0.000551764,0.000552975,0.000559131,0.000565525,0.000536102,0.000563838,0.000558275,0.000538333,0.000542361,0.000556065,0.000537951,0.000523014,0.000534324,0.000553604
0,0,0,0,0,0,0,0,0,0,0,0,0,0,0,0,0,0,0,0,0,0,0,0,0,0,0,0,0,0.000547825,0.000560052,0.000569173,0.000559187,0.000560528,0.000557356,0.000558555,0.00056465,0.000570982,0.000541857,0.000569312,0.000563804,0.000544064,0.00054805,0.000561614,0.000543686,0.000528911,0.000540098,0.000559178
0,0,0,0,0,0,0,0,0,0,0,0,0,0,0,0,0,0,0,0,0,0,0,0,0,0,0,0,0,0,0.000554393,0.000567992,0.000553524,0.000554879,0.000551675,0.000552886,0.000559043,0.000565438,0.000536011,0.000563751,0.000558188,0.000538242,0.000542271,0.000555976,0.00053786,0.000522921,0.000534233,0.000553515
0,0,0,0,0,0,0,0,0,0,0,0,0,0,0,0,0,0,0,0,0,0,0,0,0,0,0,0,0,0,0,0.000578441,0.000565631,0.000566957,0.000563821,0.000565006,0.000571032,0.000577295,0.000548504,0.000575643,0.000570195,0.000550685,0.000554623,0.000568031,0.000550311,0.000535719,0.000546766,0.000565622
0,0,0,0,0,0,0,0,0,0,0,0,0,0,0,0,0,0,0,0,0,0,0,0,0,0,0,0,0,0,0,0,0.000574655,0.00057596,0.000572874,0.00057404,0.000579973,0.000586139,0.000557806,0.000584512,0.000579148,0.00055995,0.000563823,0.000577017,0.000559582,0.000545239,0.000556097,0.000574647
0,0,0,0,0,0,0,0,0,0,0,0,0,0,0,0,0,0,0,0,0,0,0,0,0,0,0,0,0,0,0,0,0,0.00056615,0.000567094,0.000564191,0.000573601,0.0005794,0.000547657,0.000577871,0.000569391,0.000549841,0.000553793,0.000567261,0.000549468,0.000542973,0.00054593,0.000564822
0,0,0,0,0,0,0,0,0,0,0,0,0,0,0,0,0,0,0,0,0,0,0,0,0,0,0,0,0,0,0,0,0,0,0.00056434,0.000565533,0.000574801,0.000580592,0.000549027,0.000579049,0.000574044,0.000551224,0.000560162,0.000568542,0.000550833,0.000536244,0.000547297,0.000569879
0,0,0,0,0,0,0,0,0,0,0,0,0,0,0,0,0,0,0,0,0,0,0,0,0,0,0,0,0,0,0,0,0,0,0,0.000562387,0.000568445,0.000574732,0.000545824,0.000576285,0.000567617,0.00054805,0.000551937,0.000569278,0.000547623,0.000541216,0.000550415,0.000567037
0,0,0,0,0,0,0,0,0,0,0,0,0,0,0,0,0,0,0,0,0,0,0,0,0,0,0,0,0,0,0,0,0,0,0,0,0.000573052,0.00057888,0.000553073,0.000574254,0.000568776,0.000549235,0.000553146,0.000570315,0.000554631,0.000534206,0.000545304,0.000568118
0,0,0,0,0,0,0,0,0,0,0,0,0,0,0,0,0,0,0,0,0,0,0,0,0,0,0,0,0,0,0,0,0,0,0,0,0,0.000584195,0.000553253,0.000582661,0.000577697,0.000555413,0.000559335,0.000572615,0.000555045,0.000540578,0.000551518,0.000573609
0,0,0,0,0,0,0,0,0,0,0,0,0,0,0,0,0,0,0,0,0,0,0,0,0,0,0,0,0,0,0,0,0,0,0,0,0,0,0.000564862,0.000588321,0.000583441,0.00056666,0.000569965,0.000578874,0.000561517,0.000547188,0.00055807,0.000579424
0,0,0,0,0,0,0,0,0,0,0,0,0,0,0,0,0,0,0,0,0,0,0,0,0,0,0,0,0,0,0,0,0,0,0,0,0,0,0,0.000558025,0.000552411,0.000532265,0.000536282,0.000550184,0.000539392,0.000516696,0.000536157,0.00054767
0,0,0,0,0,0,0,0,0,0,0,0,0,0,0,0,0,0,0,0,0,0,0,0,0,0,0,0,0,0,0,0,0,0,0,0,0,0,0,0,0.000581927,0.000560149,0.000568381,0.000580002,0.000564746,0.000545496,0.000556309,0.000574851
0,0,0,0,0,0,0,0,0,0,0,0,0,0,0,0,0,0,0,0,0,0,0,0,0,0,0,0,0,0,0,0,0,0,0,0,0,0,0,0,0,0.000554589,0.000563205,0.000574978,0.000554181,0.000539691,0.000556513,0.000569388
0,0,0,0,0,0,0,0,0,0,0,0,0,0,0,0,0,0,0,0,0,0,0,0,0,0,0,0,0,0,0,0,0,0,0,0,0,0,0,0,0,0,0.000538512,0.000557755,0.000534081,0.000519039,0.000538149,0.000555484
0,0,0,0,0,0,0,0,0,0,0,0,0,0,0,0,0,0,0,0,0,0,0,0,0,0,0,0,0,0,0,0,0,0,0,0,0,0,0,0,0,0,0,0.000556249,0.000538131,0.000523187,0.000534513,0.000553791
0,0,0,0,0,0,0,0,0,0,0,0,0,0,0,0,0,0,0,0,0,0,0,0,0,0,0,0,0,0,0,0,0,0,0,0,0,0,0,0,0,0,0,0,0.000557465,0.000545348,0.000548471,0.000567245
0,0,0,0,0,0,0,0,0,0,0,0,0,0,0,0,0,0,0,0,0,0,0,0,0,0,0,0,0,0,0,0,0,0,0,0,0,0,0,0,0,0,0,0,0,0.000518643,0.000530073,0.000549469
0,0,0,0,0,0,0,0,0,0,0,0,0,0,0,0,0,0,0,0,0,0,0,0,0,0,0,0,0,0,0,0,0,0,0,0,0,0,0,0,0,0,0,0,0,0,0.000514889,0.000534864
0,0,0,0,0,0,0,0,0,0,0,0,0,0,0,0,0,0,0,0,0,0,0,0,0,0,0,0,0,0,0,0,0,0,0,0,0,0,0,0,0,0,0,0,0,0,0,0.000545962
0,0,0,0,0,0,0,0,0,0,0,0,0,0,0,0,0,0,0,0,0,0,0,0,0,0,0,0,0,0,0,0,0,0,0,0,0,0,0,0,0,0,0,0,0,0,0,0
