# # np.logspace(-2, 2., num = num_time_points)
0,0.000597981,0.000583782,0.000589055,0.000589439,0.000597924,0.000599977,0.000596782,0.000591001,0.000598094,0.000599252,0.000585987,0.000583203,0.00059593,0.00060032,0.000597829,0.000590872,0.000597853,0.000598558,0.00059911,0.000591279,0.000594233,0.000600076,0.000594353,0.000598441,0.000596609,0.000599335,0.000591913,0.000594201,0.000591876,0.000596787,0.00060031,0.000596451,0.000596982,0.000595724,0.000596202,0.000598588,0.00060101,0.000589396,0.000600376,0.000598258,0.000590326,0.00059198,0.0005974,0.000590168,0.000583799,0.000588652,0.000596449
0,0,0.000593148,0.000595036,0.000597868,0.000603817,0.000607141,0.00060426,0.000596955,0.000601578,0.000606484,0.00059199,0.000589234,0.000601843,0.000606184,0.000601285,0.000596828,0.000603738,0.000602083,0.000604985,0.000597231,0.000600155,0.000605939,0.000600274,0.000604323,0.000602506,0.000605208,0.000597859,0.000600121,0.000597822,0.000602682,0.000606173,0.000602352,0.000602878,0.000601632,0.000602105,0.000604468,0.000606867,0.000595367,0.000606239,0.000604141,0.000596287,0.000597925,0.000603292,0.000596131,0.000589826,0.00059463,0.00060235
0,0,0,0.000583266,0.000583646,0.000595345,0.000594292,0.00059107,0.000585228,0.000589932,0.000593563,0.000580158,0.000577345,0.000593508,0.000594641,0.000589641,0.000585097,0.000592143,0.000590452,0.000593415,0.000585508,0.00058849,0.000594388,0.000588612,0.00059274,0.000590887,0.000593642,0.000586148,0.000588455,0.000586111,0.000591067,0.000594626,0.000590731,0.000591267,0.000589996,0.000590479,0.000592888,0.000595333,0.000583607,0.000594693,0.000592555,0.000584545,0.000586216,0.000591689,0.000584385,0.000577953,0.000582855,0.000590729
0,0,0,0,0.000592157,0.000599714,0.000599482,0.000596276,0.000590488,0.000595156,0.000598753,0.000585471,0.000586857,0.000595424,0.00060192,0.000594881,0.000590363,0.000597347,0.000595671,0.000598608,0.00059077,0.000593727,0.000599572,0.000593847,0.000597939,0.000596102,0.000598834,0.000591405,0.000593692,0.000591368,0.000596281,0.00059981,0.000595947,0.000596479,0.000595219,0.000595698,0.000598086,0.00060051,0.000588886,0.000599875,0.000597755,0.000589816,0.000591472,0.000596897,0.000589658,0.000583284,0.000588141,0.000595945
0,0,0,0,0,0.000597799,0.000599844,0.000596646,0.000590865,0.000595529,0.000601245,0.000585846,0.000583078,0.000595799,0.000600195,0.000597714,0.000590737,0.000597717,0.000596042,0.000598978,0.000591144,0.000594099,0.000599941,0.000594219,0.000598308,0.000596473,0.000599203,0.000591779,0.000594064,0.000591742,0.000596651,0.000600177,0.000596318,0.000596849,0.000595591,0.000596069,0.000598455,0.000600878,0.000589262,0.000600244,0.000598125,0.000590191,0.000591846,0.000597267,0.000590033,0.000583662,0.000588517,0.000596316
0,0,0,0,0,0,0.000609244,0.000606381,0.000599336,0.000603936,0.000608587,0.000594392,0.000591659,0.000604206,0.000609561,0.000605137,0.00059921,0.000606092,0.00060444,0.000607335,0.000599611,0.000602524,0.000608285,0.000602643,0.000606675,0.000604865,0.000607557,0.000600236,0.000602489,0.0006002,0.000605041,0.000608519,0.000604712,0.000605236,0.000603995,0.000604466,0.00060682,0.000609209,0.000597755,0.000608584,0.000606494,0.000598671,0.000600303,0.000605648,0.000598515,0.000592236,0.000597021,0.00060471
0,0,0,0,0,0,0,0.000608233,0.000603237,0.000607259,0.000610429,0.000599057,0.000596791,0.00060623,0.000611392,0.000605679,0.000601256,0.000608115,0.000606468,0.000609354,0.000601656,0.000604559,0.000610301,0.000604677,0.000608696,0.000606892,0.000609575,0.000602279,0.000604524,0.000602243,0.000607067,0.000610534,0.00060674,0.000607262,0.000606025,0.000606495,0.000608841,0.000611222,0.000599806,0.000610598,0.000608516,0.000600719,0.000602345,0.000607673,0.000600564,0.000594306,0.000599074,0.000606738
0,0,0,0,0,0,0,0,0.000598198,0.000604372,0.000606349,0.000593244,0.000590488,0.000604607,0.000608545,0.000602511,0.000598067,0.000604962,0.000603307,0.000606208,0.000598469,0.000601387,0.00060716,0.000601506,0.000605546,0.000603733,0.00060643,0.000599095,0.000601353,0.000599059,0.000603909,0.000607394,0.00060358,0.000604105,0.000602861,0.000603333,0.000605691,0.000608085,0.000596609,0.000607458,0.000605365,0.000597527,0.000599162,0.000604518,0.000597371,0.00059108,0.000595874,0.000603578
0,0,0,0,0,0,0,0,0,0.000599321,0.000602573,0.00058743,0.000584648,0.000599558,0.000601729,0.000596786,0.000592301,0.000599263,0.000597591,0.00060052,0.000592707,0.000595654,0.000601481,0.000595773,0.000599852,0.000598021,0.000600744,0.000593339,0.000595619,0.000593303,0.000598199,0.000601716,0.000597867,0.000598397,0.000597142,0.000597618,0.000599999,0.000602415,0.000590829,0.000601782,0.000599669,0.000591756,0.000593407,0.000598814,0.000591598,0.000585245,0.000590086,0.000597865
0,0,0,0,0,0,0,0,0,0,0.000606594,0.000595084,0.000589361,0.000601965,0.000606312,0.000601406,0.000596954,0.000603862,0.000602208,0.00060511,0.000597357,0.000600281,0.000606063,0.0006004,0.000604447,0.000602631,0.000605332,0.000597984,0.000600246,0.000597948,0.000602807,0.000606297,0.000602477,0.000603003,0.000601757,0.00060223,0.000604593,0.000606991,0.000595494,0.000606363,0.000604266,0.000596413,0.000598051,0.000603417,0.000596257,0.000589954,0.000594757,0.000602475
0,0,0,0,0,0,0,0,0,0,0,0.000595729,0.000592985,0.000606827,0.000610738,0.000604961,0.000600532,0.000607399,0.000605751,0.00060864,0.000600932,0.000603839,0.000609588,0.000603957,0.000607981,0.000606175,0.000608861,0.000601556,0.000603804,0.00060152,0.00060635,0.000609821,0.000606022,0.000606545,0.000605307,0.000605777,0.000608126,0.00061051,0.00059908,0.000609885,0.0006078,0.000599994,0.000601623,0.000606957,0.000599839,0.000593574,0.000598348,0.000606021
0,0,0,0,0,0,0,0,0,0,0,0,0.000579579,0.000592384,0.000599376,0.000591819,0.000587297,0.000594318,0.000592632,0.000595585,0.000587707,0.000590678,0.000596554,0.000590799,0.000594912,0.000593066,0.000595811,0.000588344,0.000590643,0.000588307,0.000593245,0.000596793,0.00059291,0.000593444,0.000592179,0.000592659,0.00059506,0.000597496,0.000585813,0.000596858,0.000594727,0.000586747,0.000588412,0.000593865,0.000586588,0.00058018,0.000585064,0.000592908
0,0,0,0,0,0,0,0,0,0,0,0,0,0.000589633,0.00059408,0.000592521,0.000584519,0.000591572,0.000589879,0.000592846,0.00058493,0.000587916,0.000593819,0.000588037,0.000592169,0.000590315,0.000593073,0.000585571,0.00058788,0.000585534,0.000590495,0.000594057,0.000590158,0.000590695,0.000589423,0.000589906,0.000592318,0.000594765,0.000583027,0.000594124,0.000591984,0.000583966,0.000585639,0.000591117,0.000583807,0.000577368,0.000582275,0.000590156
0,0,0,0,0,0,0,0,0,0,0,0,0,0,0.000607801,0.000603357,0.00059722,0.000604125,0.000602467,0.000605372,0.000597623,0.000600545,0.000606325,0.000600664,0.00060471,0.000602894,0.000605595,0.00059825,0.00060051,0.000598214,0.00060307,0.00060656,0.000602741,0.000603266,0.000602021,0.000602494,0.000604855,0.000607252,0.00059576,0.000606625,0.000604528,0.000596679,0.000598317,0.00060368,0.000596523,0.000590223,0.000595024,0.000602739
0,0,0,0,0,0,0,0,0,0,0,0,0,0,0,0.000607309,0.000601601,0.000608456,0.00060681,0.000609695,0.000602002,0.000604902,0.000610641,0.000605021,0.000609038,0.000607234,0.000609916,0.000602624,0.000604868,0.000602588,0.00060741,0.000611692,0.000607082,0.000607603,0.000606367,0.000606837,0.000609181,0.000611561,0.000600152,0.000610938,0.000608857,0.000601064,0.00060269,0.000608014,0.000600909,0.000594655,0.000599421,0.00060708
0,0,0,0,0,0,0,0,0,0,0,0,0,0,0,0,0.000596659,0.000603571,0.000601916,0.000604819,0.000597062,0.000599987,0.000605773,0.000600107,0.000604156,0.000602338,0.000605042,0.00059769,0.000599953,0.000597654,0.000602515,0.000606008,0.000602185,0.000602711,0.000601465,0.000601938,0.000604301,0.000606701,0.000595198,0.000606072,0.000603974,0.000596118,0.000597757,0.000603125,0.000595962,0.000589655,0.000594461,0.000602183
0,0,0,0,0,0,0,0,0,0,0,0,0,0,0,0,0,0.000601189,0.000597472,0.000600401,0.000595339,0.000595531,0.000603229,0.000595649,0.000599732,0.000597902,0.000602545,0.000593219,0.000595497,0.000593183,0.000598077,0.000601599,0.000597743,0.000598273,0.000597018,0.000597495,0.000599876,0.000602292,0.000590704,0.00060166,0.000599546,0.000591631,0.000593282,0.00059869,0.000591473,0.000585119,0.000589961,0.000597742
0,0,0,0,0,0,0,0,0,0,0,0,0,0,0,0,0,0,0.00060579,0.000607271,0.000599547,0.000602457,0.000609275,0.000602575,0.000606609,0.000606169,0.00060861,0.000600169,0.000604053,0.000602046,0.000604976,0.000608452,0.000604643,0.000605166,0.000603925,0.000604397,0.000606751,0.00060914,0.000597684,0.000608514,0.000606425,0.000598601,0.000600233,0.000605579,0.000598445,0.000592165,0.00059695,0.000604641
0,0,0,0,0,0,0,0,0,0,0,0,0,0,0,0,0,0,0,0.000605622,0.000597872,0.000600795,0.000607795,0.000600913,0.000604958,0.000604678,0.000605843,0.000598501,0.000602552,0.000598463,0.000604836,0.000606804,0.000602986,0.000603511,0.000602267,0.00060274,0.0006051,0.000607496,0.000596009,0.000606869,0.000604773,0.000596928,0.000598564,0.000603925,0.000596771,0.000590474,0.000595272,0.000602984
0,0,0,0,0,0,0,0,0,0,0,0,0,0,0,0,0,0,0,0,0.000602683,0.00060371,0.000609459,0.000605331,0.000608932,0.0006073,0.000608733,0.000601425,0.000605195,0.000603192,0.000607458,0.000610615,0.000605888,0.000606411,0.000605173,0.000605643,0.000607992,0.000610377,0.000598945,0.000609752,0.000607667,0.000599859,0.000601488,0.000606823,0.000599704,0.000593437,0.000598212,0.000605887
0,0,0,0,0,0,0,0,0,0,0,0,0,0,0,0,0,0,0,0,0,0.000595935,0.00060357,0.000596057,0.000600134,0.000598302,0.000601028,0.000593624,0.0005959,0.000593588,0.000598483,0.000603785,0.000598146,0.000598675,0.000597421,0.000597897,0.000600276,0.000602691,0.000591111,0.000602059,0.000599947,0.000592037,0.000593687,0.000599092,0.00059188,0.00058553,0.000590369,0.000598144
0,0,0,0,0,0,0,0,0,0,0,0,0,0,0,0,0,0,0,0,0,0,0.000606101,0.000600969,0.000604619,0.000602966,0.000603932,0.000596564,0.000598834,0.000596526,0.0006014,0.000604898,0.000602827,0.000601593,0.000600347,0.000600818,0.000603188,0.000605591,0.000594066,0.000604962,0.000602858,0.000594987,0.000596629,0.000602008,0.000594831,0.000588517,0.000593327,0.000601064
0,0,0,0,0,0,0,0,0,0,0,0,0,0,0,0,0,0,0,0,0,0,0,0.000604782,0.000609799,0.000607,0.000610601,0.000604109,0.000604631,0.000602348,0.000608332,0.000610639,0.000606843,0.000607363,0.000606126,0.000606596,0.000608941,0.000611322,0.000599908,0.000610699,0.000608617,0.000600821,0.000602447,0.000607774,0.000600666,0.000594409,0.000599177,0.000606839
0,0,0,0,0,0,0,0,0,0,0,0,0,0,0,0,0,0,0,0,0,0,0,0,0.000604727,0.000601343,0.000604048,0.000596684,0.00060094,0.000596649,0.000601518,0.000606422,0.000601187,0.000601711,0.000600463,0.000600937,0.000603305,0.000605708,0.000594186,0.000605079,0.000602977,0.000595108,0.000596749,0.000602126,0.000594951,0.000588634,0.000593447,0.000601183
0,0,0,0,0,0,0,0,0,0,0,0,0,0,0,0,0,0,0,0,0,0,0,0,0,0.000605384,0.000609131,0.000600759,0.000604588,0.000600723,0.000605558,0.000610013,0.000605229,0.00060575,0.00060451,0.000604981,0.000607333,0.00060972,0.000598276,0.000609095,0.000607007,0.000599191,0.000600821,0.000606162,0.000599035,0.000592762,0.000597542,0.000605225
0,0,0,0,0,0,0,0,0,0,0,0,0,0,0,0,0,0,0,0,0,0,0,0,0,0,0.000607503,0.000598931,0.00060119,0.000598896,0.000605218,0.00060723,0.000603415,0.000603937,0.000602694,0.000603166,0.000605525,0.000607919,0.00059644,0.000607292,0.000605198,0.000597358,0.000598993,0.000604351,0.000597202,0.000590909,0.000595704,0.000603411
0,0,0,0,0,0,0,0,0,0,0,0,0,0,0,0,0,0,0,0,0,0,0,0,0,0,0,0.000603431,0.000603896,0.0006034,0.000606444,0.000610813,0.000606111,0.000606633,0.000605395,0.000605865,0.000608214,0.000610597,0.00059917,0.000609973,0.000607889,0.000600084,0.000601712,0.000607045,0.000599928,0.000593664,0.000598437,0.000606109
0,0,0,0,0,0,0,0,0,0,0,0,0,0,0,0,0,0,0,0,0,0,0,0,0,0,0,0,0.000596527,0.000594219,0.000601116,0.000604326,0.000598772,0.000599301,0.000598048,0.000598524,0.000600901,0.000603313,0.000591745,0.000602682,0.000600572,0.000592671,0.000594319,0.000599718,0.000592513,0.00058617,0.000591004,0.000598771
0,0,0,0,0,0,0,0,0,0,0,0,0,0,0,0,0,0,0,0,0,0,0,0,0,0,0,0,0,0.000596495,0.000601365,0.000604865,0.000601031,0.000601558,0.00060031,0.000600784,0.000603152,0.000605555,0.000594031,0.000604926,0.000602824,0.000594952,0.000596594,0.000601973,0.000594796,0.000588477,0.000593292,0.000601029
0,0,0,0,0,0,0,0,0,0,0,0,0,0,0,0,0,0,0,0,0,0,0,0,0,0,0,0,0,0,0.000599071,0.000604294,0.000598736,0.000599265,0.000598012,0.000598488,0.000600865,0.000603277,0.000591709,0.000602646,0.000600536,0.000592634,0.000594282,0.000599682,0.000592477,0.000586133,0.000590967,0.000598734
0,0,0,0,0,0,0,0,0,0,0,0,0,0,0,0,0,0,0,0,0,0,0,0,0,0,0,0,0,0,0,0.000608546,0.000603589,0.000604113,0.00060287,0.000603342,0.0006057,0.000608094,0.000596618,0.000607467,0.000605374,0.000597536,0.000599171,0.000604527,0.00059738,0.000591089,0.000595883,0.000603587
0,0,0,0,0,0,0,0,0,0,0,0,0,0,0,0,0,0,0,0,0,0,0,0,0,0,0,0,0,0,0,0,0.000607074,0.000607596,0.00060636,0.000606829,0.000609174,0.000611554,0.000600144,0.000610931,0.000608849,0.000601057,0.000602682,0.000608007,0.000600902,0.000594648,0.000599413,0.000607072
0,0,0,0,0,0,0,0,0,0,0,0,0,0,0,0,0,0,0,0,0,0,0,0,0,0,0,0,0,0,0,0,0,0.000603787,0.000604146,0.000603015,0.000606693,0.000608891,0.000596286,0.000608314,0.000605048,0.000597205,0.000598842,0.000604206,0.000597049,0.000594011,0.000595552,0.000603262
0,0,0,0,0,0,0,0,0,0,0,0,0,0,0,0,0,0,0,0,0,0,0,0,0,0,0,0,0,0,0,0,0,0,0.000603069,0.000603542,0.000607165,0.000609362,0.000596817,0.000608782,0.000606869,0.000597738,0.000601354,0.000604724,0.000597579,0.000591288,0.000596083,0.000605254
0,0,0,0,0,0,0,0,0,0,0,0,0,0,0,0,0,0,0,0,0,0,0,0,0,0,0,0,0,0,0,0,0,0,0,0.000602297,0.00060466,0.000607057,0.000595564,0.000607676,0.000604335,0.000596489,0.000598116,0.000604992,0.000596325,0.000593348,0.000597378,0.000604137
0,0,0,0,0,0,0,0,0,0,0,0,0,0,0,0,0,0,0,0,0,0,0,0,0,0,0,0,0,0,0,0,0,0,0,0,0.000606474,0.000608676,0.000598447,0.000606901,0.000604803,0.000596961,0.000598592,0.00060541,0.000599103,0.000590504,0.000595306,0.000604561
0,0,0,0,0,0,0,0,0,0,0,0,0,0,0,0,0,0,0,0,0,0,0,0,0,0,0,0,0,0,0,0,0,0,0,0,0,0.000610783,0.000598426,0.000610205,0.000608298,0.000599341,0.000600974,0.000606311,0.000599186,0.000592914,0.000597691,0.000606693
0,0,0,0,0,0,0,0,0,0,0,0,0,0,0,0,0,0,0,0,0,0,0,0,0,0,0,0,0,0,0,0,0,0,0,0,0,0,0.00060285,0.000612383,0.000610488,0.000603629,0.000605031,0.000608704,0.00060161,0.000595358,0.000600127,0.000608894
0,0,0,0,0,0,0,0,0,0,0,0,0,0,0,0,0,0,0,0,0,0,0,0,0,0,0,0,0,0,0,0,0,0,0,0,0,0,0,0.000600217,0.000598099,0.000590168,0.000591814,0.000597243,0.000593096,0.000583629,0.00059178,0.000596288
0,0,0,0,0,0,0,0,0,0,0,0,0,0,0,0,0,0,0,0,0,0,0,0,0,0,0,0,0,0,0,0,0,0,0,0,0,0,0,0,0.000609913,0.000601126,0.000604446,0.000609152,0.000602908,0.000594726,0.000599485,0.000607143
0,0,0,0,0,0,0,0,0,0,0,0,0,0,0,0,0,0,0,0,0,0,0,0,0,0,0,0,0,0,0,0,0,0,0,0,0,0,0,0,0,0.000599017,0.000602508,0.000607236,0.000598856,0.00059258,0.000599682,0.000605047
0,0,0,0,0,0,0,0,0,0,0,0,0,0,0,0,0,0,0,0,0,0,0,0,0,0,0,0,0,0,0,0,0,0,0,0,0,0,0,0,0,0,0.00059274,0.000600313,0.000590931,0.000584571,0.000592588,0.000599454
0,0,0,0,0,0,0,0,0,0,0,0,0,0,0,0,0,0,0,0,0,0,0,0,0,0,0,0,0,0,0,0,0,0,0,0,0,0,0,0,0,0,0,0.000599788,0.000592583,0.000586238,0.000591074,0.000598841
0,0,0,0,0,0,0,0,0,0,0,0,0,0,0,0,0,0,0,0,0,0,0,0,0,0,0,0,0,0,0,0,0,0,0,0,0,0,0,0,0,0,0,0,0.000600183,0.000594886,0.000596511,0.000604203
0,0,0,0,0,0,0,0,0,0,0,0,0,0,0,0,0,0,0,0,0,0,0,0,0,0,0,0,0,0,0,0,0,0,0,0,0,0,0,0,0,0,0,0,0,0.000584412,0.000589264,0.000597048
0,0,0,0,0,0,0,0,0,0,0,0,0,0,0,0,0,0,0,0,0,0,0,0,0,0,0,0,0,0,0,0,0,0,0,0,0,0,0,0,0,0,0,0,0,0,0.000582882,0.000590755
0,0,0,0,0,0,0,0,0,0,0,0,0,0,0,0,0,0,0,0,0,0,0,0,0,0,0,0,0,0,0,0,0,0,0,0,0,0,0,0,0,0,0,0,0,0,0,0.000595557
0,0,0,0,0,0,0,0,0,0,0,0,0,0,0,0,0,0,0,0,0,0,0,0,0,0,0,0,0,0,0,0,0,0,0,0,0,0,0,0,0,0,0,0,0,0,0,0
