# # np.logspace(-2, 2., num = num_time_points)
0,0.000603355,0.000591718,0.000596057,0.000596371,0.0006033,0.000604967,0.000602371,0.000597652,0.000603447,0.000604378,0.000593536,0.00059124,0.000601677,0.000605246,0.000603231,0.000597547,0.000603242,0.000603824,0.000604265,0.00059788,0.000600294,0.000605048,0.000600392,0.000603721,0.000602231,0.000604447,0.000598399,0.000600268,0.000598369,0.000602376,0.000605238,0.000602102,0.000602535,0.00060151,0.000601899,0.000603841,0.000605806,0.000596337,0.000605292,0.000603572,0.000597099,0.000598454,0.000602874,0.00059697,0.000591733,0.000595726,0.000602101
0,0,0.000599368,0.000600943,0.000603262,0.000608128,0.000610836,0.000608493,0.000602521,0.000606302,0.000610301,0.000598437,0.000596159,0.000606518,0.000610055,0.000606063,0.000602417,0.000608065,0.000606715,0.000609081,0.000602748,0.000605142,0.000609857,0.000605239,0.000608542,0.000607061,0.000609262,0.000603262,0.000605114,0.000603233,0.000607205,0.000610047,0.000606936,0.000607365,0.000606348,0.000606734,0.00060866,0.00061061,0.000601217,0.0006101,0.000608394,0.000601973,0.000603317,0.000607702,0.000601845,0.00059665,0.000600611,0.000606934
0,0,0,0.000591295,0.000591607,0.000601148,0.000600274,0.00059766,0.000592901,0.000596736,0.000599683,0.000588748,0.000586432,0.00059966,0.000600557,0.000596498,0.000592794,0.000598533,0.000597159,0.000599565,0.00059313,0.000595563,0.000600353,0.000595662,0.000599018,0.000597513,0.000599749,0.000593653,0.000595534,0.000593623,0.000597659,0.000600546,0.000597386,0.000597822,0.000596789,0.000597181,0.000599138,0.000601119,0.000591575,0.000600601,0.000598867,0.000592343,0.000593709,0.000598164,0.000592213,0.000586933,0.000590959,0.000597384
0,0,0,0,0.0005986,0.000604758,0.000604558,0.000601954,0.000597231,0.000601042,0.000603967,0.000593114,0.000594243,0.000601261,0.000606546,0.000600815,0.000597129,0.000602826,0.000601462,0.000603851,0.000597462,0.000599878,0.000604633,0.000599976,0.000603307,0.000601814,0.000604034,0.000597982,0.000599849,0.000597952,0.000601959,0.000604826,0.000601687,0.00060212,0.000601094,0.000601484,0.000603427,0.000605393,0.000595918,0.000604879,0.000603158,0.000596681,0.000598037,0.00060246,0.000596551,0.00059131,0.000595307,0.000601686
0,0,0,0,0,0.000603196,0.000604857,0.000602259,0.000597541,0.000601349,0.000606004,0.000593422,0.000591135,0.000601569,0.000605142,0.000603137,0.000597437,0.000603131,0.000601768,0.000604155,0.00059777,0.000600184,0.000604937,0.000600282,0.000603612,0.000602119,0.000604338,0.000598289,0.000600155,0.000598259,0.000602264,0.000605129,0.000601992,0.000602425,0.0006014,0.000601789,0.000603731,0.000605697,0.000596227,0.000605183,0.000603463,0.000596989,0.000598344,0.000602765,0.000596859,0.000591621,0.000595616,0.000601991
0,0,0,0,0,0,0.000612553,0.000610222,0.00060446,0.000608226,0.000612019,0.000600391,0.000598128,0.000608446,0.000612811,0.000609205,0.000604357,0.000609987,0.000608639,0.000611,0.000604686,0.000607073,0.000611773,0.00060717,0.000610462,0.000608986,0.00061118,0.0006052,0.000607045,0.00060517,0.00060913,0.000611963,0.000608861,0.000609289,0.000608275,0.00060866,0.00061058,0.000612524,0.000603161,0.000612016,0.000610315,0.000603914,0.000605254,0.000609625,0.000603786,0.000598609,0.000602557,0.00060886
0,0,0,0,0,0,0,0.000611728,0.000607635,0.000610931,0.000613519,0.000604186,0.000602306,0.000610094,0.000614303,0.000609643,0.00060602,0.000611634,0.00061029,0.000612644,0.000606348,0.000608728,0.000613415,0.000608825,0.000612108,0.000610636,0.000612824,0.00060686,0.0006087,0.00060683,0.000610779,0.000613605,0.000610511,0.000610938,0.000609927,0.000610311,0.000612226,0.000614165,0.000604827,0.000613657,0.000611961,0.000605578,0.000606914,0.000611273,0.000605451,0.000600287,0.000604224,0.00061051
0,0,0,0,0,0,0,0,0.000603534,0.000608584,0.000610194,0.000599458,0.00059718,0.000608776,0.000611982,0.000607064,0.000603427,0.000609066,0.000607716,0.00061008,0.000603757,0.000606148,0.000610854,0.000606245,0.000609542,0.000608063,0.000610261,0.000604271,0.000606119,0.000604241,0.000608207,0.000611045,0.000607938,0.000608367,0.000607351,0.000607737,0.00060966,0.000611607,0.000602229,0.000611098,0.000609394,0.000602984,0.000604326,0.000608703,0.000602856,0.00059767,0.000601624,0.000607937
0,0,0,0,0,0,0,0,0,0.000604454,0.000607096,0.000594717,0.000592422,0.000604647,0.000606404,0.000602383,0.000598719,0.000604401,0.000603041,0.000605423,0.000599051,0.00060146,0.000606204,0.000601558,0.000604881,0.000603391,0.000605605,0.000599569,0.000601432,0.000599539,0.000603536,0.000606395,0.000603265,0.000603697,0.000602674,0.000603062,0.000605,0.000606962,0.000597511,0.000606449,0.000604732,0.000598272,0.000599624,0.000604036,0.000598143,0.000592916,0.000596902,0.000603264
0,0,0,0,0,0,0,0,0,0,0.000610392,0.000600968,0.000596263,0.000606619,0.000610159,0.000606162,0.00060252,0.000608167,0.000606818,0.000609183,0.00060285,0.000605244,0.000609958,0.000605342,0.000608644,0.000607163,0.000609364,0.000603365,0.000605216,0.000603335,0.000607307,0.000610148,0.000607038,0.000607467,0.00060645,0.000606836,0.000608762,0.000610712,0.00060132,0.000610202,0.000608496,0.000602076,0.00060342,0.000607804,0.000601948,0.000596754,0.000600714,0.000607036
0,0,0,0,0,0,0,0,0,0,0,0.000601475,0.000599205,0.000610582,0.000613771,0.000609059,0.000605432,0.000611052,0.000609706,0.000612063,0.000605761,0.000608143,0.000612835,0.00060824,0.000611526,0.000610053,0.000612243,0.000606273,0.000608115,0.000606243,0.000610196,0.000613024,0.000609928,0.000610355,0.000609343,0.000609728,0.000611644,0.000613585,0.000604238,0.000613077,0.000611379,0.00060499,0.000606327,0.00061069,0.000604862,0.000599694,0.000603635,0.000609927
0,0,0,0,0,0,0,0,0,0,0,0,0.000588269,0.000598759,0.000604445,0.000598298,0.00059461,0.000600331,0.000598961,0.00060136,0.000594944,0.00059737,0.000602145,0.000597469,0.000600814,0.000599314,0.000601543,0.000595466,0.000597341,0.000595436,0.00059946,0.000602339,0.000599187,0.000599622,0.000598592,0.000598983,0.000600934,0.000602909,0.000593394,0.000602392,0.000600664,0.00059416,0.000595521,0.000599963,0.00059403,0.000588766,0.00059278,0.000599186
0,0,0,0,0,0,0,0,0,0,0,0,0,0.000596484,0.00060009,0.00059885,0.000592317,0.00059806,0.000596685,0.000599093,0.000592653,0.000595088,0.000599881,0.000595187,0.000598545,0.000597039,0.000599277,0.000593176,0.000595059,0.000593146,0.000597186,0.000600075,0.000596912,0.000597348,0.000596314,0.000596707,0.000598665,0.000600647,0.000591096,0.000600129,0.000598394,0.000591865,0.000593232,0.00059769,0.000591734,0.00058645,0.00059048,0.00059691
0,0,0,0,0,0,0,0,0,0,0,0,0,0,0.000611374,0.000607755,0.000602737,0.000608382,0.00060703,0.000609397,0.000603067,0.00060546,0.000610172,0.000605558,0.000608858,0.000607378,0.000609578,0.000603582,0.000605432,0.000603552,0.000607522,0.000610363,0.000607253,0.000607682,0.000606666,0.000607052,0.000608977,0.000610926,0.000601538,0.000610416,0.00060871,0.000602293,0.000603636,0.000608019,0.000602165,0.000596973,0.000600932,0.000607252
0,0,0,0,0,0,0,0,0,0,0,0,0,0,0,0.000610971,0.0006063,0.000611912,0.000610568,0.000612922,0.000606629,0.000609007,0.000613692,0.000609105,0.000612386,0.000610914,0.000613102,0.00060714,0.000608979,0.000607111,0.000611058,0.000614548,0.00061079,0.000611216,0.000610206,0.00061059,0.000612503,0.000614441,0.000605108,0.000613934,0.000612239,0.000605859,0.000607194,0.000611551,0.000605731,0.00060057,0.000604506,0.000610788
0,0,0,0,0,0,0,0,0,0,0,0,0,0,0,0,0.000602279,0.000607929,0.000606579,0.000608945,0.00060261,0.000605005,0.00060972,0.000605102,0.000608405,0.000606924,0.000609126,0.000603125,0.000604976,0.000603095,0.000607068,0.000609911,0.000606799,0.000607228,0.000606211,0.000606598,0.000608524,0.000610474,0.000601079,0.000609964,0.000608257,0.000601835,0.00060318,0.000607565,0.000601707,0.000596511,0.000600473,0.000606798
0,0,0,0,0,0,0,0,0,0,0,0,0,0,0,0,0,0.000605973,0.000602942,0.000605325,0.000601206,0.00060136,0.000607626,0.000601456,0.000604782,0.000603292,0.000607073,0.00059947,0.000601332,0.00059944,0.000603436,0.000606297,0.000603163,0.000603595,0.000602572,0.000602961,0.000604899,0.000606861,0.000597409,0.000606348,0.000604631,0.00059817,0.000599522,0.000603934,0.00059804,0.000592813,0.000596799,0.000603162
0,0,0,0,0,0,0,0,0,0,0,0,0,0,0,0,0,0,0.000609739,0.000610947,0.000604633,0.000607018,0.000612579,0.000607115,0.000610408,0.000610049,0.000612037,0.000605144,0.000608321,0.000606677,0.000609076,0.000611908,0.000608804,0.000609232,0.000608218,0.000608604,0.000610524,0.000612468,0.000603104,0.000611959,0.000610258,0.000603857,0.000605197,0.000609568,0.000603729,0.000598551,0.0006025,0.000608803
0,0,0,0,0,0,0,0,0,0,0,0,0,0,0,0,0,0,0,0.000609601,0.00060327,0.000605664,0.00061137,0.000605761,0.000609061,0.000608834,0.000609781,0.000603786,0.000607099,0.000603755,0.000608963,0.000610563,0.000607454,0.000607882,0.000606866,0.000607253,0.000609177,0.000611125,0.00060174,0.000610615,0.000608911,0.000602495,0.000603838,0.000608219,0.000602367,0.000597177,0.000601135,0.000607452
0,0,0,0,0,0,0,0,0,0,0,0,0,0,0,0,0,0,0,0,0.000607189,0.000608038,0.000612729,0.000609359,0.0006123,0.00061097,0.000612138,0.000606165,0.000609248,0.000607607,0.000611099,0.000613669,0.000609819,0.000610246,0.000609234,0.000609619,0.000611536,0.000613476,0.000604128,0.000612969,0.00061127,0.00060488,0.000606218,0.000610581,0.000604752,0.000599583,0.000603525,0.000609818
0,0,0,0,0,0,0,0,0,0,0,0,0,0,0,0,0,0,0,0,0,0.000601691,0.000607908,0.00060179,0.000605112,0.000603621,0.000605838,0.000599802,0.000601662,0.000599772,0.000603768,0.000608083,0.000603494,0.000603925,0.000602902,0.000603291,0.000605228,0.000607189,0.000597742,0.000606676,0.00060496,0.000598502,0.000599854,0.000604264,0.000598373,0.000593148,0.000597133,0.000603492
0,0,0,0,0,0,0,0,0,0,0,0,0,0,0,0,0,0,0,0,0,0,0.000609984,0.000605808,0.00060878,0.000607436,0.000608218,0.000602206,0.000604063,0.000602175,0.000606157,0.000609004,0.000607323,0.000606315,0.000605298,0.000605683,0.000607614,0.000609567,0.000600157,0.000609056,0.000607346,0.000600914,0.00060226,0.000606652,0.000600785,0.000595584,0.000599549,0.000605884
0,0,0,0,0,0,0,0,0,0,0,0,0,0,0,0,0,0,0,0,0,0,0,0.00060891,0.000613006,0.000610723,0.000613659,0.000608351,0.000608786,0.000606915,0.000611809,0.00061369,0.000610595,0.00061102,0.00061001,0.000610394,0.000612308,0.000614246,0.00060491,0.000613739,0.000612043,0.000605661,0.000606997,0.000611355,0.000605534,0.000600371,0.000604308,0.000610592
0,0,0,0,0,0,0,0,0,0,0,0,0,0,0,0,0,0,0,0,0,0,0,0,0.000608869,0.000606111,0.000608314,0.000602304,0.000605783,0.000602276,0.000606254,0.000610246,0.000605984,0.000606412,0.000605393,0.00060578,0.000607709,0.000609662,0.000600255,0.000609152,0.000607443,0.000601012,0.000602358,0.000606749,0.000600883,0.00059568,0.000599648,0.000605981
0,0,0,0,0,0,0,0,0,0,0,0,0,0,0,0,0,0,0,0,0,0,0,0,0,0.000609408,0.000612463,0.000605624,0.000608756,0.000605595,0.000609551,0.00061318,0.000609282,0.000609708,0.000608695,0.00060908,0.000610999,0.000612941,0.000603585,0.000612433,0.000610733,0.000604337,0.000605676,0.000610044,0.000604209,0.000599036,0.000602981,0.000609279
0,0,0,0,0,0,0,0,0,0,0,0,0,0,0,0,0,0,0,0,0,0,0,0,0,0,0.000611135,0.000604136,0.000605986,0.000604108,0.000609274,0.00061091,0.000607803,0.00060823,0.000607215,0.000607601,0.000609524,0.000611471,0.000602092,0.000610962,0.000609258,0.000602846,0.000604188,0.000608567,0.000602718,0.000597531,0.000601486,0.0006078
0,0,0,0,0,0,0,0,0,0,0,0,0,0,0,0,0,0,0,0,0,0,0,0,0,0,0,0.000607801,0.000608189,0.000607775,0.000610272,0.000613832,0.00061,0.000610427,0.000609415,0.0006098,0.000611716,0.000613656,0.000604311,0.000613149,0.000611451,0.000605063,0.0006064,0.000610762,0.000604935,0.000599767,0.000603708,0.000609999
0,0,0,0,0,0,0,0,0,0,0,0,0,0,0,0,0,0,0,0,0,0,0,0,0,0,0,0,0.000602177,0.000600289,0.000605921,0.000608527,0.000604008,0.000604439,0.000603417,0.000603805,0.000605741,0.0006077,0.000598261,0.000607187,0.000605473,0.000599021,0.000600372,0.000604777,0.000598892,0.000593672,0.000597652,0.000604006
0,0,0,0,0,0,0,0,0,0,0,0,0,0,0,0,0,0,0,0,0,0,0,0,0,0,0,0,0,0.00060215,0.000606129,0.000608976,0.000605857,0.000606286,0.000605268,0.000605655,0.000607584,0.000609538,0.000600128,0.000609027,0.000607317,0.000600885,0.000602232,0.000606624,0.000600756,0.000595553,0.000599521,0.000605855
0,0,0,0,0,0,0,0,0,0,0,0,0,0,0,0,0,0,0,0,0,0,0,0,0,0,0,0,0,0,0.000604251,0.000608501,0.000603978,0.000604409,0.000603387,0.000603776,0.000605711,0.00060767,0.000598231,0.000607158,0.000605443,0.000598991,0.000600342,0.000604748,0.000598862,0.000593641,0.000597622,0.000603977
0,0,0,0,0,0,0,0,0,0,0,0,0,0,0,0,0,0,0,0,0,0,0,0,0,0,0,0,0,0,0,0.000611983,0.000607946,0.000608374,0.000607359,0.000607744,0.000609667,0.000611614,0.000602237,0.000611105,0.000609401,0.000602991,0.000604333,0.00060871,0.000602863,0.000597677,0.000601632,0.000607944
0,0,0,0,0,0,0,0,0,0,0,0,0,0,0,0,0,0,0,0,0,0,0,0,0,0,0,0,0,0,0,0,0.000610784,0.00061121,0.0006102,0.000610584,0.000612497,0.000614435,0.000605102,0.000613928,0.000612233,0.000605853,0.000607188,0.000611545,0.000605725,0.000600564,0.000604499,0.000610782
0,0,0,0,0,0,0,0,0,0,0,0,0,0,0,0,0,0,0,0,0,0,0,0,0,0,0,0,0,0,0,0,0,0.000608107,0.000608398,0.000607477,0.000610475,0.000612262,0.000601966,0.000611793,0.000609135,0.000602721,0.000604064,0.000608447,0.000602593,0.000600068,0.000601362,0.000607678
0,0,0,0,0,0,0,0,0,0,0,0,0,0,0,0,0,0,0,0,0,0,0,0,0,0,0,0,0,0,0,0,0,0,0.00060752,0.000607907,0.00061086,0.000612646,0.000602399,0.000612176,0.00061062,0.000603155,0.000606114,0.000608871,0.000603025,0.00059784,0.000601794,0.000609304
0,0,0,0,0,0,0,0,0,0,0,0,0,0,0,0,0,0,0,0,0,0,0,0,0,0,0,0,0,0,0,0,0,0,0,0.000606891,0.000608816,0.000610765,0.000601377,0.000611272,0.000608551,0.000602136,0.000603473,0.000609087,0.000602002,0.00059953,0.000602858,0.000608392
0,0,0,0,0,0,0,0,0,0,0,0,0,0,0,0,0,0,0,0,0,0,0,0,0,0,0,0,0,0,0,0,0,0,0,0,0.000610296,0.000612086,0.000603731,0.000610641,0.000608934,0.000602522,0.000603861,0.00060943,0.000604271,0.000597202,0.000601161,0.000608739
0,0,0,0,0,0,0,0,0,0,0,0,0,0,0,0,0,0,0,0,0,0,0,0,0,0,0,0,0,0,0,0,0,0,0,0,0,0.000613806,0.000603707,0.000613336,0.000611784,0.000604459,0.000605799,0.000610164,0.000604331,0.000599158,0.000603102,0.000610476
0,0,0,0,0,0,0,0,0,0,0,0,0,0,0,0,0,0,0,0,0,0,0,0,0,0,0,0,0,0,0,0,0,0,0,0,0,0,0.000607303,0.000615109,0.000613565,0.000607945,0.000609099,0.00061211,0.000606298,0.000601139,0.000605076,0.000612264
0,0,0,0,0,0,0,0,0,0,0,0,0,0,0,0,0,0,0,0,0,0,0,0,0,0,0,0,0,0,0,0,0,0,0,0,0,0,0,0.00060516,0.00060344,0.000596968,0.000598318,0.000602743,0.000599368,0.000591593,0.000598291,0.000601967
0,0,0,0,0,0,0,0,0,0,0,0,0,0,0,0,0,0,0,0,0,0,0,0,0,0,0,0,0,0,0,0,0,0,0,0,0,0,0,0,0.000613098,0.000605909,0.000608625,0.000612477,0.00060736,0.000600626,0.000604557,0.000610839
0,0,0,0,0,0,0,0,0,0,0,0,0,0,0,0,0,0,0,0,0,0,0,0,0,0,0,0,0,0,0,0,0,0,0,0,0,0,0,0,0,0.000604194,0.000607052,0.000610919,0.000604063,0.000598887,0.000604728,0.000609134
0,0,0,0,0,0,0,0,0,0,0,0,0,0,0,0,0,0,0,0,0,0,0,0,0,0,0,0,0,0,0,0,0,0,0,0,0,0,0,0,0,0,0.000599077,0.000605256,0.000597595,0.000592364,0.000598953,0.000604558
0,0,0,0,0,0,0,0,0,0,0,0,0,0,0,0,0,0,0,0,0,0,0,0,0,0,0,0,0,0,0,0,0,0,0,0,0,0,0,0,0,0,0,0.000604834,0.000598948,0.000593727,0.00059771,0.000604063
0,0,0,0,0,0,0,0,0,0,0,0,0,0,0,0,0,0,0,0,0,0,0,0,0,0,0,0,0,0,0,0,0,0,0,0,0,0,0,0,0,0,0,0,0.000605149,0.000600776,0.00060214,0.000608445
0,0,0,0,0,0,0,0,0,0,0,0,0,0,0,0,0,0,0,0,0,0,0,0,0,0,0,0,0,0,0,0,0,0,0,0,0,0,0,0,0,0,0,0,0,0.000592234,0.000596227,0.000602592
0,0,0,0,0,0,0,0,0,0,0,0,0,0,0,0,0,0,0,0,0,0,0,0,0,0,0,0,0,0,0,0,0,0,0,0,0,0,0,0,0,0,0,0,0,0,0.000590981,0.000597405
0,0,0,0,0,0,0,0,0,0,0,0,0,0,0,0,0,0,0,0,0,0,0,0,0,0,0,0,0,0,0,0,0,0,0,0,0,0,0,0,0,0,0,0,0,0,0,0.000601365
0,0,0,0,0,0,0,0,0,0,0,0,0,0,0,0,0,0,0,0,0,0,0,0,0,0,0,0,0,0,0,0,0,0,0,0,0,0,0,0,0,0,0,0,0,0,0,0
