# # np.logspace(-2, 2., num = num_time_points)
0,6.17277e-05,1.99478e-05,2.45881e-05,2.65413e-05,7.64523e-05,0.000108715,6.39112e-05,2.93803e-05,6.27169e-05,9.58969e-05,2.1034e-05,1.9745e-05,5.61528e-05,0.000113185,6.03079e-05,2.81523e-05,7.53286e-05,6.67179e-05,9.15503e-05,2.91619e-05,4.23208e-05,0.000108583,4.31254e-05,8.12513e-05,6.12776e-05,9.47472e-05,3.1134e-05,4.29697e-05,3.09567e-05,6.295e-05,0.000111464,5.91595e-05,6.39561e-05,5.34825e-05,5.71923e-05,8.29512e-05,0.000125687,2.49098e-05,0.000112602,7.89709e-05,2.67078e-05,3.13368e-05,6.96137e-05,2.64487e-05,1.91448e-05,2.36106e-05,5.90834e-05
0,0,5.8841e-05,5.31346e-05,6.22189e-05,9.14267e-05,0.000129752,8.85624e-05,5.536e-05,7.31247e-05,0.00011807,5.08207e-05,5.03894e-05,7.43255e-05,0.000123187,7.08723e-05,5.35242e-05,8.72139e-05,7.39029e-05,0.000102123,5.40789e-05,6.21365e-05,0.00011678,6.26979e-05,9.30703e-05,7.56679e-05,0.000105012,5.51472e-05,6.21237e-05,5.50616e-05,7.70127e-05,0.00012038,7.46694e-05,7.85266e-05,7.02597e-05,7.31233e-05,9.46411e-05,0.000133691,5.19282e-05,0.000121471,9.11727e-05,5.28142e-05,5.52995e-05,8.31993e-05,5.26837e-05,4.94222e-05,5.13176e-05,7.46116e-05
0,0,0,1.87801e-05,1.98413e-05,8.55673e-05,0.000107618,6.2728e-05,2.42054e-05,5.09452e-05,9.56942e-05,1.20652e-05,9.82144e-06,6.22638e-05,0.000113341,5.0092e-05,2.2865e-05,7.24884e-05,5.45047e-05,8.99231e-05,2.41374e-05,3.89726e-05,0.000106221,3.9862e-05,7.94968e-05,5.80981e-05,9.31927e-05,2.644e-05,3.88653e-05,2.62643e-05,5.98385e-05,0.000110236,5.68673e-05,6.18452e-05,5.09394e-05,5.48216e-05,8.13347e-05,0.000124626,1.88401e-05,0.000111416,7.72713e-05,2.11603e-05,2.67665e-05,6.76796e-05,2.08323e-05,1.00482e-05,1.70853e-05,5.67917e-05
0,0,0,0,3.08969e-05,8.7447e-05,0.000109596,6.32432e-05,2.79403e-05,5.29858e-05,9.64392e-05,1.97987e-05,2.31672e-05,5.56374e-05,0.000127497,5.42288e-05,2.73367e-05,7.40184e-05,5.64623e-05,9.11838e-05,2.84252e-05,4.17538e-05,0.000107272,4.26012e-05,8.09152e-05,5.9997e-05,9.44094e-05,3.04063e-05,4.16516e-05,3.02535e-05,6.17005e-05,0.000111908,5.88074e-05,6.36337e-05,5.30964e-05,5.68315e-05,8.27028e-05,0.000125523,2.40699e-05,0.000112419,7.871e-05,2.59262e-05,3.06734e-05,6.93176e-05,2.56593e-05,1.80383e-05,2.27227e-05,5.87342e-05
0,0,0,0,0,7.8352e-05,0.000108614,6.32058e-05,2.90645e-05,5.39247e-05,0.000107752,2.0171e-05,2.03801e-05,5.67092e-05,0.000115373,6.052e-05,2.79086e-05,7.42361e-05,5.68653e-05,9.13368e-05,2.89612e-05,4.21302e-05,0.000107422,4.2955e-05,8.10922e-05,6.02641e-05,9.45575e-05,3.09066e-05,4.20334e-05,3.07564e-05,6.19443e-05,0.000111421,5.90759e-05,6.38819e-05,5.33937e-05,5.71094e-05,8.2894e-05,0.000125649,2.47188e-05,0.000112559,7.89109e-05,2.65298e-05,3.11852e-05,6.95456e-05,2.62689e-05,1.88955e-05,2.3409e-05,5.90031e-05
0,0,0,0,0,0,0.000141627,0.000106724,7.80408e-05,9.06956e-05,0.000130418,7.53816e-05,7.68012e-05,9.38189e-05,0.000147939,9.95005e-05,7.61322e-05,0.000102605,9.08184e-05,0.000115598,7.65421e-05,8.24144e-05,0.000128671,8.28549e-05,0.000107684,9.29987e-05,0.000118158,7.72993e-05,8.23654e-05,7.72393e-05,9.411e-05,0.000132505,9.22332e-05,9.53829e-05,8.87011e-05,9.09861e-05,0.000109034,0.000144238,7.502e-05,0.000132991,0.000106037,7.5636e-05,7.73918e-05,9.92652e-05,7.55449e-05,7.33077e-05,7.45986e-05,9.21865e-05
0,0,0,0,0,0,0,0.000135442,0.000122665,0.000132421,0.000154539,0.000121903,0.000120414,0.000120426,0.00016671,0.000118134,0.000106774,0.000127016,0.000117774,0.000137723,0.000107073,0.000111341,0.000148867,0.000111671,0.000131152,0.00011939,0.000139879,0.000107616,0.000111308,0.000107572,0.00012026,0.000152205,0.000118792,0.000121253,0.000116071,0.000117826,0.000132261,0.000162509,0.000105983,0.000152614,0.000129801,0.00010642,0.000107675,0.00012433,0.000106356,0.000104778,0.000105686,0.000118755
0,0,0,0,0,0,0,0,6.59723e-05,8.92679e-05,0.000113682,6.2589e-05,6.08095e-05,9.05965e-05,0.000139779,7.84275e-05,6.31624e-05,9.33893e-05,8.02977e-05,0.000107499,6.36505e-05,7.06082e-05,0.00012145,7.1118e-05,9.89397e-05,8.2719e-05,0.000110248,6.45592e-05,7.05524e-05,6.44873e-05,8.39641e-05,0.000125458,8.18559e-05,8.53893e-05,7.78544e-05,8.04482e-05,0.000100408,0.000137834,6.18177e-05,0.000126016,9.7146e-05,6.25638e-05,6.46755e-05,8.97051e-05,6.24537e-05,5.97281e-05,6.13057e-05,8.18033e-05
0,0,0,0,0,0,0,0,0,6.56973e-05,0.0001098,2.567e-05,2.38058e-05,6.7109e-05,0.0001154,5.36949e-05,3.10646e-05,7.54762e-05,5.84153e-05,9.23489e-05,3.20132e-05,4.42839e-05,0.000108282,4.50688e-05,8.22309e-05,6.17861e-05,9.55355e-05,3.37831e-05,4.41894e-05,3.36459e-05,6.34254e-05,0.000112221,6.06308e-05,6.53225e-05,5.51091e-05,5.87163e-05,8.40091e-05,0.000126388,2.82338e-05,0.000113383,8.00816e-05,2.98321e-05,3.40388e-05,7.08711e-05,2.96004e-05,2.33059e-05,2.70944e-05,6.05598e-05
0,0,0,0,0,0,0,0,0,0,0.000118481,6.09707e-05,5.1331e-05,7.47666e-05,0.000124715,7.05099e-05,5.44734e-05,8.77997e-05,7.45985e-05,0.000102624,5.50195e-05,6.2956e-05,0.000117218,6.3511e-05,9.36202e-05,7.63425e-05,0.0001055,5.60699e-05,6.29439e-05,5.59857e-05,7.76764e-05,0.000120841,7.53526e-05,7.91766e-05,7.09854e-05,7.38208e-05,9.51811e-05,0.000134074,5.29059e-05,0.000121892,9.17331e-05,5.37759e-05,5.62186e-05,8.3813e-05,5.36477e-05,5.04486e-05,5.23068e-05,7.52954e-05
0,0,0,0,0,0,0,0,0,0,0,9.52412e-05,9.35459e-05,0.000119394,0.000157284,0.000106961,9.42391e-05,0.000116675,0.000106523,0.000128248,9.45734e-05,9.93831e-05,0.000140148,9.97506e-05,0.000121164,0.000108324,0.000130561,9.51872e-05,9.93452e-05,9.51384e-05,0.000109281,0.000143643,0.000107665,0.000110375,0.000104655,0.000106599,0.000122365,0.000154562,9.33425e-05,0.000144123,0.000119703,9.38383e-05,9.52592e-05,0.000113747,9.37649e-05,9.19719e-05,9.30042e-05,0.000107625
0,0,0,0,0,0,0,0,0,0,0,0,1.22558e-05,5.38498e-05,0.000126895,4.94539e-05,2.37848e-05,7.27847e-05,5.48916e-05,9.01854e-05,2.50263e-05,3.95198e-05,0.000106426,4.04142e-05,7.97875e-05,5.84672e-05,9.34454e-05,2.72559e-05,3.94143e-05,2.70853e-05,6.02152e-05,0.000111149,5.72428e-05,6.21906e-05,5.13582e-05,5.5211e-05,8.15977e-05,0.000124798,1.99446e-05,0.000111608,7.7548e-05,2.21494e-05,2.75552e-05,6.79953e-05,2.18364e-05,1.1992e-05,1.82962e-05,5.71676e-05
0,0,0,0,0,0,0,0,0,0,0,0,0,5.36279e-05,0.000114737,5.74449e-05,2.27093e-05,7.24395e-05,5.44401e-05,8.9885e-05,2.39909e-05,3.88815e-05,0.000106188,3.97739e-05,7.94534e-05,5.80372e-05,9.31559e-05,2.63064e-05,3.8774e-05,2.61298e-05,5.97804e-05,0.000110258,5.68049e-05,6.17878e-05,5.08696e-05,5.47568e-05,8.12911e-05,0.000124598,1.86507e-05,0.000111384,7.72254e-05,2.09918e-05,2.66336e-05,6.76271e-05,2.06612e-05,9.68854e-06,1.68763e-05,5.67291e-05
0,0,0,0,0,0,0,0,0,0,0,0,0,0,0.000136916,8.17768e-05,5.63254e-05,8.8906e-05,7.49829e-05,0.000103629,5.68702e-05,6.45647e-05,0.000118037,6.51206e-05,9.47214e-05,7.7622e-05,0.000106478,5.78854e-05,6.45013e-05,5.78053e-05,7.8947e-05,0.000122172,7.67039e-05,8.04637e-05,7.24182e-05,7.51997e-05,9.62544e-05,0.000134838,5.48135e-05,0.000122732,9.28463e-05,5.56536e-05,5.80174e-05,8.503e-05,5.55298e-05,5.24456e-05,5.42354e-05,7.66477e-05
0,0,0,0,0,0,0,0,0,0,0,0,0,0,0,0.000134903,0.000112346,0.000131725,0.000122762,0.000142568,0.000113215,0.000116682,0.000152958,0.000117534,0.00013617,0.000124393,0.000144617,0.000113736,0.000116668,0.000113691,0.000125703,0.000167004,0.000123763,0.000126126,0.000121151,0.000122834,0.000136741,0.000166176,0.000111525,0.000156513,0.000134364,0.00011194,0.000113134,0.000129087,0.000111878,0.00011038,0.000111242,0.000123726
0,0,0,0,0,0,0,0,0,0,0,0,0,0,0,0,5.23482e-05,8.64974e-05,7.30394e-05,0.000101527,5.29304e-05,6.11265e-05,0.000116248,6.17115e-05,9.24135e-05,7.48406e-05,0.000104433,5.40218e-05,6.11128e-05,5.39344e-05,7.62138e-05,0.000120386,7.38301e-05,7.7729e-05,6.9367e-05,7.2266e-05,9.39803e-05,0.000133224,5.07139e-05,0.000120957,9.04866e-05,5.16208e-05,5.41609e-05,8.24469e-05,5.14873e-05,4.81448e-05,5.00886e-05,7.37717e-05
0,0,0,0,0,0,0,0,0,0,0,0,0,0,0,0,0,8.81173e-05,5.97697e-05,9.38941e-05,3.98944e-05,4.48432e-05,0.000125014,4.51229e-05,8.37748e-05,6.32988e-05,0.000110044,3.48596e-05,4.49022e-05,3.48328e-05,6.42947e-05,0.00011455,6.05183e-05,6.51801e-05,5.49417e-05,5.85579e-05,8.38999e-05,0.000126316,2.79027e-05,0.000113303,7.99655e-05,2.9519e-05,3.37648e-05,7.07401e-05,2.92848e-05,2.29054e-05,2.67492e-05,6.04062e-05
0,0,0,0,0,0,0,0,0,0,0,0,0,0,0,0,0,0,0.000103554,0.000118034,7.7857e-05,8.33258e-05,0.000142803,8.34136e-05,0.000109478,0.000105179,0.000132617,7.81582e-05,9.38027e-05,8.84813e-05,9.59139e-05,0.000133573,9.16665e-05,9.4761e-05,8.80346e-05,9.03339e-05,0.000108493,0.00014383,7.42275e-05,0.000132548,0.000105478,7.48501e-05,7.66239e-05,9.86679e-05,7.4758e-05,7.2501e-05,7.38017e-05,9.15429e-05
0,0,0,0,0,0,0,0,0,0,0,0,0,0,0,0,0,0,0,0.000107363,5.95599e-05,6.77269e-05,0.000133038,6.79044e-05,9.76063e-05,9.13426e-05,0.000109888,6.12409e-05,7.72406e-05,6.06256e-05,9.24849e-05,0.000123711,7.81532e-05,8.17732e-05,7.38731e-05,7.65991e-05,9.73542e-05,0.000135626,5.6718e-05,0.000123597,9.39834e-05,5.75304e-05,5.98201e-05,8.62703e-05,5.74106e-05,5.44372e-05,5.61596e-05,7.80213e-05
0,0,0,0,0,0,0,0,0,0,0,0,0,0,0,0,0,0,0,0,0.000105892,0.000100254,0.000141627,0.000112315,0.000133623,0.000119343,0.000132278,9.5111e-05,0.000111403,0.000106413,0.000120707,0.000157516,0.000106056,0.00010868,0.000102871,0.000104843,0.000120842,0.00015336,9.13319e-05,0.000142833,0.000118142,9.18386e-05,9.329e-05,0.000112103,9.17636e-05,8.99389e-05,9.09862e-05,0.000105886
0,0,0,0,0,0,0,0,0,0,0,0,0,0,0,0,0,0,0,0,0,4.55247e-05,0.000123705,4.6869e-05,8.47126e-05,6.31167e-05,9.87097e-05,3.56875e-05,4.55462e-05,3.5587e-05,6.57713e-05,0.000127347,6.10103e-05,6.56368e-05,5.54828e-05,5.90658e-05,8.42552e-05,0.000126552,2.89535e-05,0.000113566,8.03382e-05,3.05141e-05,3.46381e-05,7.11611e-05,3.02876e-05,2.41745e-05,2.78436e-05,6.08987e-05
0,0,0,0,0,0,0,0,0,0,0,0,0,0,0,0,0,0,0,0,0,0,0.000126506,6.52266e-05,0.000101128,7.98848e-05,0.000102859,4.68046e-05,5.59433e-05,4.62272e-05,7.22818e-05,0.000118512,7.86188e-05,7.25038e-05,6.42199e-05,6.65848e-05,9.0481e-05,0.000131129,4.21589e-05,0.00011856,8.60574e-05,4.32506e-05,4.62739e-05,7.76083e-05,4.30917e-05,3.98716e-05,4.14261e-05,6.82546e-05
0,0,0,0,0,0,0,0,0,0,0,0,0,0,0,0,0,0,0,0,0,0,0,0.000115161,0.000145706,0.000124742,0.000155936,0.000124327,0.000115434,0.000111053,0.000135745,0.000156614,0.000120986,0.000122508,0.000117424,0.000119116,0.000133447,0.000163479,0.000107415,0.000153646,0.000130975,0.000107847,0.000109086,0.000125557,0.000107783,0.000106299,0.000107123,0.000120037
0,0,0,0,0,0,0,0,0,0,0,0,0,0,0,0,0,0,0,0,0,0,0,0,0.000102985,7.15461e-05,0.000102561,4.7537e-05,6.5735e-05,4.80519e-05,7.26743e-05,0.00013143,6.96449e-05,7.2904e-05,6.39591e-05,6.70478e-05,9.00741e-05,0.000130515,4.29502e-05,0.000117962,8.63778e-05,4.40175e-05,4.69715e-05,7.79179e-05,4.38609e-05,3.9941e-05,4.2211e-05,6.86697e-05
0,0,0,0,0,0,0,0,0,0,0,0,0,0,0,0,0,0,0,0,0,0,0,0,0,0.000100373,0.000134914,8.52934e-05,0.000101215,8.5364e-05,0.000101034,0.000149502,9.81678e-05,0.000100228,9.39362e-05,9.60527e-05,0.000113335,0.000147524,8.1089e-05,0.000136546,0.000110416,8.16594e-05,8.32891e-05,0.000103932,8.1575e-05,7.95772e-05,8.07005e-05,9.7192e-05
0,0,0,0,0,0,0,0,0,0,0,0,0,0,0,0,0,0,0,0,0,0,0,0,0,0,0.000122199,6.47505e-05,7.15964e-05,6.5144e-05,9.51963e-05,0.00012654,8.15455e-05,8.42681e-05,7.66654e-05,7.92562e-05,9.94948e-05,0.000137181,6.02566e-05,0.000125299,9.61625e-05,6.1022e-05,6.31861e-05,8.86414e-05,6.09091e-05,5.8171e-05,5.97323e-05,8.0633e-05
0,0,0,0,0,0,0,0,0,0,0,0,0,0,0,0,0,0,0,0,0,0,0,0,0,0,0,0.000110427,0.000102391,0.000110556,0.000113475,0.000158177,0.000108822,0.000111401,0.00010574,0.00010766,0.000123294,0.000155299,9.45528e-05,0.000144913,0.000120649,9.50423e-05,9.64456e-05,0.000114743,9.49699e-05,9.32068e-05,9.4219e-05,0.000108677
0,0,0,0,0,0,0,0,0,0,0,0,0,0,0,0,0,0,0,0,0,0,0,0,0,0,0,0,4.62354e-05,3.72189e-05,7.62306e-05,0.000128405,6.19571e-05,6.65179e-05,5.65224e-05,6.00434e-05,8.49433e-05,0.000127011,3.0899e-05,0.000114078,8.10596e-05,3.2366e-05,3.62801e-05,7.19746e-05,3.21525e-05,2.64737e-05,2.98615e-05,6.18474e-05
0,0,0,0,0,0,0,0,0,0,0,0,0,0,0,0,0,0,0,0,0,0,0,0,0,0,0,0,0,4.73614e-05,7.23888e-05,0.000119189,6.82526e-05,7.23596e-05,6.32958e-05,6.64566e-05,8.95936e-05,0.000130168,4.20238e-05,0.000117582,8.59182e-05,4.3114e-05,4.61249e-05,7.74057e-05,4.2954e-05,3.88896e-05,4.12671e-05,6.80909e-05
0,0,0,0,0,0,0,0,0,0,0,0,0,0,0,0,0,0,0,0,0,0,0,0,0,0,0,0,0,0,6.61047e-05,0.000128233,6.18543e-05,6.64483e-05,5.64394e-05,5.99663e-05,8.48878e-05,0.000126974,3.07489e-05,0.000114036,8.10025e-05,3.22227e-05,3.61523e-05,7.19101e-05,3.20083e-05,2.62971e-05,2.97061e-05,6.17725e-05
0,0,0,0,0,0,0,0,0,0,0,0,0,0,0,0,0,0,0,0,0,0,0,0,0,0,0,0,0,0,0,0.000139099,8.20202e-05,8.54732e-05,7.79492e-05,8.05372e-05,0.000100482,0.000137888,6.19335e-05,0.000126075,9.72199e-05,6.26782e-05,6.47862e-05,8.97852e-05,6.25683e-05,5.98522e-05,6.14225e-05,8.1891e-05
0,0,0,0,0,0,0,0,0,0,0,0,0,0,0,0,0,0,0,0,0,0,0,0,0,0,0,0,0,0,0,0,0.000123654,0.00012593,0.000120951,0.000122634,0.000136564,0.00016603,0.000111304,0.000156358,0.000134181,0.00011172,0.000112916,0.000128896,0.000111658,0.000110163,0.00011102,0.000123527
0,0,0,0,0,0,0,0,0,0,0,0,0,0,0,0,0,0,0,0,0,0,0,0,0,0,0,0,0,0,0,0,0,8.53377e-05,8.8351e-05,7.98153e-05,0.000111347,0.000151008,5.98681e-05,0.000139354,9.74283e-05,6.07619e-05,6.33666e-05,9.08072e-05,6.0652e-05,6.80746e-05,5.97496e-05,8.1949e-05
0,0,0,0,0,0,0,0,0,0,0,0,0,0,0,0,0,0,0,0,0,0,0,0,0,0,0,0,0,0,0,0,0,0,8.11061e-05,8.4241e-05,0.000115665,0.000155365,6.48022e-05,0.000142319,0.000112529,6.62926e-05,7.90637e-05,9.27383e-05,6.54225e-05,6.21807e-05,6.45371e-05,9.55862e-05
0,0,0,0,0,0,0,0,0,0,0,0,0,0,0,0,0,0,0,0,0,0,0,0,0,0,0,0,0,0,0,0,0,0,0,7.60671e-05,9.79256e-05,0.000137219,5.48525e-05,0.000136797,9.47421e-05,5.71399e-05,5.75292e-05,9.73859e-05,5.58068e-05,6.21607e-05,6.26389e-05,8.66477e-05
0,0,0,0,0,0,0,0,0,0,0,0,0,0,0,0,0,0,0,0,0,0,0,0,0,0,0,0,0,0,0,0,0,0,0,0,0.000110529,0.000151903,6.8866e-05,0.000127308,9.6475e-05,6.03389e-05,6.10687e-05,9.90157e-05,6.97784e-05,5.59877e-05,5.82364e-05,9.03969e-05
0,0,0,0,0,0,0,0,0,0,0,0,0,0,0,0,0,0,0,0,0,0,0,0,0,0,0,0,0,0,0,0,0,0,0,0,0,0.000164637,8.48584e-05,0.000152119,0.000125092,8.53701e-05,8.81281e-05,0.000107721,8.53297e-05,8.28101e-05,8.38403e-05,0.00011232
0,0,0,0,0,0,0,0,0,0,0,0,0,0,0,0,0,0,0,0,0,0,0,0,0,0,0,0,0,0,0,0,0,0,0,0,0,0,0.0001429,0.000181874,0.000161656,0.000142855,0.000144474,0.000145115,0.000129855,0.000126488,0.000129982,0.000153179
0,0,0,0,0,0,0,0,0,0,0,0,0,0,0,0,0,0,0,0,0,0,0,0,0,0,0,0,0,0,0,0,0,0,0,0,0,0,0,0.000115241,8.11622e-05,2.82029e-05,3.18739e-05,7.21772e-05,3.39872e-05,1.91167e-05,2.99891e-05,6.08278e-05
0,0,0,0,0,0,0,0,0,0,0,0,0,0,0,0,0,0,0,0,0,0,0,0,0,0,0,0,0,0,0,0,0,0,0,0,0,0,0,0,0.000150698,0.000115164,0.000130503,0.000145011,0.000128522,0.000115517,0.000114945,0.000127907
0,0,0,0,0,0,0,0,0,0,0,0,0,0,0,0,0,0,0,0,0,0,0,0,0,0,0,0,0,0,0,0,0,0,0,0,0,0,0,0,0,8.24268e-05,9.48027e-05,0.000114509,8.12971e-05,7.86369e-05,9.07519e-05,9.77806e-05
0,0,0,0,0,0,0,0,0,0,0,0,0,0,0,0,0,0,0,0,0,0,0,0,0,0,0,0,0,0,0,0,0,0,0,0,0,0,0,0,0,0,3.33732e-05,8.15187e-05,2.89727e-05,2.20816e-05,3.22568e-05,7.06682e-05
0,0,0,0,0,0,0,0,0,0,0,0,0,0,0,0,0,0,0,0,0,0,0,0,0,0,0,0,0,0,0,0,0,0,0,0,0,0,0,0,0,0,0,7.36613e-05,3.31543e-05,2.69788e-05,3.10126e-05,6.35986e-05
0,0,0,0,0,0,0,0,0,0,0,0,0,0,0,0,0,0,0,0,0,0,0,0,0,0,0,0,0,0,0,0,0,0,0,0,0,0,0,0,0,0,0,0,8.27265e-05,8.01707e-05,7.23706e-05,9.07584e-05
0,0,0,0,0,0,0,0,0,0,0,0,0,0,0,0,0,0,0,0,0,0,0,0,0,0,0,0,0,0,0,0,0,0,0,0,0,0,0,0,0,0,0,0,0,2.1734e-05,2.62698e-05,6.0948e-05
0,0,0,0,0,0,0,0,0,0,0,0,0,0,0,0,0,0,0,0,0,0,0,0,0,0,0,0,0,0,0,0,0,0,0,0,0,0,0,0,0,0,0,0,0,0,1.80467e-05,5.81117e-05
0,0,0,0,0,0,0,0,0,0,0,0,0,0,0,0,0,0,0,0,0,0,0,0,0,0,0,0,0,0,0,0,0,0,0,0,0,0,0,0,0,0,0,0,0,0,0,6.07845e-05
0,0,0,0,0,0,0,0,0,0,0,0,0,0,0,0,0,0,0,0,0,0,0,0,0,0,0,0,0,0,0,0,0,0,0,0,0,0,0,0,0,0,0,0,0,0,0,0
