# # np.logspace(-2, 2., num = num_time_points)
0,0.000625721,0.000625138,0.000625359,0.000625375,0.000625717,0.000625797,0.000625672,0.000625439,0.000625726,0.000625769,0.000625231,0.000625113,0.000625638,0.000625811,0.000625715,0.000625434,0.000625714,0.000625744,0.000625764,0.000625451,0.00062557,0.000625801,0.000625575,0.000625738,0.000625665,0.000625773,0.000625477,0.000625569,0.000625475,0.000625672,0.000625811,0.000625659,0.00062568,0.00062563,0.000625649,0.000625743,0.000625838,0.000625373,0.000625813,0.00062573,0.000625412,0.000625479,0.000625696,0.000625405,0.000625139,0.000625343,0.000625659
0,0,0.000625516,0.000625601,0.000625717,0.000625959,0.000626091,0.000625977,0.000625681,0.000625869,0.000626065,0.000625473,0.000625355,0.00062588,0.000626053,0.000625857,0.000625676,0.000625956,0.00062589,0.000626005,0.000625692,0.000625812,0.000626043,0.000625817,0.000625979,0.000625907,0.000626014,0.000625718,0.000625811,0.000625717,0.000625914,0.000626052,0.000625901,0.000625922,0.000625872,0.000625891,0.000625985,0.00062608,0.000625615,0.000626055,0.000625972,0.000625653,0.000625721,0.000625938,0.000625647,0.000625381,0.000625584,0.000625901
0,0,0,0.000625117,0.000625132,0.000625601,0.000625555,0.00062543,0.000625197,0.000625385,0.000625527,0.000624989,0.000624871,0.00062553,0.000625569,0.000625373,0.000625192,0.000625472,0.000625406,0.000625522,0.000625208,0.000625328,0.000625559,0.000625333,0.000625495,0.000625423,0.000625531,0.000625234,0.000625327,0.000625233,0.00062543,0.000625569,0.000625417,0.000625438,0.000625388,0.000625407,0.000625501,0.000625596,0.000625131,0.000625571,0.000625488,0.000625169,0.000625237,0.000625454,0.000625163,0.000624897,0.0006251,0.000625417
0,0,0,0,0.000625487,0.000625788,0.000625776,0.000625651,0.000625418,0.000625606,0.000625748,0.00062521,0.000625266,0.000625617,0.000625874,0.000625594,0.000625413,0.000625693,0.000625627,0.000625743,0.000625429,0.000625549,0.00062578,0.000625554,0.000625716,0.000625644,0.000625751,0.000625455,0.000625548,0.000625454,0.000625651,0.00062579,0.000625638,0.000625659,0.000625609,0.000625628,0.000625722,0.000625817,0.000625352,0.000625792,0.000625709,0.00062539,0.000625458,0.000625675,0.000625384,0.000625118,0.000625321,0.000625638
0,0,0,0,0,0.000625711,0.000625792,0.000625666,0.000625434,0.000625622,0.000625849,0.000625226,0.000625108,0.000625632,0.000625805,0.000625711,0.000625428,0.000625709,0.000625642,0.000625758,0.000625445,0.000625565,0.000625796,0.000625569,0.000625732,0.000625659,0.000625767,0.000625471,0.000625563,0.000625469,0.000625667,0.000625805,0.000625653,0.000625674,0.000625624,0.000625643,0.000625738,0.000625832,0.000625368,0.000625808,0.000625725,0.000625406,0.000625474,0.000625691,0.0006254,0.000625133,0.000625337,0.000625653
0,0,0,0,0,0,0.000626176,0.000626062,0.000625776,0.000625964,0.00062615,0.000625568,0.00062545,0.000625974,0.000626188,0.000626012,0.000625771,0.000626051,0.000625984,0.0006261,0.000625787,0.000625907,0.000626138,0.000625912,0.000626074,0.000626002,0.000626109,0.000625813,0.000625905,0.000625812,0.000626009,0.000626147,0.000625995,0.000626016,0.000625966,0.000625985,0.00062608,0.000626174,0.00062571,0.00062615,0.000626067,0.000625748,0.000625816,0.000626033,0.000625742,0.000625476,0.000625679,0.000625995
0,0,0,0,0,0,0,0.000626135,0.00062593,0.000626096,0.000626223,0.000625753,0.000625654,0.000626055,0.000626261,0.000626032,0.000625851,0.000626131,0.000626065,0.000626181,0.000625868,0.000625987,0.000626218,0.000625992,0.000626154,0.000626082,0.000626189,0.000625894,0.000625986,0.000625892,0.000626089,0.000626228,0.000626076,0.000626097,0.000626047,0.000626066,0.00062616,0.000626255,0.00062579,0.00062623,0.000626147,0.000625829,0.000625896,0.000626113,0.000625822,0.000625556,0.00062576,0.000626076
0,0,0,0,0,0,0,0,0.000625731,0.000625982,0.00062606,0.000625523,0.000625405,0.000625991,0.000626148,0.000625907,0.000625725,0.000626005,0.000625939,0.000626055,0.000625742,0.000625862,0.000626093,0.000625866,0.000626029,0.000625956,0.000626064,0.000625768,0.00062586,0.000625766,0.000625963,0.000626102,0.00062595,0.000625971,0.000625921,0.00062594,0.000626035,0.000626129,0.000625665,0.000626105,0.000626022,0.000625703,0.000625771,0.000625988,0.000625697,0.000625431,0.000625634,0.00062595
0,0,0,0,0,0,0,0,0,0.000625777,0.000625905,0.00062529,0.000625172,0.000625786,0.00062587,0.000625674,0.000625493,0.000625773,0.000625707,0.000625823,0.00062551,0.000625629,0.00062586,0.000625634,0.000625796,0.000625724,0.000625831,0.000625535,0.000625628,0.000625534,0.000625731,0.00062587,0.000625718,0.000625739,0.000625689,0.000625708,0.000625802,0.000625897,0.000625432,0.000625872,0.000625789,0.00062547,0.000625538,0.000625755,0.000625464,0.000625198,0.000625401,0.000625718
0,0,0,0,0,0,0,0,0,0,0.00062607,0.000625599,0.00062536,0.000625885,0.000626058,0.000625862,0.000625681,0.000625961,0.000625895,0.000626011,0.000625698,0.000625817,0.000626048,0.000625822,0.000625984,0.000625912,0.000626019,0.000625723,0.000625816,0.000625722,0.000625919,0.000626057,0.000625906,0.000625927,0.000625877,0.000625896,0.00062599,0.000626085,0.00062562,0.00062606,0.000625977,0.000625659,0.000625726,0.000625943,0.000625652,0.000625386,0.000625589,0.000625906
0,0,0,0,0,0,0,0,0,0,0,0.00062562,0.000625502,0.000626079,0.000626236,0.000626004,0.000625823,0.000626103,0.000626036,0.000626152,0.000625839,0.000625959,0.00062619,0.000625964,0.000626126,0.000626054,0.000626161,0.000625865,0.000625957,0.000625864,0.000626061,0.000626199,0.000626047,0.000626069,0.000626018,0.000626038,0.000626132,0.000626226,0.000625762,0.000626202,0.000626119,0.0006258,0.000625868,0.000626085,0.000625794,0.000625528,0.000625731,0.000626047
0,0,0,0,0,0,0,0,0,0,0,0,0.000624964,0.000625489,0.000625765,0.000625467,0.000625285,0.000625565,0.000625499,0.000625615,0.000625302,0.000625421,0.000625653,0.000625426,0.000625589,0.000625516,0.000625624,0.000625328,0.00062542,0.000625326,0.000625523,0.000625662,0.00062551,0.000625531,0.000625481,0.0006255,0.000625595,0.000625689,0.000625224,0.000625665,0.000625582,0.000625263,0.00062533,0.000625548,0.000625256,0.00062499,0.000625194,0.00062551
0,0,0,0,0,0,0,0,0,0,0,0,0,0.000625371,0.000625544,0.00062549,0.000625167,0.000625447,0.000625381,0.000625497,0.000625184,0.000625303,0.000625535,0.000625308,0.000625471,0.000625398,0.000625506,0.00062521,0.000625302,0.000625208,0.000625405,0.000625544,0.000625392,0.000625413,0.000625363,0.000625382,0.000625476,0.000625571,0.000625106,0.000625546,0.000625463,0.000625145,0.000625212,0.000625429,0.000625138,0.000624872,0.000625075,0.000625392
0,0,0,0,0,0,0,0,0,0,0,0,0,0,0.000626117,0.000625941,0.000625692,0.000625972,0.000625905,0.000626021,0.000625708,0.000625828,0.000626059,0.000625833,0.000625995,0.000625922,0.00062603,0.000625734,0.000625826,0.000625733,0.00062593,0.000626068,0.000625916,0.000625937,0.000625887,0.000625906,0.000626001,0.000626095,0.000625631,0.000626071,0.000625988,0.000625669,0.000625737,0.000625954,0.000625663,0.000625397,0.0006256,0.000625916
0,0,0,0,0,0,0,0,0,0,0,0,0,0,0,0.000626097,0.000625865,0.000626145,0.000626078,0.000626194,0.000625881,0.000626001,0.000626232,0.000626006,0.000626168,0.000626096,0.000626203,0.000625907,0.000625999,0.000625906,0.000626103,0.000626274,0.000626089,0.00062611,0.00062606,0.000626079,0.000626174,0.000626268,0.000625804,0.000626244,0.000626161,0.000625842,0.00062591,0.000626127,0.000625836,0.00062557,0.000625773,0.000626089
0,0,0,0,0,0,0,0,0,0,0,0,0,0,0,0,0.000625669,0.000625949,0.000625883,0.000625999,0.000625686,0.000625805,0.000626036,0.00062581,0.000625972,0.0006259,0.000626008,0.000625712,0.000625804,0.00062571,0.000625907,0.000626046,0.000625894,0.000625915,0.000625865,0.000625884,0.000625978,0.000626073,0.000625608,0.000626048,0.000625965,0.000625647,0.000625714,0.000625931,0.00062564,0.000625374,0.000625578,0.000625894
0,0,0,0,0,0,0,0,0,0,0,0,0,0,0,0,0,0.00062585,0.000625702,0.000625817,0.000625617,0.000625624,0.00062593,0.000625629,0.000625791,0.000625719,0.000625903,0.00062553,0.000625623,0.000625529,0.000625726,0.000625864,0.000625713,0.000625734,0.000625683,0.000625703,0.000625797,0.000625892,0.000625427,0.000625867,0.000625784,0.000625465,0.000625533,0.00062575,0.000625459,0.000625193,0.000625396,0.000625712
0,0,0,0,0,0,0,0,0,0,0,0,0,0,0,0,0,0,0.000626038,0.000626097,0.000625785,0.000625904,0.000626177,0.000625909,0.000626071,0.000626054,0.000626151,0.00062581,0.000625968,0.000625886,0.000626006,0.000626144,0.000625993,0.000626014,0.000625964,0.000625983,0.000626077,0.000626172,0.000625707,0.000626147,0.000626064,0.000625745,0.000625813,0.00062603,0.000625739,0.000625473,0.000625676,0.000625993
0,0,0,0,0,0,0,0,0,0,0,0,0,0,0,0,0,0,0,0.000626031,0.000625718,0.000625838,0.000626118,0.000625843,0.000626005,0.000625994,0.00062604,0.000625744,0.000625909,0.000625743,0.000626,0.000626078,0.000625926,0.000625947,0.000625897,0.000625916,0.000626011,0.000626105,0.000625641,0.000626081,0.000625998,0.000625679,0.000625747,0.000625964,0.000625673,0.000625407,0.00062561,0.000625926
0,0,0,0,0,0,0,0,0,0,0,0,0,0,0,0,0,0,0,0,0.00062591,0.000625954,0.000626185,0.000626019,0.000626164,0.000626099,0.000626156,0.00062586,0.000626013,0.000625931,0.000626105,0.00062623,0.000626042,0.000626063,0.000626013,0.000626032,0.000626127,0.000626221,0.000625757,0.000626197,0.000626114,0.000625795,0.000625863,0.00062608,0.000625789,0.000625523,0.000625726,0.000626042
0,0,0,0,0,0,0,0,0,0,0,0,0,0,0,0,0,0,0,0,0,0.000625641,0.000625944,0.000625645,0.000625808,0.000625735,0.000625843,0.000625547,0.000625639,0.000625545,0.000625742,0.000625953,0.000625729,0.00062575,0.0006257,0.000625719,0.000625814,0.000625908,0.000625444,0.000625884,0.000625801,0.000625482,0.00062555,0.000625767,0.000625475,0.000625209,0.000625413,0.000625729
0,0,0,0,0,0,0,0,0,0,0,0,0,0,0,0,0,0,0,0,0,0,0.000626049,0.000625845,0.00062599,0.000625925,0.000625962,0.000625666,0.000625759,0.000625665,0.000625862,0.000626001,0.00062592,0.00062587,0.00062582,0.000625839,0.000625933,0.000626028,0.000625563,0.000626003,0.00062592,0.000625602,0.000625669,0.000625886,0.000625595,0.000625329,0.000625532,0.000625849
0,0,0,0,0,0,0,0,0,0,0,0,0,0,0,0,0,0,0,0,0,0,0,0.000625996,0.000626198,0.000626086,0.00062623,0.000625967,0.00062599,0.000625896,0.000626139,0.000626232,0.00062608,0.000626101,0.000626051,0.00062607,0.000626164,0.000626259,0.000625794,0.000626234,0.000626151,0.000625833,0.0006259,0.000626117,0.000625826,0.00062556,0.000625764,0.00062608
0,0,0,0,0,0,0,0,0,0,0,0,0,0,0,0,0,0,0,0,0,0,0,0,0.000625995,0.00062586,0.000625967,0.000625671,0.000625844,0.00062567,0.000625867,0.000626061,0.000625853,0.000625875,0.000625824,0.000625844,0.000625938,0.000626033,0.000625568,0.000626008,0.000625925,0.000625606,0.000625674,0.000625891,0.0006256,0.000625334,0.000625537,0.000625853
0,0,0,0,0,0,0,0,0,0,0,0,0,0,0,0,0,0,0,0,0,0,0,0,0,0.000626022,0.000626172,0.000625834,0.000625989,0.000625832,0.000626029,0.000626207,0.000626016,0.000626037,0.000625987,0.000626006,0.0006261,0.000626195,0.000625731,0.00062617,0.000626087,0.000625769,0.000625836,0.000626053,0.000625762,0.000625496,0.0006257,0.000626016
0,0,0,0,0,0,0,0,0,0,0,0,0,0,0,0,0,0,0,0,0,0,0,0,0,0,0.000626107,0.000625761,0.000625853,0.00062576,0.000626016,0.000626095,0.000625943,0.000625965,0.000625914,0.000625933,0.000626028,0.000626122,0.000625658,0.000626098,0.000626015,0.000625696,0.000625764,0.000625981,0.00062569,0.000625424,0.000625627,0.000625943
0,0,0,0,0,0,0,0,0,0,0,0,0,0,0,0,0,0,0,0,0,0,0,0,0,0,0,0.00062594,0.000625961,0.000625939,0.000626064,0.000626239,0.000626051,0.000626072,0.000626022,0.000626041,0.000626135,0.00062623,0.000625766,0.000626205,0.000626122,0.000625804,0.000625872,0.000626088,0.000625797,0.000625531,0.000625735,0.000626051
0,0,0,0,0,0,0,0,0,0,0,0,0,0,0,0,0,0,0,0,0,0,0,0,0,0,0,0,0.000625665,0.000625571,0.000625849,0.000625975,0.000625755,0.000625776,0.000625726,0.000625745,0.00062584,0.000625934,0.00062547,0.000625909,0.000625826,0.000625508,0.000625576,0.000625793,0.000625501,0.000625235,0.000625439,0.000625755
0,0,0,0,0,0,0,0,0,0,0,0,0,0,0,0,0,0,0,0,0,0,0,0,0,0,0,0,0,0.000625664,0.000625861,0.000625999,0.000625847,0.000625868,0.000625818,0.000625837,0.000625932,0.000626026,0.000625562,0.000626002,0.000625919,0.0006256,0.000625668,0.000625885,0.000625594,0.000625328,0.000625531,0.000625847
0,0,0,0,0,0,0,0,0,0,0,0,0,0,0,0,0,0,0,0,0,0,0,0,0,0,0,0,0,0,0.000625767,0.000625974,0.000625754,0.000625775,0.000625725,0.000625744,0.000625838,0.000625933,0.000625468,0.000625908,0.000625825,0.000625506,0.000625574,0.000625791,0.0006255,0.000625234,0.000625437,0.000625753
0,0,0,0,0,0,0,0,0,0,0,0,0,0,0,0,0,0,0,0,0,0,0,0,0,0,0,0,0,0,0,0.000626148,0.00062595,0.000625972,0.000625921,0.000625941,0.000626035,0.00062613,0.000625665,0.000626105,0.000626022,0.000625703,0.000625771,0.000625988,0.000625697,0.000625431,0.000625634,0.00062595
0,0,0,0,0,0,0,0,0,0,0,0,0,0,0,0,0,0,0,0,0,0,0,0,0,0,0,0,0,0,0,0,0.000626089,0.00062611,0.00062606,0.000626079,0.000626173,0.000626268,0.000625804,0.000626243,0.00062616,0.000625842,0.00062591,0.000626127,0.000625835,0.00062557,0.000625773,0.000626089
0,0,0,0,0,0,0,0,0,0,0,0,0,0,0,0,0,0,0,0,0,0,0,0,0,0,0,0,0,0,0,0,0,0.000625958,0.000625972,0.000625927,0.000626074,0.000626161,0.000625652,0.000626138,0.000626009,0.00062569,0.000625758,0.000625975,0.000625684,0.00062555,0.000625621,0.000625937
0,0,0,0,0,0,0,0,0,0,0,0,0,0,0,0,0,0,0,0,0,0,0,0,0,0,0,0,0,0,0,0,0,0,0.000625929,0.000625948,0.000626093,0.00062618,0.000625673,0.000626157,0.000626082,0.000625711,0.000625859,0.000625996,0.000625705,0.000625439,0.000625642,0.000626017
0,0,0,0,0,0,0,0,0,0,0,0,0,0,0,0,0,0,0,0,0,0,0,0,0,0,0,0,0,0,0,0,0,0,0,0.000625898,0.000625993,0.000626087,0.000625623,0.000626112,0.00062598,0.000625661,0.000625729,0.000626006,0.000625655,0.000625524,0.000625696,0.000625972
0,0,0,0,0,0,0,0,0,0,0,0,0,0,0,0,0,0,0,0,0,0,0,0,0,0,0,0,0,0,0,0,0,0,0,0,0.000626066,0.000626152,0.000625739,0.000626082,0.000625999,0.00062568,0.000625748,0.000626023,0.000625767,0.000625408,0.000625611,0.000625989
0,0,0,0,0,0,0,0,0,0,0,0,0,0,0,0,0,0,0,0,0,0,0,0,0,0,0,0,0,0,0,0,0,0,0,0,0,0.000626237,0.000625736,0.000626214,0.000626139,0.000625775,0.000625842,0.000626059,0.000625768,0.000625502,0.000625706,0.000626074
0,0,0,0,0,0,0,0,0,0,0,0,0,0,0,0,0,0,0,0,0,0,0,0,0,0,0,0,0,0,0,0,0,0,0,0,0,0,0.000625911,0.000626301,0.000626225,0.000625944,0.000626002,0.000626154,0.000625863,0.000625597,0.0006258,0.000626161
0,0,0,0,0,0,0,0,0,0,0,0,0,0,0,0,0,0,0,0,0,0,0,0,0,0,0,0,0,0,0,0,0,0,0,0,0,0,0,0.000625806,0.000625723,0.000625405,0.000625472,0.000625689,0.000625525,0.000625132,0.000625471,0.000625652
0,0,0,0,0,0,0,0,0,0,0,0,0,0,0,0,0,0,0,0,0,0,0,0,0,0,0,0,0,0,0,0,0,0,0,0,0,0,0,0,0.000626203,0.000625845,0.00062598,0.000626172,0.000625915,0.000625572,0.000625776,0.000626092
0,0,0,0,0,0,0,0,0,0,0,0,0,0,0,0,0,0,0,0,0,0,0,0,0,0,0,0,0,0,0,0,0,0,0,0,0,0,0,0,0,0.000625762,0.000625904,0.000626096,0.000625755,0.000625489,0.000625786,0.000626009
0,0,0,0,0,0,0,0,0,0,0,0,0,0,0,0,0,0,0,0,0,0,0,0,0,0,0,0,0,0,0,0,0,0,0,0,0,0,0,0,0,0,0.000625511,0.000625815,0.000625436,0.00062517,0.000625504,0.000625781
0,0,0,0,0,0,0,0,0,0,0,0,0,0,0,0,0,0,0,0,0,0,0,0,0,0,0,0,0,0,0,0,0,0,0,0,0,0,0,0,0,0,0,0.000625795,0.000625504,0.000625238,0.000625442,0.000625758
0,0,0,0,0,0,0,0,0,0,0,0,0,0,0,0,0,0,0,0,0,0,0,0,0,0,0,0,0,0,0,0,0,0,0,0,0,0,0,0,0,0,0,0,0.000625809,0.000625583,0.000625659,0.000625975
0,0,0,0,0,0,0,0,0,0,0,0,0,0,0,0,0,0,0,0,0,0,0,0,0,0,0,0,0,0,0,0,0,0,0,0,0,0,0,0,0,0,0,0,0,0.000625164,0.000625367,0.000625684
0,0,0,0,0,0,0,0,0,0,0,0,0,0,0,0,0,0,0,0,0,0,0,0,0,0,0,0,0,0,0,0,0,0,0,0,0,0,0,0,0,0,0,0,0,0,0.000625101,0.000625418
0,0,0,0,0,0,0,0,0,0,0,0,0,0,0,0,0,0,0,0,0,0,0,0,0,0,0,0,0,0,0,0,0,0,0,0,0,0,0,0,0,0,0,0,0,0,0,0.000625621
0,0,0,0,0,0,0,0,0,0,0,0,0,0,0,0,0,0,0,0,0,0,0,0,0,0,0,0,0,0,0,0,0,0,0,0,0,0,0,0,0,0,0,0,0,0,0,0
