# # np.logspace(-2, 2., num = num_time_points)
0,5.67617e-09,1.02616e-09,1.811e-09,1.54132e-09,1.77852e-08,5.90406e-08,1.14297e-08,2.86326e-09,6.57995e-09,3.54964e-08,1.90485e-09,1.09903e-09,7.21347e-09,7.25797e-08,4.86647e-09,2.20584e-09,1.26691e-08,5.34391e-09,2.63265e-08,2.51579e-09,2.82922e-09,5.29478e-08,4.04863e-09,2.00139e-08,6.97067e-09,3.37316e-08,3.19955e-09,3.18531e-09,2.88824e-09,9.125e-09,6.47377e-08,7.68564e-09,1.35878e-08,4.31175e-09,6.81708e-09,2.57076e-08,1.30775e-07,1.31802e-09,7.6592e-08,2.07277e-08,1.63371e-09,3.96251e-09,8.73121e-09,1.40013e-09,5.13703e-10,7.35959e-10,8.148e-09
0,0,6.02333e-09,6.87024e-09,6.62165e-09,2.47183e-08,7.19697e-08,1.76176e-08,8.35625e-09,1.22154e-08,4.53596e-08,7.39685e-09,6.22267e-09,1.26392e-08,8.41813e-08,9.8179e-09,4.59593e-09,1.26087e-08,6.64845e-09,2.59448e-08,4.88984e-09,4.86106e-09,5.11932e-08,5.78817e-09,1.97847e-08,7.73943e-09,3.29078e-08,5.26094e-09,5.11015e-09,5.09287e-09,9.69767e-09,6.53449e-08,8.62404e-09,1.41371e-08,5.86716e-09,7.88058e-09,2.5992e-08,1.3079e-07,4.19023e-09,7.66509e-08,2.10937e-08,4.30352e-09,5.62235e-09,9.5751e-09,4.20492e-09,4.01042e-09,4.04419e-09,9.05167e-09
0,0,0,1.90893e-09,1.59798e-09,1.88382e-08,6.07874e-08,1.20636e-08,3.01151e-09,6.91196e-09,3.69528e-08,1.93554e-09,1.07827e-09,7.70927e-09,7.49472e-08,5.2326e-09,1.91393e-09,1.16685e-08,4.74175e-09,2.52488e-08,2.23055e-09,2.46708e-09,5.05826e-08,3.72385e-09,1.90199e-08,6.31644e-09,3.22397e-08,2.8737e-09,2.80564e-09,2.60046e-09,8.40261e-09,6.36159e-08,7.63529e-09,1.35742e-08,4.31128e-09,6.80795e-09,2.57259e-08,1.30735e-07,1.31275e-09,7.65995e-08,2.07389e-08,1.62805e-09,3.95897e-09,8.74401e-09,1.38738e-09,4.87852e-10,7.13567e-10,8.13544e-09
0,0,0,0,2.44096e-09,2.06745e-08,6.37516e-08,1.34584e-08,3.80552e-09,7.81984e-09,3.91174e-08,2.91256e-09,1.99529e-09,8.87344e-09,8.04291e-08,6.3343e-09,2.24249e-09,1.1931e-08,5.01943e-09,2.58996e-08,2.65271e-09,2.77412e-09,5.10551e-08,4.11292e-09,1.95573e-08,6.59926e-09,3.28905e-08,3.26995e-09,3.12378e-09,3.01658e-09,8.81788e-09,6.58571e-08,7.71528e-09,1.3596e-08,4.41944e-09,6.87645e-09,2.57232e-08,1.30726e-07,1.60893e-09,7.65542e-08,2.07533e-08,1.87779e-09,4.08601e-09,8.7842e-09,1.6777e-09,1.05939e-09,1.17737e-09,8.19524e-09
0,0,0,0,0,1.96383e-08,6.23817e-08,1.27284e-08,3.59648e-09,7.53258e-09,3.86364e-08,2.52048e-09,1.66166e-09,8.33321e-09,7.67062e-08,5.75435e-09,2.03596e-09,1.17235e-08,4.83511e-09,2.53179e-08,2.37881e-09,2.58695e-09,5.06587e-08,3.83618e-09,1.90893e-08,6.36992e-09,3.23296e-08,3.01389e-09,2.91511e-09,2.75009e-09,8.50663e-09,6.39981e-08,7.67367e-09,1.3596e-08,4.34743e-09,6.84438e-09,2.56954e-08,1.30728e-07,1.47382e-09,7.65593e-08,2.07294e-08,1.75976e-09,4.02129e-09,8.7534e-09,1.54364e-09,8.23403e-10,9.82025e-10,8.16863e-09
0,0,0,0,0,0,8.76385e-08,3.22175e-08,2.20702e-08,2.57484e-08,5.99257e-08,2.13221e-08,1.91791e-08,2.69833e-08,1.04794e-07,2.40881e-08,1.4934e-08,1.92256e-08,1.60795e-08,3.07476e-08,1.54894e-08,1.50211e-08,5.36379e-08,1.59252e-08,2.53263e-08,1.63669e-08,3.68763e-08,1.5685e-08,1.52453e-08,1.56246e-08,1.79627e-08,7.17613e-08,1.63115e-08,1.97629e-08,1.49983e-08,1.58986e-08,2.94564e-08,1.31539e-07,1.44241e-08,7.78689e-08,2.52259e-08,1.44153e-08,1.49076e-08,1.67804e-08,1.44296e-08,1.43962e-08,1.43981e-08,1.64811e-08
0,0,0,0,0,0,0,8.09844e-08,6.85528e-08,7.41588e-08,1.07732e-07,6.71854e-08,6.25421e-08,7.26861e-08,1.46432e-07,6.81327e-08,5.23042e-08,5.40474e-08,5.35413e-08,6.00244e-08,5.31745e-08,5.22878e-08,7.40813e-08,5.33692e-08,5.71962e-08,5.2959e-08,6.32928e-08,5.33191e-08,5.25916e-08,5.32895e-08,5.43242e-08,9.31344e-08,5.21605e-08,5.33462e-08,5.17959e-08,5.20773e-08,5.76713e-08,1.40553e-07,5.1616e-08,9.24318e-08,5.56226e-08,5.16334e-08,5.17562e-08,5.23556e-08,5.16291e-08,5.16573e-08,5.15942e-08,5.22116e-08
0,0,0,0,0,0,0,0,1.48735e-08,1.87238e-08,5.22451e-08,1.42035e-08,1.2398e-08,1.9544e-08,9.643e-08,1.66348e-08,9.38044e-09,1.51998e-08,1.07894e-08,2.80034e-08,9.84023e-09,9.51887e-09,5.21919e-08,1.03832e-08,2.20708e-08,1.14326e-08,3.46099e-08,1.00734e-08,9.73463e-09,9.98821e-09,1.32097e-08,6.91961e-08,1.17069e-08,1.6204e-08,9.83881e-09,1.11512e-08,2.71651e-08,1.31002e-07,8.93476e-09,7.70387e-08,2.25098e-08,8.98075e-09,9.66953e-09,1.23991e-08,8.93604e-09,8.85096e-09,8.85893e-09,1.20599e-08
0,0,0,0,0,0,0,0,0,9.43096e-09,4.24486e-08,4.09765e-09,3.15231e-09,9.97602e-09,8.12414e-08,7.13871e-09,2.68217e-09,1.18831e-08,5.22049e-09,2.5484e-08,2.99933e-09,3.11745e-09,5.07143e-08,4.27729e-09,1.92521e-08,6.62378e-09,3.24714e-08,3.52507e-09,3.42277e-09,3.2993e-09,8.71456e-09,6.46534e-08,7.83184e-09,1.37e-08,4.65987e-09,7.04106e-09,2.57752e-08,1.30746e-07,2.20612e-09,7.65826e-08,2.08187e-08,2.42744e-09,4.34694e-09,8.91656e-09,2.2749e-09,1.85304e-09,1.93813e-09,8.3332e-09
0,0,0,0,0,0,0,0,0,0,4.66536e-08,8.47987e-09,7.18843e-09,1.36149e-08,8.59331e-08,1.07262e-08,5.3065e-09,1.29185e-08,7.22143e-09,2.61751e-08,5.60556e-09,5.53942e-09,5.13356e-08,6.42963e-09,2.0044e-08,8.21963e-09,3.31022e-08,5.95949e-09,5.77621e-09,5.81338e-09,1.01362e-08,6.5824e-08,9.00135e-09,1.43789e-08,6.3981e-09,8.29307e-09,2.61171e-08,1.30827e-07,4.91569e-09,7.67071e-08,2.12478e-08,5.00453e-09,6.17984e-09,9.92014e-09,4.91938e-09,4.76e-09,4.78652e-09,9.41553e-09
0,0,0,0,0,0,0,0,0,0,0,4.07115e-08,3.7275e-08,4.7532e-08,1.21237e-07,4.30367e-08,3.06536e-08,3.31669e-08,3.17739e-08,4.14038e-08,3.1329e-08,3.0688e-08,6.02793e-08,3.16046e-08,3.74118e-08,3.15275e-08,4.60997e-08,3.14919e-08,3.09359e-08,3.14541e-08,3.27991e-08,7.88469e-08,3.10674e-08,3.30393e-08,3.03811e-08,3.08365e-08,3.95894e-08,1.34268e-07,3.009e-08,8.23429e-08,3.65694e-08,3.01014e-08,3.03197e-08,3.12986e-08,3.00898e-08,3.01219e-08,3.00947e-08,3.11388e-08
0,0,0,0,0,0,0,0,0,0,0,0,2.0742e-09,9.24435e-09,8.20243e-08,6.53151e-09,2.26846e-09,1.1932e-08,5.06965e-09,2.59668e-08,2.67444e-09,2.80017e-09,5.11369e-08,4.13493e-09,1.95778e-08,6.6247e-09,3.29195e-08,3.28157e-09,3.1509e-09,3.02823e-09,8.8478e-09,6.60782e-08,7.72045e-09,1.36135e-08,4.42874e-09,6.88087e-09,2.57122e-08,1.30746e-07,1.66636e-09,7.65823e-08,2.06774e-08,1.9218e-09,4.09531e-09,8.77435e-09,1.72751e-09,1.12444e-09,1.24603e-09,8.19902e-09
0,0,0,0,0,0,0,0,0,0,0,0,0,7.82565e-09,7.58075e-08,5.34572e-09,1.91765e-09,1.17103e-08,4.75121e-09,2.52765e-08,2.25812e-09,2.48549e-09,5.05774e-08,3.75423e-09,1.90664e-08,6.31767e-09,3.22808e-08,2.907e-09,2.82694e-09,2.63511e-09,8.41505e-09,6.38269e-08,7.62045e-09,1.3579e-08,4.30356e-09,6.81207e-09,2.57199e-08,1.3073e-07,1.33055e-09,7.65331e-08,2.07492e-08,1.63786e-09,3.96751e-09,8.75589e-09,1.40656e-09,5.34271e-10,7.50678e-10,8.14082e-09
0,0,0,0,0,0,0,0,0,0,0,0,0,0,9.05053e-08,1.20611e-08,5.90796e-09,1.32324e-08,7.67307e-09,2.68221e-08,6.33065e-09,6.1337e-09,5.15784e-08,7.1602e-09,2.06216e-08,8.68532e-09,3.36526e-08,6.67551e-09,6.38584e-09,6.54919e-09,1.07151e-08,6.79108e-08,9.31597e-09,1.45492e-08,6.82929e-09,8.60988e-09,2.62262e-08,1.30838e-07,5.42886e-09,7.67316e-08,2.138e-08,5.53829e-09,6.61404e-09,1.01895e-08,5.45871e-09,5.31771e-09,5.34115e-09,9.69134e-09
0,0,0,0,0,0,0,0,0,0,0,0,0,0,0,8.60993e-08,6.72194e-08,6.97852e-08,6.84597e-08,7.93004e-08,6.95248e-08,6.72388e-08,8.98604e-08,7.02354e-08,7.59044e-08,6.87555e-08,8.19605e-08,6.99451e-08,6.79677e-08,6.99328e-08,7.17003e-08,1.22271e-07,6.52345e-08,6.59404e-08,6.47248e-08,6.48725e-08,6.95949e-08,1.45956e-07,6.45428e-08,1.00271e-07,6.78769e-08,6.45677e-08,6.46654e-08,6.51614e-08,6.45679e-08,6.46153e-08,6.45248e-08,6.50856e-08
0,0,0,0,0,0,0,0,0,0,0,0,0,0,0,0,4.16532e-09,1.26325e-08,6.36271e-09,2.64831e-08,4.58089e-09,4.47681e-09,5.16103e-08,5.62691e-09,2.01725e-08,7.59189e-09,3.34551e-08,5.0095e-09,4.77065e-09,4.83375e-09,9.77395e-09,6.71966e-08,8.35535e-09,1.39669e-08,5.43077e-09,7.56993e-09,2.59173e-08,1.30779e-07,3.60847e-09,7.66225e-08,2.09895e-08,3.74062e-09,5.20264e-09,9.33499e-09,3.63123e-09,3.39477e-09,3.43977e-09,8.78362e-09
0,0,0,0,0,0,0,0,0,0,0,0,0,0,0,0,0,1.85887e-08,8.91492e-09,3.29249e-08,5.23869e-09,5.70974e-09,6.68673e-08,6.79803e-09,2.68511e-08,1.10875e-08,4.42302e-08,6.19859e-09,5.9925e-09,5.6419e-09,1.35306e-08,7.48993e-08,8.33348e-09,1.37605e-08,4.75905e-09,7.08139e-09,2.59357e-08,1.31043e-07,2.2071e-09,7.68462e-08,2.08999e-08,2.43299e-09,4.37297e-09,8.97169e-09,2.27818e-09,1.89658e-09,1.93334e-09,8.38387e-09
0,0,0,0,0,0,0,0,0,0,0,0,0,0,0,0,0,0,2.18564e-08,4.36251e-08,1.81711e-08,1.81114e-08,8.08984e-08,1.87881e-08,3.81748e-08,2.39923e-08,5.75624e-08,1.94161e-08,1.87399e-08,1.8794e-08,2.56759e-08,8.53662e-08,1.48787e-08,1.78931e-08,1.24455e-08,1.34012e-08,2.84233e-08,1.3171e-07,1.15746e-08,7.78861e-08,2.38005e-08,1.15816e-08,1.22078e-08,1.44949e-08,1.15852e-08,1.16293e-08,1.15326e-08,1.41559e-08
0,0,0,0,0,0,0,0,0,0,0,0,0,0,0,0,0,0,0,3.60273e-08,8.99046e-09,9.23067e-09,7.02421e-08,1.00809e-08,2.93995e-08,1.46108e-08,4.60659e-08,9.87149e-09,9.66561e-09,9.24046e-09,1.6994e-08,7.69014e-08,9.57565e-09,1.44001e-08,6.37501e-09,8.23404e-09,2.63083e-08,1.31196e-07,4.69333e-09,7.70255e-08,2.13257e-08,4.82219e-09,6.05357e-09,9.89212e-09,4.73384e-09,4.61355e-09,4.56987e-09,9.38595e-09
0,0,0,0,0,0,0,0,0,0,0,0,0,0,0,0,0,0,0,0,3.56255e-08,3.39101e-08,8.66071e-08,3.83294e-08,5.75056e-08,4.02115e-08,6.87606e-08,3.58624e-08,3.6191e-08,3.64239e-08,4.37715e-08,1.11003e-07,2.73755e-08,2.83807e-08,2.53825e-08,2.57776e-08,3.60122e-08,1.33783e-07,2.48166e-08,8.10749e-08,3.25319e-08,2.48222e-08,2.51475e-08,2.63686e-08,2.48242e-08,2.49857e-08,2.48091e-08,2.62e-08
0,0,0,0,0,0,0,0,0,0,0,0,0,0,0,0,0,0,0,0,0,6.05095e-09,6.60582e-08,7.75876e-09,2.81005e-08,1.13985e-08,4.39826e-08,6.68321e-09,6.54014e-09,6.26228e-09,1.44097e-08,7.98727e-08,8.40417e-09,1.37948e-08,4.86102e-09,7.13604e-09,2.59254e-08,1.31052e-07,2.43394e-09,7.67869e-08,2.09162e-08,2.63711e-09,4.4918e-09,9.00503e-09,2.49617e-09,2.14441e-09,2.17651e-09,8.44802e-09
0,0,0,0,0,0,0,0,0,0,0,0,0,0,0,0,0,0,0,0,0,0,6.56473e-08,7.74553e-09,2.76283e-08,1.14296e-08,4.28693e-08,6.84661e-09,6.78758e-09,6.33798e-09,1.39303e-08,7.50838e-08,9.79246e-09,1.52686e-08,5.91437e-09,8.23941e-09,2.81078e-08,1.36372e-07,3.17758e-09,8.09172e-08,2.27254e-08,3.40857e-09,5.4432e-09,1.02522e-08,3.24397e-09,2.72632e-09,2.81639e-09,9.64419e-09
0,0,0,0,0,0,0,0,0,0,0,0,0,0,0,0,0,0,0,0,0,0,0,6.48467e-08,8.75724e-08,7.12726e-08,1.0572e-07,6.8476e-08,6.4701e-08,6.50112e-08,7.54685e-08,1.2464e-07,5.33983e-08,5.24498e-08,5.09766e-08,5.09437e-08,5.74133e-08,1.41534e-07,5.03658e-08,9.30805e-08,5.49066e-08,5.04127e-08,5.06476e-08,5.13441e-08,5.04011e-08,5.06579e-08,5.03153e-08,5.11924e-08
0,0,0,0,0,0,0,0,0,0,0,0,0,0,0,0,0,0,0,0,0,0,0,0,3.02587e-08,1.27874e-08,4.46939e-08,8.37634e-09,8.51648e-09,8.23725e-09,1.57358e-08,8.2863e-08,9.23011e-09,1.42745e-08,5.79584e-09,7.84295e-09,2.63805e-08,1.31755e-07,3.80215e-09,7.74424e-08,2.13256e-08,3.95781e-09,5.4483e-09,9.63476e-09,3.85329e-09,3.64157e-09,3.64532e-09,9.03858e-09
0,0,0,0,0,0,0,0,0,0,0,0,0,0,0,0,0,0,0,0,0,0,0,0,0,3.24708e-08,6.6142e-08,2.90675e-08,2.85101e-08,2.85819e-08,3.56311e-08,1.03258e-07,2.18967e-08,2.34567e-08,1.95357e-08,2.01074e-08,3.25555e-08,1.33214e-07,1.87914e-08,7.99731e-08,2.83953e-08,1.88365e-08,1.92872e-08,2.08733e-08,1.87993e-08,1.8911e-08,1.87566e-08,2.06213e-08
0,0,0,0,0,0,0,0,0,0,0,0,0,0,0,0,0,0,0,0,0,0,0,0,0,0,4.98792e-08,1.22685e-08,1.21195e-08,1.19567e-08,1.94899e-08,8.20095e-08,1.0827e-08,1.51e-08,7.79663e-09,9.37511e-09,2.69199e-08,1.31837e-07,6.34333e-09,7.76015e-08,2.1934e-08,6.46091e-09,7.47171e-09,1.08965e-08,6.39251e-09,6.31036e-09,6.25376e-09,1.04317e-08
0,0,0,0,0,0,0,0,0,0,0,0,0,0,0,0,0,0,0,0,0,0,0,0,0,0,0,4.64216e-08,4.35221e-08,4.54135e-08,5.20327e-08,1.1584e-07,3.44001e-08,3.47048e-08,3.23564e-08,3.26073e-08,4.12886e-08,1.35246e-07,3.18349e-08,8.35803e-08,3.81892e-08,3.18553e-08,3.21059e-08,3.30855e-08,3.18426e-08,3.20468e-08,3.18347e-08,3.29509e-08
0,0,0,0,0,0,0,0,0,0,0,0,0,0,0,0,0,0,0,0,0,0,0,0,0,0,0,0,7.21151e-09,7.10501e-09,1.53061e-08,8.15416e-08,8.67543e-09,1.38927e-08,5.19135e-09,7.36975e-09,2.60171e-08,1.31091e-07,3.00655e-09,7.68919e-08,2.09885e-08,3.17196e-09,4.82048e-09,9.12444e-09,3.05262e-09,2.77445e-09,2.79129e-09,8.62916e-09
0,0,0,0,0,0,0,0,0,0,0,0,0,0,0,0,0,0,0,0,0,0,0,0,0,0,0,0,0,7.0206e-09,1.45883e-08,7.75211e-08,8.70119e-09,1.39171e-08,5.19547e-09,7.35086e-09,2.60382e-08,1.31148e-07,2.98576e-09,7.69529e-08,2.10092e-08,3.15732e-09,4.83723e-09,9.22103e-09,3.03238e-09,2.76532e-09,2.78348e-09,8.6134e-09
0,0,0,0,0,0,0,0,0,0,0,0,0,0,0,0,0,0,0,0,0,0,0,0,0,0,0,0,0,0,1.46908e-08,8.13995e-08,8.50665e-09,1.3826e-08,5.02915e-09,7.25899e-09,2.59495e-08,1.31005e-07,2.75468e-09,7.68157e-08,2.09292e-08,2.93023e-09,4.6607e-09,9.0411e-09,2.80276e-09,2.49247e-09,2.51968e-09,8.53087e-09
0,0,0,0,0,0,0,0,0,0,0,0,0,0,0,0,0,0,0,0,0,0,0,0,0,0,0,0,0,0,0,8.91488e-08,1.20971e-08,1.58634e-08,9.36415e-09,1.06666e-08,2.72066e-08,1.31425e-07,8.24552e-09,7.73772e-08,2.23806e-08,8.30216e-09,9.07433e-09,1.19993e-08,8.25316e-09,8.23194e-09,8.1588e-09,1.1588e-08
0,0,0,0,0,0,0,0,0,0,0,0,0,0,0,0,0,0,0,0,0,0,0,0,0,0,0,0,0,0,0,0,6.36873e-08,6.29363e-08,6.17814e-08,6.17563e-08,6.69816e-08,1.44975e-07,6.13517e-08,9.87023e-08,6.49675e-08,6.13605e-08,6.15305e-08,6.20875e-08,6.13848e-08,6.16126e-08,6.13285e-08,6.19406e-08
0,0,0,0,0,0,0,0,0,0,0,0,0,0,0,0,0,0,0,0,0,0,0,0,0,0,0,0,0,0,0,0,0,2.89824e-08,1.63217e-08,1.9641e-08,4.53655e-08,1.74296e-07,1.22408e-08,1.09749e-07,3.82708e-08,1.27804e-08,1.64757e-08,2.18877e-08,1.2377e-08,1.04125e-08,1.08999e-08,2.1495e-08
0,0,0,0,0,0,0,0,0,0,0,0,0,0,0,0,0,0,0,0,0,0,0,0,0,0,0,0,0,0,0,0,0,0,2.36489e-08,2.77705e-08,5.47039e-08,1.90015e-07,1.9847e-08,1.20669e-07,4.78624e-08,2.05093e-08,2.50514e-08,2.93991e-08,1.98167e-08,1.71759e-08,1.81111e-08,2.99613e-08
0,0,0,0,0,0,0,0,0,0,0,0,0,0,0,0,0,0,0,0,0,0,0,0,0,0,0,0,0,0,0,0,0,0,0,1.4757e-08,3.90985e-08,1.60519e-07,7.57523e-09,1.02609e-07,3.29843e-08,8.10406e-09,1.13817e-08,1.80534e-08,8.04432e-09,6.39969e-09,6.72835e-09,1.64621e-08
0,0,0,0,0,0,0,0,0,0,0,0,0,0,0,0,0,0,0,0,0,0,0,0,0,0,0,0,0,0,0,0,0,0,0,0,4.41839e-08,1.74378e-07,1.13783e-08,1.04989e-07,3.69684e-08,1.18863e-08,1.51348e-08,2.07305e-08,1.11787e-08,9.24058e-09,9.87288e-09,2.0885e-08
0,0,0,0,0,0,0,0,0,0,0,0,0,0,0,0,0,0,0,0,0,0,0,0,0,0,0,0,0,0,0,0,0,0,0,0,0,2.06529e-07,3.49068e-08,1.35502e-07,6.34757e-08,3.57619e-08,4.13806e-08,4.47046e-08,3.48257e-08,3.12313e-08,3.24368e-08,4.64063e-08
0,0,0,0,0,0,0,0,0,0,0,0,0,0,0,0,0,0,0,0,0,0,0,0,0,0,0,0,0,0,0,0,0,0,0,0,0,0,1.5776e-07,2.59973e-07,1.97663e-07,1.59606e-07,1.71573e-07,1.68549e-07,1.53808e-07,1.44708e-07,1.48767e-07,1.78266e-07
0,0,0,0,0,0,0,0,0,0,0,0,0,0,0,0,0,0,0,0,0,0,0,0,0,0,0,0,0,0,0,0,0,0,0,0,0,0,0,9.28512e-08,2.87379e-08,4.05998e-09,7.09101e-09,1.34215e-08,3.52144e-09,2.14709e-09,2.57514e-09,1.3098e-08
0,0,0,0,0,0,0,0,0,0,0,0,0,0,0,0,0,0,0,0,0,0,0,0,0,0,0,0,0,0,0,0,0,0,0,0,0,0,0,0,1.30269e-07,9.44619e-08,1.06003e-07,1.10354e-07,9.56485e-08,8.81394e-08,8.94816e-08,1.07358e-07
0,0,0,0,0,0,0,0,0,0,0,0,0,0,0,0,0,0,0,0,0,0,0,0,0,0,0,0,0,0,0,0,0,0,0,0,0,0,0,0,0,2.95845e-08,3.50659e-08,3.93174e-08,2.89409e-08,2.56299e-08,2.68788e-08,3.89188e-08
0,0,0,0,0,0,0,0,0,0,0,0,0,0,0,0,0,0,0,0,0,0,0,0,0,0,0,0,0,0,0,0,0,0,0,0,0,0,0,0,0,0,7.58606e-09,1.40892e-08,3.99421e-09,2.57271e-09,3.03093e-09,1.36704e-08
0,0,0,0,0,0,0,0,0,0,0,0,0,0,0,0,0,0,0,0,0,0,0,0,0,0,0,0,0,0,0,0,0,0,0,0,0,0,0,0,0,0,0,1.77261e-08,7.17609e-09,5.52662e-09,6.04894e-09,1.7086e-08
0,0,0,0,0,0,0,0,0,0,0,0,0,0,0,0,0,0,0,0,0,0,0,0,0,0,0,0,0,0,0,0,0,0,0,0,0,0,0,0,0,0,0,0,1.41443e-08,1.19064e-08,1.23905e-08,2.20769e-08
0,0,0,0,0,0,0,0,0,0,0,0,0,0,0,0,0,0,0,0,0,0,0,0,0,0,0,0,0,0,0,0,0,0,0,0,0,0,0,0,0,0,0,0,0,2.33098e-09,2.70489e-09,1.27913e-08
0,0,0,0,0,0,0,0,0,0,0,0,0,0,0,0,0,0,0,0,0,0,0,0,0,0,0,0,0,0,0,0,0,0,0,0,0,0,0,0,0,0,0,0,0,0,1.33842e-09,1.07912e-08
0,0,0,0,0,0,0,0,0,0,0,0,0,0,0,0,0,0,0,0,0,0,0,0,0,0,0,0,0,0,0,0,0,0,0,0,0,0,0,0,0,0,0,0,0,0,0,1.15211e-08
0,0,0,0,0,0,0,0,0,0,0,0,0,0,0,0,0,0,0,0,0,0,0,0,0,0,0,0,0,0,0,0,0,0,0,0,0,0,0,0,0,0,0,0,0,0,0,0
