# # np.logspace(-2, 2., num = num_time_points)
0,6.16941e-05,6.15853e-05,6.2041e-05,6.16737e-05,6.17237e-05,6.16053e-05,6.19177e-05,6.19761e-05,6.16321e-05,6.17987e-05,6.16409e-05,6.1655e-05,6.17268e-05,6.15694e-05,6.18819e-05,6.16558e-05,6.17294e-05,6.1854e-05,6.17324e-05,6.17858e-05,6.18505e-05,6.1495e-05,6.1541e-05,6.16678e-05,6.14896e-05,6.1718e-05,6.17941e-05,6.17238e-05,6.16616e-05,6.13681e-05,6.17181e-05,6.17984e-05,6.18041e-05,6.17972e-05,6.17372e-05,6.17915e-05,6.15601e-05,6.18577e-05,6.16224e-05,6.18546e-05,6.17375e-05,6.16841e-05,6.17712e-05,6.18607e-05,6.18643e-05,6.16313e-05,6.1737e-05
0,0,6.15578e-05,6.20396e-05,6.16722e-05,6.17223e-05,6.16306e-05,6.19162e-05,6.19746e-05,6.1658e-05,6.1829e-05,6.16124e-05,6.16535e-05,6.17547e-05,6.15679e-05,6.18465e-05,6.16543e-05,6.1728e-05,6.18526e-05,6.17309e-05,6.17844e-05,6.1849e-05,6.14935e-05,6.15395e-05,6.16663e-05,6.14881e-05,6.17166e-05,6.17926e-05,6.17224e-05,6.16601e-05,6.13666e-05,6.17167e-05,6.17969e-05,6.18027e-05,6.17957e-05,6.17357e-05,6.179e-05,6.15587e-05,6.18563e-05,6.16209e-05,6.18531e-05,6.17361e-05,6.16827e-05,6.17399e-05,6.18592e-05,6.18629e-05,6.16299e-05,6.17355e-05
0,0,0,6.19333e-05,6.15653e-05,6.16429e-05,6.15217e-05,6.18097e-05,6.19107e-05,6.15491e-05,6.16906e-05,6.15305e-05,6.15446e-05,6.16185e-05,6.14589e-05,6.17719e-05,6.15474e-05,6.16212e-05,6.1746e-05,6.16241e-05,6.16777e-05,6.17425e-05,6.13863e-05,6.14324e-05,6.15594e-05,6.13809e-05,6.16098e-05,6.16859e-05,6.16155e-05,6.15532e-05,6.12592e-05,6.16098e-05,6.16903e-05,6.1696e-05,6.1689e-05,6.16289e-05,6.16833e-05,6.14516e-05,6.17497e-05,6.15139e-05,6.17466e-05,6.16293e-05,6.15758e-05,6.16331e-05,6.17526e-05,6.17563e-05,6.15229e-05,6.16287e-05
0,0,0,0,6.2047e-05,6.20968e-05,6.1979e-05,6.22896e-05,6.23476e-05,6.20057e-05,6.21714e-05,6.19876e-05,6.20576e-05,6.20998e-05,6.19177e-05,6.22203e-05,6.20292e-05,6.21025e-05,6.22263e-05,6.21054e-05,6.21585e-05,6.22228e-05,6.18694e-05,6.19152e-05,6.20412e-05,6.1864e-05,6.20911e-05,6.21667e-05,6.20969e-05,6.2035e-05,6.17433e-05,6.20912e-05,6.2171e-05,6.21767e-05,6.21698e-05,6.21101e-05,6.21641e-05,6.19342e-05,6.223e-05,6.1996e-05,6.22269e-05,6.21105e-05,6.20574e-05,6.21143e-05,6.22329e-05,6.22365e-05,6.20049e-05,6.21099e-05
0,0,0,0,0,6.17593e-05,6.16383e-05,6.19237e-05,6.19821e-05,6.16382e-05,6.18366e-05,6.1647e-05,6.16338e-05,6.17624e-05,6.15496e-05,6.1854e-05,6.16618e-05,6.17355e-05,6.18601e-05,6.17385e-05,6.17919e-05,6.18566e-05,6.15264e-05,6.15471e-05,6.16738e-05,6.14956e-05,6.17241e-05,6.18001e-05,6.17299e-05,6.16677e-05,6.13742e-05,6.17242e-05,6.18045e-05,6.18102e-05,6.18032e-05,6.17432e-05,6.17975e-05,6.15662e-05,6.18638e-05,6.16284e-05,6.18606e-05,6.17436e-05,6.16902e-05,6.17474e-05,6.19013e-05,6.18704e-05,6.16374e-05,6.1743e-05
0,0,0,0,0,0,6.16896e-05,6.19736e-05,6.20319e-05,6.17169e-05,6.18548e-05,6.16701e-05,6.16839e-05,6.18136e-05,6.1627e-05,6.1904e-05,6.17119e-05,6.17855e-05,6.191e-05,6.17885e-05,6.18419e-05,6.19065e-05,6.15513e-05,6.15973e-05,6.17239e-05,6.15459e-05,6.17741e-05,6.18501e-05,6.17799e-05,6.17177e-05,6.14245e-05,6.17742e-05,6.18544e-05,6.18601e-05,6.18532e-05,6.17932e-05,6.18475e-05,6.16164e-05,6.19137e-05,6.16785e-05,6.19106e-05,6.17936e-05,6.17403e-05,6.17974e-05,6.19166e-05,6.19203e-05,6.16875e-05,6.1793e-05
0,0,0,0,0,0,0,6.18556e-05,6.19141e-05,6.15698e-05,6.17671e-05,6.15773e-05,6.15654e-05,6.16928e-05,6.15058e-05,6.17858e-05,6.15934e-05,6.16672e-05,6.17919e-05,6.16701e-05,6.17236e-05,6.17884e-05,6.14325e-05,6.14786e-05,6.16054e-05,6.1427e-05,6.16558e-05,6.17319e-05,6.16615e-05,6.15993e-05,6.13054e-05,6.16558e-05,6.17362e-05,6.17419e-05,6.1735e-05,6.16749e-05,6.17293e-05,6.14977e-05,6.17956e-05,6.156e-05,6.17925e-05,6.16753e-05,6.16218e-05,6.16791e-05,6.17985e-05,6.18022e-05,6.1569e-05,6.16747e-05
0,0,0,0,0,0,0,0,6.22249e-05,6.19199e-05,6.20903e-05,6.19014e-05,6.1878e-05,6.19766e-05,6.17941e-05,6.20973e-05,6.19059e-05,6.19792e-05,6.21033e-05,6.19822e-05,6.20354e-05,6.20998e-05,6.17457e-05,6.17916e-05,6.19178e-05,6.17403e-05,6.19679e-05,6.20436e-05,6.19736e-05,6.19117e-05,6.16193e-05,6.1968e-05,6.20479e-05,6.20536e-05,6.20467e-05,6.19869e-05,6.2041e-05,6.18106e-05,6.2107e-05,6.18726e-05,6.21039e-05,6.19873e-05,6.19341e-05,6.19911e-05,6.21099e-05,6.21136e-05,6.18815e-05,6.19867e-05
0,0,0,0,0,0,0,0,0,6.19844e-05,6.21066e-05,6.19226e-05,6.19364e-05,6.2035e-05,6.18526e-05,6.21556e-05,6.19643e-05,6.20376e-05,6.21616e-05,6.20406e-05,6.20937e-05,6.21581e-05,6.18043e-05,6.18501e-05,6.19763e-05,6.17989e-05,6.20263e-05,6.21019e-05,6.2032e-05,6.19701e-05,6.1678e-05,6.20263e-05,6.21062e-05,6.21119e-05,6.2105e-05,6.20453e-05,6.20993e-05,6.18691e-05,6.21653e-05,6.19311e-05,6.21621e-05,6.20456e-05,6.19925e-05,6.20495e-05,6.21682e-05,6.21718e-05,6.194e-05,6.20451e-05
0,0,0,0,0,0,0,0,0,0,6.17944e-05,6.15784e-05,6.15923e-05,6.17201e-05,6.15332e-05,6.18126e-05,6.16203e-05,6.1694e-05,6.18187e-05,6.1697e-05,6.17504e-05,6.18151e-05,6.14594e-05,6.15055e-05,6.16323e-05,6.1454e-05,6.16826e-05,6.17587e-05,6.16884e-05,6.16261e-05,6.13324e-05,6.16827e-05,6.1763e-05,6.17687e-05,6.17618e-05,6.17017e-05,6.17561e-05,6.15246e-05,6.18224e-05,6.15869e-05,6.18192e-05,6.17021e-05,6.16487e-05,6.17059e-05,6.18253e-05,6.1829e-05,6.15958e-05,6.17015e-05
0,0,0,0,0,0,0,0,0,0,0,6.17451e-05,6.1759e-05,6.18578e-05,6.16749e-05,6.19787e-05,6.17869e-05,6.18605e-05,6.19848e-05,6.18634e-05,6.19167e-05,6.19813e-05,6.16265e-05,6.16724e-05,6.17989e-05,6.16211e-05,6.18491e-05,6.1925e-05,6.18548e-05,6.17928e-05,6.14998e-05,6.18492e-05,6.19293e-05,6.1935e-05,6.1928e-05,6.18682e-05,6.19224e-05,6.16915e-05,6.19885e-05,6.17536e-05,6.19853e-05,6.18685e-05,6.18153e-05,6.18723e-05,6.19914e-05,6.19951e-05,6.17625e-05,6.1868e-05
0,0,0,0,0,0,0,0,0,0,0,0,6.16002e-05,6.16731e-05,6.15146e-05,6.18273e-05,6.1602e-05,6.16758e-05,6.18005e-05,6.16787e-05,6.17322e-05,6.17969e-05,6.14411e-05,6.14872e-05,6.1614e-05,6.14357e-05,6.16644e-05,6.17405e-05,6.16701e-05,6.16079e-05,6.13141e-05,6.16644e-05,6.17448e-05,6.17505e-05,6.17435e-05,6.16835e-05,6.17378e-05,6.15063e-05,6.18042e-05,6.15686e-05,6.1801e-05,6.16838e-05,6.16304e-05,6.16877e-05,6.18071e-05,6.18108e-05,6.15776e-05,6.16833e-05
0,0,0,0,0,0,0,0,0,0,0,0,0,6.17156e-05,6.15287e-05,6.18083e-05,6.16159e-05,6.16896e-05,6.18143e-05,6.16926e-05,6.1746e-05,6.18108e-05,6.1455e-05,6.15011e-05,6.16279e-05,6.14496e-05,6.16782e-05,6.17543e-05,6.1684e-05,6.16217e-05,6.1328e-05,6.16783e-05,6.17586e-05,6.17644e-05,6.17574e-05,6.16974e-05,6.17517e-05,6.15202e-05,6.1818e-05,6.16088e-05,6.18149e-05,6.16977e-05,6.16443e-05,6.17015e-05,6.18209e-05,6.18246e-05,6.15915e-05,6.16971e-05
0,0,0,0,0,0,0,0,0,0,0,0,0,0,6.16028e-05,6.1907e-05,6.17149e-05,6.17886e-05,6.1913e-05,6.17915e-05,6.18449e-05,6.19095e-05,6.15543e-05,6.16003e-05,6.1727e-05,6.15489e-05,6.17772e-05,6.18531e-05,6.17829e-05,6.17208e-05,6.14275e-05,6.17772e-05,6.18575e-05,6.18632e-05,6.18562e-05,6.17963e-05,6.18505e-05,6.16194e-05,6.19167e-05,6.16816e-05,6.19136e-05,6.17966e-05,6.17433e-05,6.18005e-05,6.19197e-05,6.19233e-05,6.16905e-05,6.17961e-05
0,0,0,0,0,0,0,0,0,0,0,0,0,0,0,6.1756e-05,6.15316e-05,6.16055e-05,6.17303e-05,6.16084e-05,6.1662e-05,6.17268e-05,6.13705e-05,6.14167e-05,6.15437e-05,6.13651e-05,6.15941e-05,6.16702e-05,6.15998e-05,6.15375e-05,6.12434e-05,6.15941e-05,6.16746e-05,6.16803e-05,6.16733e-05,6.16132e-05,6.16676e-05,6.14358e-05,6.1734e-05,6.14982e-05,6.17309e-05,6.16136e-05,6.15601e-05,6.16174e-05,6.1737e-05,6.17406e-05,6.15072e-05,6.1613e-05
0,0,0,0,0,0,0,0,0,0,0,0,0,0,0,0,6.18362e-05,6.19096e-05,6.20339e-05,6.19126e-05,6.19659e-05,6.20304e-05,6.16759e-05,6.17218e-05,6.18482e-05,6.16705e-05,6.18983e-05,6.19741e-05,6.1904e-05,6.1842e-05,6.15493e-05,6.18984e-05,6.19784e-05,6.19841e-05,6.19772e-05,6.19173e-05,6.19715e-05,6.17408e-05,6.20376e-05,6.18029e-05,6.20344e-05,6.19177e-05,6.18645e-05,6.19215e-05,6.20405e-05,6.20441e-05,6.18118e-05,6.19171e-05
0,0,0,0,0,0,0,0,0,0,0,0,0,0,0,0,0,6.17469e-05,6.18422e-05,6.17206e-05,6.1774e-05,6.18387e-05,6.15081e-05,6.15548e-05,6.16837e-05,6.15027e-05,6.17062e-05,6.17823e-05,6.1712e-05,6.16774e-05,6.13799e-05,6.17063e-05,6.17866e-05,6.17923e-05,6.17853e-05,6.17253e-05,6.17796e-05,6.15483e-05,6.18459e-05,6.16105e-05,6.18428e-05,6.17257e-05,6.16723e-05,6.17295e-05,6.18488e-05,6.18525e-05,6.16195e-05,6.17251e-05
0,0,0,0,0,0,0,0,0,0,0,0,0,0,0,0,0,0,6.19157e-05,6.17942e-05,6.18476e-05,6.19476e-05,6.1557e-05,6.1603e-05,6.17296e-05,6.15783e-05,6.18105e-05,6.18558e-05,6.18164e-05,6.17235e-05,6.14557e-05,6.17799e-05,6.18601e-05,6.18658e-05,6.18589e-05,6.17989e-05,6.18532e-05,6.16221e-05,6.19194e-05,6.16843e-05,6.19163e-05,6.17993e-05,6.1746e-05,6.18031e-05,6.19223e-05,6.1926e-05,6.16932e-05,6.17987e-05
0,0,0,0,0,0,0,0,0,0,0,0,0,0,0,0,0,0,0,6.19544e-05,6.19719e-05,6.20364e-05,6.16819e-05,6.17278e-05,6.18884e-05,6.16765e-05,6.19043e-05,6.20178e-05,6.19101e-05,6.18481e-05,6.15856e-05,6.19044e-05,6.19844e-05,6.19902e-05,6.19832e-05,6.19234e-05,6.19775e-05,6.17469e-05,6.20436e-05,6.18089e-05,6.20405e-05,6.19237e-05,6.18705e-05,6.19276e-05,6.20465e-05,6.20502e-05,6.18179e-05,6.19232e-05
0,0,0,0,0,0,0,0,0,0,0,0,0,0,0,0,0,0,0,0,6.18505e-05,6.19507e-05,6.15868e-05,6.16334e-05,6.17326e-05,6.15546e-05,6.17828e-05,6.18588e-05,6.17886e-05,6.17264e-05,6.14588e-05,6.18136e-05,6.18631e-05,6.18688e-05,6.18618e-05,6.18019e-05,6.18561e-05,6.1625e-05,6.19223e-05,6.16872e-05,6.19192e-05,6.18023e-05,6.17489e-05,6.18061e-05,6.19253e-05,6.19289e-05,6.16962e-05,6.18017e-05
0,0,0,0,0,0,0,0,0,0,0,0,0,0,0,0,0,0,0,0,0,6.19684e-05,6.1642e-05,6.16595e-05,6.1786e-05,6.16366e-05,6.18362e-05,6.19468e-05,6.18745e-05,6.17799e-05,6.15141e-05,6.18363e-05,6.19164e-05,6.19221e-05,6.19151e-05,6.18553e-05,6.19095e-05,6.16785e-05,6.19756e-05,6.17407e-05,6.19725e-05,6.18556e-05,6.18023e-05,6.18594e-05,6.19785e-05,6.19822e-05,6.17496e-05,6.1855e-05
0,0,0,0,0,0,0,0,0,0,0,0,0,0,0,0,0,0,0,0,0,0,6.17096e-05,6.17243e-05,6.18507e-05,6.17042e-05,6.19008e-05,6.19766e-05,6.19066e-05,6.18445e-05,6.15519e-05,6.19009e-05,6.19809e-05,6.19866e-05,6.19797e-05,6.19199e-05,6.1974e-05,6.17433e-05,6.20401e-05,6.18054e-05,6.2037e-05,6.19202e-05,6.1867e-05,6.1924e-05,6.2043e-05,6.20466e-05,6.18143e-05,6.19197e-05
0,0,0,0,0,0,0,0,0,0,0,0,0,0,0,0,0,0,0,0,0,0,0,6.1368e-05,6.14952e-05,6.13389e-05,6.1572e-05,6.16506e-05,6.15779e-05,6.1489e-05,6.11946e-05,6.15721e-05,6.16261e-05,6.16319e-05,6.16249e-05,6.15647e-05,6.16192e-05,6.13872e-05,6.16856e-05,6.14496e-05,6.16825e-05,6.15651e-05,6.15116e-05,6.15689e-05,6.16886e-05,6.16922e-05,6.14586e-05,6.15645e-05
0,0,0,0,0,0,0,0,0,0,0,0,0,0,0,0,0,0,0,0,0,0,0,0,6.15671e-05,6.13626e-05,6.16186e-05,6.16678e-05,6.16245e-05,6.15607e-05,6.12627e-05,6.16187e-05,6.16721e-05,6.16778e-05,6.16708e-05,6.16107e-05,6.16651e-05,6.14573e-05,6.17315e-05,6.14957e-05,6.17284e-05,6.16111e-05,6.15576e-05,6.16149e-05,6.17345e-05,6.17381e-05,6.15047e-05,6.16105e-05
0,0,0,0,0,0,0,0,0,0,0,0,0,0,0,0,0,0,0,0,0,0,0,0,0,6.14898e-05,6.17474e-05,6.17943e-05,6.1724e-05,6.16897e-05,6.13923e-05,6.17475e-05,6.17986e-05,6.18043e-05,6.17973e-05,6.17373e-05,6.17917e-05,6.15603e-05,6.18579e-05,6.16225e-05,6.18548e-05,6.17377e-05,6.16843e-05,6.17415e-05,6.18608e-05,6.18645e-05,6.16315e-05,6.17371e-05
0,0,0,0,0,0,0,0,0,0,0,0,0,0,0,0,0,0,0,0,0,0,0,0,0,0,6.15665e-05,6.16452e-05,6.1546e-05,6.15086e-05,6.12104e-05,6.15666e-05,6.16207e-05,6.16265e-05,6.16195e-05,6.15593e-05,6.16138e-05,6.13818e-05,6.16802e-05,6.14442e-05,6.16771e-05,6.15597e-05,6.15062e-05,6.15635e-05,6.16832e-05,6.16869e-05,6.14532e-05,6.15591e-05
0,0,0,0,0,0,0,0,0,0,0,0,0,0,0,0,0,0,0,0,0,0,0,0,0,0,0,6.18444e-05,6.17742e-05,6.17121e-05,6.14439e-05,6.17685e-05,6.18487e-05,6.18545e-05,6.18475e-05,6.17876e-05,6.18418e-05,6.16107e-05,6.1908e-05,6.16728e-05,6.19049e-05,6.17879e-05,6.17346e-05,6.17917e-05,6.19109e-05,6.19146e-05,6.16818e-05,6.17873e-05
0,0,0,0,0,0,0,0,0,0,0,0,0,0,0,0,0,0,0,0,0,0,0,0,0,0,0,0,6.18502e-05,6.18195e-05,6.14952e-05,6.18445e-05,6.19246e-05,6.19303e-05,6.19234e-05,6.18635e-05,6.19177e-05,6.16868e-05,6.19838e-05,6.17489e-05,6.19807e-05,6.18639e-05,6.18106e-05,6.18677e-05,6.19867e-05,6.19904e-05,6.17579e-05,6.18633e-05
0,0,0,0,0,0,0,0,0,0,0,0,0,0,0,0,0,0,0,0,0,0,0,0,0,0,0,0,0,6.1747e-05,6.14499e-05,6.17743e-05,6.18545e-05,6.18602e-05,6.18533e-05,6.17933e-05,6.18476e-05,6.16164e-05,6.19138e-05,6.16786e-05,6.19106e-05,6.17937e-05,6.17403e-05,6.17975e-05,6.19167e-05,6.19204e-05,6.16876e-05,6.17931e-05
0,0,0,0,0,0,0,0,0,0,0,0,0,0,0,0,0,0,0,0,0,0,0,0,0,0,0,0,0,0,6.13859e-05,6.17121e-05,6.17924e-05,6.17982e-05,6.17912e-05,6.17312e-05,6.17855e-05,6.15541e-05,6.18518e-05,6.16164e-05,6.18486e-05,6.17315e-05,6.16782e-05,6.17354e-05,6.18547e-05,6.18583e-05,6.16253e-05,6.1731e-05
0,0,0,0,0,0,0,0,0,0,0,0,0,0,0,0,0,0,0,0,0,0,0,0,0,0,0,0,0,0,0,6.1444e-05,6.14995e-05,6.15053e-05,6.14983e-05,6.1438e-05,6.14925e-05,6.12601e-05,6.15591e-05,6.13226e-05,6.1556e-05,6.14383e-05,6.13847e-05,6.14422e-05,6.15621e-05,6.15657e-05,6.13316e-05,6.14378e-05
0,0,0,0,0,0,0,0,0,0,0,0,0,0,0,0,0,0,0,0,0,0,0,0,0,0,0,0,0,0,0,0,6.18488e-05,6.18545e-05,6.18476e-05,6.17876e-05,6.18419e-05,6.16107e-05,6.19081e-05,6.16729e-05,6.1905e-05,6.1788e-05,6.17347e-05,6.17918e-05,6.1911e-05,6.19147e-05,6.16819e-05,6.17874e-05
0,0,0,0,0,0,0,0,0,0,0,0,0,0,0,0,0,0,0,0,0,0,0,0,0,0,0,0,0,0,0,0,0,6.19347e-05,6.19277e-05,6.19012e-05,6.1922e-05,6.16912e-05,6.20262e-05,6.17841e-05,6.1985e-05,6.19016e-05,6.18149e-05,6.1872e-05,6.19911e-05,6.19947e-05,6.17932e-05,6.18676e-05
0,0,0,0,0,0,0,0,0,0,0,0,0,0,0,0,0,0,0,0,0,0,0,0,0,0,0,0,0,0,0,0,0,0,6.1969e-05,6.18736e-05,6.19277e-05,6.17269e-05,6.19939e-05,6.1759e-05,6.20289e-05,6.18739e-05,6.18207e-05,6.18777e-05,6.19968e-05,6.20391e-05,6.17992e-05,6.18733e-05
0,0,0,0,0,0,0,0,0,0,0,0,0,0,0,0,0,0,0,0,0,0,0,0,0,0,0,0,0,0,0,0,0,0,0,6.18666e-05,6.19208e-05,6.16899e-05,6.19869e-05,6.17828e-05,6.19838e-05,6.19003e-05,6.18457e-05,6.19042e-05,6.19898e-05,6.19935e-05,6.1761e-05,6.18664e-05
0,0,0,0,0,0,0,0,0,0,0,0,0,0,0,0,0,0,0,0,0,0,0,0,0,0,0,0,0,0,0,0,0,0,0,0,6.18609e-05,6.16576e-05,6.19632e-05,6.17208e-05,6.1924e-05,6.1807e-05,6.17838e-05,6.18108e-05,6.193e-05,6.19337e-05,6.1701e-05,6.18378e-05
0,0,0,0,0,0,0,0,0,0,0,0,0,0,0,0,0,0,0,0,0,0,0,0,0,0,0,0,0,0,0,0,0,0,0,0,0,6.17138e-05,6.19812e-05,6.17769e-05,6.19781e-05,6.18944e-05,6.18398e-05,6.18983e-05,6.19841e-05,6.19878e-05,6.17553e-05,6.18607e-05
0,0,0,0,0,0,0,0,0,0,0,0,0,0,0,0,0,0,0,0,0,0,0,0,0,0,0,0,0,0,0,0,0,0,0,0,0,0,6.17506e-05,6.15148e-05,6.17798e-05,6.1658e-05,6.16032e-05,6.1662e-05,6.17535e-05,6.17572e-05,6.15238e-05,6.16574e-05
0,0,0,0,0,0,0,0,0,0,0,0,0,0,0,0,0,0,0,0,0,0,0,0,0,0,0,0,0,0,0,0,0,0,0,0,0,0,0,6.18461e-05,6.20442e-05,6.19275e-05,6.1909e-05,6.19313e-05,6.20502e-05,6.20539e-05,6.18216e-05,6.19269e-05
0,0,0,0,0,0,0,0,0,0,0,0,0,0,0,0,0,0,0,0,0,0,0,0,0,0,0,0,0,0,0,0,0,0,0,0,0,0,0,0,6.18095e-05,6.17212e-05,6.1639e-05,6.16962e-05,6.18156e-05,6.18192e-05,6.16125e-05,6.16918e-05
0,0,0,0,0,0,0,0,0,0,0,0,0,0,0,0,0,0,0,0,0,0,0,0,0,0,0,0,0,0,0,0,0,0,0,0,0,0,0,0,0,6.19243e-05,6.19057e-05,6.19281e-05,6.20471e-05,6.20507e-05,6.18519e-05,6.19238e-05
0,0,0,0,0,0,0,0,0,0,0,0,0,0,0,0,0,0,0,0,0,0,0,0,0,0,0,0,0,0,0,0,0,0,0,0,0,0,0,0,0,0,6.17541e-05,6.18112e-05,6.19304e-05,6.1934e-05,6.17013e-05,6.18382e-05
0,0,0,0,0,0,0,0,0,0,0,0,0,0,0,0,0,0,0,0,0,0,0,0,0,0,0,0,0,0,0,0,0,0,0,0,0,0,0,0,0,0,0,6.17579e-05,6.18772e-05,6.18808e-05,6.16755e-05,6.17535e-05
0,0,0,0,0,0,0,0,0,0,0,0,0,0,0,0,0,0,0,0,0,0,0,0,0,0,0,0,0,0,0,0,0,0,0,0,0,0,0,0,0,0,0,0,6.19342e-05,6.19744e-05,6.17051e-05,6.18421e-05
0,0,0,0,0,0,0,0,0,0,0,0,0,0,0,0,0,0,0,0,0,0,0,0,0,0,0,0,0,0,0,0,0,0,0,0,0,0,0,0,0,0,0,0,0,6.2098e-05,6.18583e-05,6.1966e-05
0,0,0,0,0,0,0,0,0,0,0,0,0,0,0,0,0,0,0,0,0,0,0,0,0,0,0,0,0,0,0,0,0,0,0,0,0,0,0,0,0,0,0,0,0,0,6.18622e-05,6.19335e-05
0,0,0,0,0,0,0,0,0,0,0,0,0,0,0,0,0,0,0,0,0,0,0,0,0,0,0,0,0,0,0,0,0,0,0,0,0,0,0,0,0,0,0,0,0,0,0,6.17297e-05
0,0,0,0,0,0,0,0,0,0,0,0,0,0,0,0,0,0,0,0,0,0,0,0,0,0,0,0,0,0,0,0,0,0,0,0,0,0,0,0,0,0,0,0,0,0,0,0
