# # np.logspace(-2, 2., num = num_time_points)
0,4.20087e-05,4.02711e-05,4.94144e-05,4.16832e-05,4.25605e-05,4.05687e-05,4.64673e-05,4.78142e-05,4.09986e-05,4.39733e-05,4.11326e-05,4.13613e-05,4.26164e-05,4.00342e-05,4.55711e-05,4.13779e-05,4.26612e-05,4.50893e-05,4.27154e-05,4.3717e-05,4.50151e-05,3.89428e-05,3.95918e-05,4.1581e-05,3.88684e-05,4.24541e-05,4.38789e-05,4.25586e-05,4.14763e-05,3.73321e-05,4.24556e-05,4.39643e-05,4.40781e-05,4.39425e-05,4.28031e-05,4.38303e-05,3.98763e-05,4.51676e-05,4.08371e-05,4.51013e-05,4.28097e-05,4.18622e-05,4.33807e-05,4.52294e-05,4.53105e-05,4.09807e-05,4.28016e-05
0,0,3.98428e-05,4.93936e-05,4.16633e-05,4.25407e-05,4.09645e-05,4.64493e-05,4.77931e-05,4.14088e-05,4.44994e-05,4.06802e-05,4.13344e-05,4.30829e-05,4.00049e-05,4.49439e-05,4.1353e-05,4.2637e-05,4.50665e-05,4.26913e-05,4.36935e-05,4.49922e-05,3.89164e-05,3.95658e-05,4.15563e-05,3.88419e-05,4.24299e-05,4.38555e-05,4.25344e-05,4.14515e-05,3.73045e-05,4.24313e-05,4.39409e-05,4.40547e-05,4.39164e-05,4.2779e-05,4.38041e-05,3.98485e-05,4.51448e-05,4.08118e-05,4.50784e-05,4.27856e-05,4.18376e-05,4.28585e-05,4.52067e-05,4.52847e-05,4.09555e-05,4.27751e-05
0,0,0,4.79784e-05,3.99739e-05,4.1323e-05,3.9178e-05,4.49398e-05,4.71335e-05,3.96441e-05,4.2355e-05,3.93283e-05,3.9564e-05,4.09461e-05,3.81824e-05,4.39351e-05,3.96522e-05,4.09896e-05,4.35112e-05,4.1046e-05,4.20874e-05,4.34342e-05,3.71041e-05,3.77847e-05,3.98642e-05,3.7026e-05,4.07741e-05,4.22556e-05,4.08829e-05,3.97549e-05,3.54098e-05,4.07756e-05,4.23442e-05,4.24623e-05,4.23188e-05,4.11373e-05,4.22023e-05,3.80806e-05,4.35923e-05,3.90873e-05,4.35235e-05,4.11441e-05,4.01573e-05,4.12197e-05,4.36563e-05,4.37371e-05,3.92376e-05,4.11332e-05
0,0,0,0,4.94973e-05,5.02371e-05,4.85588e-05,5.35873e-05,5.47591e-05,4.89197e-05,5.14401e-05,4.86771e-05,5.00083e-05,5.02882e-05,4.77854e-05,5.22901e-05,4.92419e-05,5.03251e-05,5.23993e-05,5.0371e-05,5.12232e-05,5.23354e-05,4.72142e-05,4.77509e-05,4.94127e-05,4.71528e-05,5.01497e-05,5.13615e-05,5.02382e-05,4.93246e-05,4.58947e-05,5.01509e-05,5.14344e-05,5.15317e-05,5.14135e-05,5.04454e-05,5.13176e-05,4.79853e-05,5.24667e-05,4.87912e-05,5.24096e-05,5.0451e-05,4.96495e-05,5.05111e-05,5.25199e-05,5.25871e-05,4.89086e-05,5.04421e-05
0,0,0,0,0,4.31537e-05,4.11024e-05,4.6564e-05,4.79014e-05,4.11057e-05,4.4623e-05,4.12359e-05,4.10313e-05,4.32109e-05,3.9742e-05,4.50603e-05,4.14832e-05,4.27621e-05,4.51849e-05,4.28176e-05,4.38171e-05,4.51125e-05,3.94365e-05,3.97005e-05,4.16846e-05,3.89803e-05,4.2557e-05,4.39787e-05,4.26612e-05,4.15801e-05,3.74474e-05,4.25584e-05,4.40622e-05,4.41757e-05,4.40378e-05,4.29037e-05,4.39258e-05,3.99822e-05,4.52629e-05,4.09408e-05,4.51967e-05,4.29102e-05,4.1965e-05,4.29809e-05,4.59474e-05,4.54068e-05,4.10888e-05,4.29032e-05
0,0,0,0,0,0,4.20293e-05,4.73459e-05,4.86717e-05,4.24613e-05,4.4905e-05,4.17058e-05,4.19224e-05,4.40995e-05,4.10901e-05,4.58736e-05,4.23619e-05,4.36162e-05,4.5994e-05,4.36693e-05,4.46496e-05,4.59212e-05,3.99886e-05,4.06191e-05,4.25603e-05,3.99144e-05,4.34138e-05,4.48081e-05,4.3516e-05,4.2458e-05,3.84199e-05,4.34152e-05,4.48917e-05,4.50031e-05,4.48677e-05,4.3755e-05,4.47578e-05,4.08945e-05,4.60708e-05,4.18322e-05,4.60057e-05,4.37615e-05,4.28351e-05,4.38308e-05,4.6134e-05,4.62079e-05,4.1974e-05,4.37512e-05
0,0,0,0,0,0,0,4.55648e-05,4.69338e-05,3.99744e-05,4.3533e-05,4.00611e-05,3.98982e-05,4.20868e-05,3.89347e-05,4.40309e-05,4.03575e-05,4.16722e-05,4.41548e-05,4.17277e-05,4.27525e-05,4.4079e-05,3.78584e-05,3.85242e-05,4.05657e-05,3.77803e-05,4.14602e-05,4.29181e-05,4.15672e-05,4.04584e-05,3.61978e-05,4.14617e-05,4.30053e-05,4.31216e-05,4.29803e-05,4.18175e-05,4.28656e-05,3.88144e-05,4.42347e-05,3.98011e-05,4.4167e-05,4.18242e-05,4.08539e-05,4.18967e-05,4.43003e-05,4.43775e-05,3.99501e-05,4.18135e-05
0,0,0,0,0,0,0,0,5.2121e-05,4.66396e-05,4.94349e-05,4.63633e-05,4.58816e-05,4.73956e-05,4.47336e-05,4.95193e-05,4.62858e-05,4.74365e-05,4.96316e-05,4.74852e-05,4.83883e-05,4.95641e-05,4.41224e-05,4.46963e-05,4.64675e-05,4.40568e-05,4.72504e-05,4.85346e-05,4.73443e-05,4.63738e-05,4.27075e-05,4.72516e-05,4.86118e-05,4.87147e-05,4.85896e-05,4.75641e-05,4.84882e-05,4.49466e-05,4.97027e-05,4.58014e-05,4.96424e-05,4.757e-05,4.67192e-05,4.76338e-05,4.97589e-05,4.98298e-05,4.5931e-05,4.75606e-05
0,0,0,0,0,0,0,0,0,4.81483e-05,4.991e-05,4.70518e-05,4.72451e-05,4.87171e-05,4.61318e-05,5.07853e-05,4.76375e-05,4.87563e-05,5.08945e-05,4.88038e-05,4.96828e-05,5.08288e-05,4.55384e-05,4.60946e-05,4.78141e-05,4.54748e-05,4.85753e-05,4.98254e-05,4.86666e-05,4.7723e-05,4.41689e-05,4.85765e-05,4.99005e-05,5.00008e-05,4.9879e-05,4.88805e-05,4.97801e-05,4.63375e-05,5.09639e-05,4.71671e-05,5.09051e-05,4.88863e-05,4.80587e-05,4.89483e-05,5.10187e-05,5.10878e-05,4.72929e-05,4.88771e-05
0,0,0,0,0,0,0,0,0,0,4.39555e-05,4.01086e-05,4.03354e-05,4.25182e-05,3.93991e-05,4.44266e-05,4.0791e-05,4.20921e-05,4.45514e-05,4.21471e-05,4.3162e-05,4.44762e-05,3.83186e-05,3.8978e-05,4.0997e-05,3.8243e-05,4.18823e-05,4.33259e-05,4.19882e-05,4.08908e-05,3.66805e-05,4.18838e-05,4.34124e-05,4.35276e-05,4.33876e-05,4.2236e-05,4.32739e-05,3.92649e-05,4.46306e-05,4.02406e-05,4.45634e-05,4.22426e-05,4.12821e-05,4.23144e-05,4.46931e-05,4.47721e-05,4.0388e-05,4.2232e-05
0,0,0,0,0,0,0,0,0,0,0,4.31496e-05,4.33539e-05,4.49598e-05,4.21382e-05,4.71842e-05,4.37819e-05,4.49967e-05,4.73052e-05,4.50481e-05,4.5999e-05,4.72344e-05,4.14902e-05,4.2098e-05,4.3974e-05,4.14184e-05,4.48005e-05,4.61529e-05,4.48995e-05,4.3875e-05,3.99802e-05,4.48018e-05,4.62341e-05,4.63423e-05,4.62108e-05,4.51313e-05,4.61041e-05,4.23637e-05,4.73798e-05,4.32696e-05,4.73165e-05,4.51375e-05,4.42399e-05,4.52047e-05,4.74416e-05,4.75131e-05,4.34067e-05,4.51276e-05
0,0,0,0,0,0,0,0,0,0,0,0,4.04394e-05,4.17609e-05,3.90843e-05,4.47312e-05,4.04947e-05,4.18051e-05,4.42802e-05,4.18604e-05,4.28821e-05,4.42046e-05,3.80046e-05,3.86678e-05,4.07022e-05,3.79268e-05,4.15938e-05,4.30471e-05,4.17004e-05,4.05952e-05,3.63507e-05,4.15953e-05,4.31341e-05,4.325e-05,4.31091e-05,4.19499e-05,4.29948e-05,3.8957e-05,4.43599e-05,3.99418e-05,4.42924e-05,4.19566e-05,4.09894e-05,4.20308e-05,4.44253e-05,4.45023e-05,4.00887e-05,4.19459e-05
0,0,0,0,0,0,0,0,0,0,0,0,0,4.24441e-05,3.93231e-05,4.43652e-05,4.07191e-05,4.20225e-05,4.44856e-05,4.20776e-05,4.30941e-05,4.44103e-05,3.82421e-05,3.89028e-05,4.09255e-05,3.81664e-05,4.18123e-05,4.32583e-05,4.19184e-05,4.08192e-05,3.66006e-05,4.18138e-05,4.33469e-05,4.34603e-05,4.3322e-05,4.21684e-05,4.32082e-05,3.91903e-05,4.45671e-05,4.05775e-05,4.44977e-05,4.21751e-05,4.12112e-05,4.22472e-05,4.46276e-05,4.47066e-05,4.0317e-05,4.21626e-05
0,0,0,0,0,0,0,0,0,0,0,0,0,0,4.07215e-05,4.59208e-05,4.24174e-05,4.36701e-05,4.60451e-05,4.37231e-05,4.47022e-05,4.59724e-05,4.00473e-05,4.0677e-05,4.26155e-05,3.99732e-05,4.34679e-05,4.48605e-05,4.357e-05,4.25134e-05,3.8481e-05,4.34693e-05,4.4944e-05,4.50553e-05,4.492e-05,4.38088e-05,4.48103e-05,4.09519e-05,4.61218e-05,4.18901e-05,4.60568e-05,4.38152e-05,4.28899e-05,4.38844e-05,4.6185e-05,4.62587e-05,4.203e-05,4.38049e-05
0,0,0,0,0,0,0,0,0,0,0,0,0,0,0,4.37151e-05,3.94185e-05,4.07635e-05,4.32983e-05,4.08202e-05,4.18673e-05,4.32209e-05,3.68542e-05,3.75393e-05,3.96317e-05,3.67756e-05,4.05468e-05,4.20363e-05,4.06562e-05,3.95218e-05,3.51479e-05,4.05483e-05,4.21254e-05,4.22441e-05,4.20998e-05,4.0912e-05,4.19827e-05,3.78371e-05,4.33798e-05,3.88501e-05,4.33107e-05,4.09189e-05,3.99266e-05,4.09949e-05,4.34441e-05,4.35253e-05,3.90013e-05,4.09079e-05
0,0,0,0,0,0,0,0,0,0,0,0,0,0,0,0,4.47774e-05,4.59659e-05,4.8228e-05,4.60162e-05,4.69475e-05,4.81586e-05,4.25374e-05,4.31324e-05,4.49652e-05,4.24693e-05,4.57738e-05,4.70983e-05,4.58707e-05,4.48684e-05,4.10679e-05,4.57751e-05,4.71779e-05,4.72839e-05,4.7155e-05,4.60976e-05,4.70505e-05,4.33918e-05,4.83012e-05,4.42766e-05,4.82392e-05,4.61037e-05,4.52253e-05,4.61722e-05,4.8359e-05,4.8432e-05,4.44106e-05,4.6094e-05
0,0,0,0,0,0,0,0,0,0,0,0,0,0,0,0,0,4.2954e-05,4.4909e-05,4.2525e-05,4.35313e-05,4.48368e-05,3.91042e-05,3.97758e-05,4.18323e-05,3.9032e-05,4.22681e-05,4.36948e-05,4.23717e-05,4.1725e-05,3.74539e-05,4.22672e-05,4.37752e-05,4.38894e-05,4.37506e-05,4.26088e-05,4.36379e-05,3.9667e-05,4.49836e-05,4.06317e-05,4.4917e-05,4.26154e-05,4.16635e-05,4.26866e-05,4.50456e-05,4.5124e-05,4.07777e-05,4.26049e-05
0,0,0,0,0,0,0,0,0,0,0,0,0,0,0,0,0,0,4.60918e-05,4.37754e-05,4.47544e-05,4.66655e-05,4.01072e-05,4.0735e-05,4.26697e-05,4.0448e-05,4.40411e-05,4.49085e-05,4.41455e-05,4.25691e-05,3.89213e-05,4.35199e-05,4.49902e-05,4.51013e-05,4.49662e-05,4.38561e-05,4.48566e-05,4.10026e-05,4.61667e-05,4.19378e-05,4.61018e-05,4.38625e-05,4.29383e-05,4.39316e-05,4.62272e-05,4.63035e-05,4.20793e-05,4.38523e-05
0,0,0,0,0,0,0,0,0,0,0,0,0,0,0,0,0,0,0,4.67948e-05,4.70748e-05,4.82808e-05,4.26774e-05,4.32711e-05,4.57043e-05,4.26082e-05,4.59028e-05,4.79248e-05,4.59969e-05,4.50031e-05,4.17038e-05,4.59072e-05,4.7299e-05,4.74047e-05,4.72762e-05,4.62216e-05,4.71719e-05,4.35234e-05,4.84195e-05,4.44056e-05,4.83576e-05,4.62276e-05,4.53516e-05,4.62933e-05,4.84771e-05,4.85499e-05,4.45392e-05,4.62179e-05
0,0,0,0,0,0,0,0,0,0,0,0,0,0,0,0,0,0,0,0,4.48034e-05,4.67179e-05,4.05791e-05,4.12234e-05,4.27269e-05,4.00901e-05,4.35733e-05,4.4964e-05,4.36751e-05,4.26194e-05,3.89827e-05,4.40995e-05,4.50416e-05,4.51526e-05,4.50176e-05,4.39088e-05,4.49081e-05,4.10604e-05,4.62168e-05,4.1993e-05,4.6152e-05,4.39152e-05,4.29921e-05,4.39843e-05,4.62772e-05,4.63535e-05,4.21343e-05,4.3905e-05
0,0,0,0,0,0,0,0,0,0,0,0,0,0,0,0,0,0,0,0,0,4.70021e-05,4.16857e-05,4.18362e-05,4.37214e-05,4.16125e-05,4.45559e-05,4.65444e-05,4.52259e-05,4.36289e-05,4.01263e-05,4.45573e-05,4.59926e-05,4.61014e-05,4.59692e-05,4.48839e-05,4.5862e-05,4.21001e-05,4.71442e-05,4.30115e-05,4.70806e-05,4.48901e-05,4.39875e-05,4.49577e-05,4.72034e-05,4.72782e-05,4.31494e-05,4.48801e-05
0,0,0,0,0,0,0,0,0,0,0,0,0,0,0,0,0,0,0,0,0,0,4.31252e-05,4.31901e-05,4.50181e-05,4.30552e-05,4.58324e-05,4.71527e-05,4.59274e-05,4.49231e-05,4.1132e-05,4.58337e-05,4.72282e-05,4.73341e-05,4.72053e-05,4.61491e-05,4.71009e-05,4.34465e-05,4.83503e-05,4.43302e-05,4.82883e-05,4.61552e-05,4.52778e-05,4.62209e-05,4.8408e-05,4.84809e-05,4.4464e-05,4.61455e-05
0,0,0,0,0,0,0,0,0,0,0,0,0,0,0,0,0,0,0,0,0,0,0,3.68227e-05,3.89515e-05,3.63543e-05,4.02878e-05,4.18626e-05,4.0404e-05,3.88412e-05,3.43824e-05,4.02914e-05,4.14811e-05,4.16016e-05,4.14551e-05,4.02483e-05,4.13362e-05,3.71185e-05,4.27544e-05,3.81491e-05,4.26843e-05,4.02553e-05,3.92462e-05,4.03306e-05,4.28219e-05,4.2902e-05,3.83045e-05,4.02441e-05
0,0,0,0,0,0,0,0,0,0,0,0,0,0,0,0,0,0,0,0,0,0,0,0,3.99993e-05,3.6743e-05,4.09398e-05,4.20039e-05,4.10531e-05,3.98842e-05,3.5407e-05,4.09434e-05,4.2091e-05,4.22114e-05,4.20654e-05,4.08781e-05,4.19498e-05,3.81465e-05,4.33464e-05,3.88114e-05,4.3279e-05,4.08849e-05,3.98916e-05,4.09591e-05,4.34107e-05,4.3492e-05,3.89642e-05,4.08739e-05
0,0,0,0,0,0,0,0,0,0,0,0,0,0,0,0,0,0,0,0,0,0,0,0,0,3.88796e-05,4.29439e-05,4.38879e-05,4.25665e-05,4.19339e-05,3.76894e-05,4.29454e-05,4.39673e-05,4.4081e-05,4.39428e-05,4.28061e-05,4.38306e-05,3.98789e-05,4.51705e-05,4.08386e-05,4.51042e-05,4.28127e-05,4.18653e-05,4.28835e-05,4.52323e-05,4.53103e-05,4.09838e-05,4.28022e-05
0,0,0,0,0,0,0,0,0,0,0,0,0,0,0,0,0,0,0,0,0,0,0,0,0,0,4.02164e-05,4.17927e-05,3.99242e-05,3.91396e-05,3.45713e-05,4.0216e-05,4.14113e-05,4.1532e-05,4.13853e-05,4.01763e-05,4.12661e-05,3.70404e-05,4.26866e-05,3.80731e-05,4.26164e-05,4.01833e-05,3.91724e-05,4.02588e-05,4.2752e-05,4.28345e-05,3.82289e-05,4.01721e-05
0,0,0,0,0,0,0,0,0,0,0,0,0,0,0,0,0,0,0,0,0,0,0,0,0,0,0,4.47135e-05,4.3422e-05,4.23608e-05,3.86841e-05,4.33221e-05,4.47939e-05,4.49055e-05,4.47698e-05,4.36547e-05,4.46597e-05,4.07885e-05,4.59755e-05,4.17272e-05,4.59103e-05,4.36612e-05,4.27326e-05,4.37306e-05,4.60362e-05,4.61129e-05,4.18694e-05,4.36509e-05
0,0,0,0,0,0,0,0,0,0,0,0,0,0,0,0,0,0,0,0,0,0,0,0,0,0,0,0,4.48166e-05,4.43251e-05,3.98876e-05,4.47149e-05,4.61465e-05,4.62549e-05,4.61232e-05,4.50416e-05,4.60163e-05,4.22682e-05,4.72944e-05,4.3176e-05,4.7231e-05,4.50478e-05,4.41484e-05,4.51151e-05,4.73534e-05,4.74279e-05,4.33135e-05,4.50378e-05
0,0,0,0,0,0,0,0,0,0,0,0,0,0,0,0,0,0,0,0,0,0,0,0,0,0,0,0,0,4.29466e-05,3.88046e-05,4.3421e-05,4.4893e-05,4.50044e-05,4.48689e-05,4.37564e-05,4.47591e-05,4.08973e-05,4.6072e-05,4.18335e-05,4.6007e-05,4.37628e-05,4.28364e-05,4.38321e-05,4.61326e-05,4.62091e-05,4.19754e-05,4.37525e-05
0,0,0,0,0,0,0,0,0,0,0,0,0,0,0,0,0,0,0,0,0,0,0,0,0,0,0,0,0,0,3.75665e-05,4.23623e-05,4.38683e-05,4.39823e-05,4.38437e-05,4.27044e-05,4.37312e-05,3.97697e-05,4.50741e-05,4.0732e-05,4.50077e-05,4.2711e-05,4.17613e-05,4.2782e-05,4.5136e-05,4.52142e-05,4.08776e-05,4.27005e-05
0,0,0,0,0,0,0,0,0,0,0,0,0,0,0,0,0,0,0,0,0,0,0,0,0,0,0,0,0,0,0,3.86857e-05,3.99728e-05,4.00979e-05,3.99458e-05,3.86919e-05,3.98224e-05,3.54259e-05,4.12926e-05,3.65033e-05,4.122e-05,3.86992e-05,3.76484e-05,3.87776e-05,4.13601e-05,4.14455e-05,3.66658e-05,3.86876e-05
0,0,0,0,0,0,0,0,0,0,0,0,0,0,0,0,0,0,0,0,0,0,0,0,0,0,0,0,0,0,0,0,4.47953e-05,4.49069e-05,4.47712e-05,4.36561e-05,4.46611e-05,4.079e-05,4.59768e-05,4.17287e-05,4.59117e-05,4.36626e-05,4.2734e-05,4.3732e-05,4.60375e-05,4.61142e-05,4.18709e-05,4.36523e-05
0,0,0,0,0,0,0,0,0,0,0,0,0,0,0,0,0,0,0,0,0,0,0,0,0,0,0,0,0,0,0,0,0,4.63384e-05,4.62099e-05,4.57246e-05,4.61032e-05,4.23618e-05,4.8094e-05,4.37979e-05,4.7313e-05,4.5727e-05,4.4242e-05,4.51983e-05,4.74352e-05,4.75096e-05,4.39308e-05,4.5129e-05
0,0,0,0,0,0,0,0,0,0,0,0,0,0,0,0,0,0,0,0,0,0,0,0,0,0,0,0,0,0,0,0,0,0,4.69631e-05,4.52376e-05,4.62084e-05,4.29803e-05,4.74792e-05,4.33835e-05,4.8137e-05,4.52472e-05,4.43574e-05,4.53185e-05,4.75457e-05,4.83443e-05,4.4057e-05,4.52362e-05
0,0,0,0,0,0,0,0,0,0,0,0,0,0,0,0,0,0,0,0,0,0,0,0,0,0,0,0,0,0,0,0,0,0,0,4.51057e-05,4.60855e-05,4.23414e-05,4.73564e-05,4.37636e-05,4.72946e-05,4.5702e-05,4.47658e-05,4.57699e-05,4.74098e-05,4.74918e-05,4.33825e-05,4.51029e-05
0,0,0,0,0,0,0,0,0,0,0,0,0,0,0,0,0,0,0,0,0,0,0,0,0,0,0,0,0,0,0,0,0,0,0,0,4.49982e-05,4.16007e-05,4.69683e-05,4.2562e-05,4.62381e-05,4.40102e-05,4.35913e-05,4.40739e-05,4.63614e-05,4.64344e-05,4.22322e-05,4.45338e-05
0,0,0,0,0,0,0,0,0,0,0,0,0,0,0,0,0,0,0,0,0,0,0,0,0,0,0,0,0,0,0,0,0,0,0,0,0,4.27119e-05,4.72523e-05,4.36443e-05,4.71886e-05,4.55891e-05,4.46506e-05,4.56572e-05,4.73058e-05,4.73839e-05,4.32657e-05,4.49955e-05
0,0,0,0,0,0,0,0,0,0,0,0,0,0,0,0,0,0,0,0,0,0,0,0,0,0,0,0,0,0,0,0,0,0,0,0,0,0,4.36097e-05,3.91056e-05,4.40997e-05,4.16085e-05,4.05906e-05,4.16849e-05,4.36713e-05,4.37555e-05,3.92599e-05,4.1599e-05
0,0,0,0,0,0,0,0,0,0,0,0,0,0,0,0,0,0,0,0,0,0,0,0,0,0,0,0,0,0,0,0,0,0,0,0,0,0,0,4.50823e-05,4.84339e-05,4.63102e-05,4.60578e-05,4.63695e-05,4.855e-05,4.86226e-05,4.46267e-05,4.62975e-05
0,0,0,0,0,0,0,0,0,0,0,0,0,0,0,0,0,0,0,0,0,0,0,0,0,0,0,0,0,0,0,0,0,0,0,0,0,0,0,0,4.442e-05,4.2571e-05,4.11369e-05,4.21665e-05,4.45501e-05,4.46294e-05,4.06411e-05,4.20848e-05
0,0,0,0,0,0,0,0,0,0,0,0,0,0,0,0,0,0,0,0,0,0,0,0,0,0,0,0,0,0,0,0,0,0,0,0,0,0,0,0,0,4.62415e-05,4.5989e-05,4.63071e-05,4.84912e-05,4.85684e-05,4.51487e-05,4.62342e-05
0,0,0,0,0,0,0,0,0,0,0,0,0,0,0,0,0,0,0,0,0,0,0,0,0,0,0,0,0,0,0,0,0,0,0,0,0,0,0,0,0,0,4.30933e-05,4.40865e-05,4.63674e-05,4.64405e-05,4.22368e-05,4.45405e-05
0,0,0,0,0,0,0,0,0,0,0,0,0,0,0,0,0,0,0,0,0,0,0,0,0,0,0,0,0,0,0,0,0,0,0,0,0,0,0,0,0,0,0,4.31637e-05,4.54933e-05,4.55709e-05,4.1716e-05,4.30815e-05
0,0,0,0,0,0,0,0,0,0,0,0,0,0,0,0,0,0,0,0,0,0,0,0,0,0,0,0,0,0,0,0,0,0,0,0,0,0,0,0,0,0,0,0,4.64375e-05,4.71794e-05,4.23075e-05,4.46123e-05
0,0,0,0,0,0,0,0,0,0,0,0,0,0,0,0,0,0,0,0,0,0,0,0,0,0,0,0,0,0,0,0,0,0,0,0,0,0,0,0,0,0,0,0,0,4.94798e-05,4.52876e-05,4.70223e-05
0,0,0,0,0,0,0,0,0,0,0,0,0,0,0,0,0,0,0,0,0,0,0,0,0,0,0,0,0,0,0,0,0,0,0,0,0,0,0,0,0,0,0,0,0,0,4.53722e-05,4.64411e-05
0,0,0,0,0,0,0,0,0,0,0,0,0,0,0,0,0,0,0,0,0,0,0,0,0,0,0,0,0,0,0,0,0,0,0,0,0,0,0,0,0,0,0,0,0,0,0,4.27005e-05
0,0,0,0,0,0,0,0,0,0,0,0,0,0,0,0,0,0,0,0,0,0,0,0,0,0,0,0,0,0,0,0,0,0,0,0,0,0,0,0,0,0,0,0,0,0,0,0
