# # np.logspace(-2, 2., num = num_time_points)
0,1.03969e-05,8.87018e-06,2.80274e-05,1.00959e-05,1.11668e-05,9.0401e-06,1.88163e-05,2.26197e-05,9.42303e-06,1.33838e-05,9.54656e-06,9.75748e-06,1.12478e-05,8.71177e-06,1.60966e-05,9.75598e-06,1.12983e-05,1.55472e-05,1.13764e-05,1.29149e-05,1.53838e-05,7.9903e-06,8.33263e-06,9.97526e-06,7.9548e-06,1.10102e-05,1.32028e-05,1.11538e-05,9.86072e-06,7.43423e-06,1.10123e-05,1.3359e-05,1.3571e-05,1.33268e-05,1.15044e-05,1.31241e-05,8.52398e-06,1.57223e-05,9.26147e-06,1.55742e-05,1.15139e-05,1.02992e-05,1.21653e-05,1.58618e-05,1.60568e-05,9.39049e-06,1.15097e-05
0,0,8.50449e-06,2.80174e-05,1.00917e-05,1.11627e-05,9.38316e-06,1.88296e-05,2.26115e-05,9.80092e-06,1.40313e-05,9.12934e-06,9.72365e-06,1.17511e-05,8.66617e-06,1.52753e-05,9.72785e-06,1.1274e-05,1.55295e-05,1.13523e-05,1.28937e-05,1.5366e-05,7.95614e-06,8.2996e-06,9.94776e-06,7.92028e-06,1.09853e-05,1.31821e-05,1.11292e-05,9.83289e-06,7.39728e-06,1.09874e-05,1.33384e-05,1.35501e-05,1.32922e-05,1.14803e-05,1.30892e-05,8.48328e-06,1.57048e-05,9.2314e-06,1.55564e-05,1.14893e-05,1.0272e-05,1.16039e-05,1.58443e-05,1.60223e-05,9.36088e-06,1.14738e-05
0,0,0,2.75357e-05,8.66285e-06,1.02814e-05,7.65837e-06,1.80937e-05,2.3257e-05,8.1693e-06,1.23358e-05,7.8235e-06,8.06544e-06,9.98141e-06,6.8137e-06,1.50214e-05,8.25289e-06,1.00291e-05,1.46508e-05,1.0117e-05,1.18206e-05,1.44773e-05,6.06442e-06,6.50866e-06,8.51099e-06,6.01748e-06,9.7034e-06,1.21345e-05,9.86604e-06,8.37645e-06,5.31028e-06,9.70575e-06,1.23041e-05,1.25333e-05,1.22539e-05,1.02604e-05,1.20335e-05,6.74127e-06,1.48364e-05,7.65873e-06,1.46792e-05,1.02705e-05,8.88786e-06,1.03959e-05,1.49838e-05,1.51721e-05,7.81695e-06,1.02531e-05
0,0,0,0,2.80374e-05,2.8438e-05,2.76705e-05,3.22144e-05,3.45709e-05,2.7799e-05,2.93787e-05,2.77374e-05,3.00095e-05,2.85011e-05,2.74891e-05,3.02908e-05,2.7919e-05,2.84946e-05,3.04303e-05,2.85257e-05,2.91734e-05,3.03472e-05,2.73521e-05,2.7454e-05,2.79964e-05,2.73417e-05,2.83816e-05,2.9302e-05,2.84376e-05,2.79558e-05,2.71948e-05,2.83824e-05,2.9373e-05,2.94694e-05,2.93519e-05,2.85772e-05,2.92606e-05,2.75101e-05,3.05205e-05,2.77771e-05,3.04441e-05,2.85808e-05,2.81133e-05,2.86232e-05,3.05919e-05,3.06846e-05,2.77935e-05,2.85742e-05
0,0,0,0,0,1.18026e-05,9.55954e-06,1.89049e-05,2.26544e-05,9.55827e-06,1.4141e-05,9.65511e-06,9.47629e-06,1.1884e-05,8.5135e-06,1.53575e-05,9.87933e-06,1.14012e-05,1.5622e-05,1.14842e-05,1.30116e-05,1.54677e-05,8.4271e-06,8.47125e-06,1.00914e-05,8.10353e-06,1.1121e-05,1.32977e-05,1.12634e-05,9.97822e-06,7.58935e-06,1.11231e-05,1.34458e-05,1.36565e-05,1.33996e-05,1.1605e-05,1.31983e-05,8.6511e-06,1.57959e-05,9.37954e-06,1.56488e-05,1.16139e-05,1.04112e-05,1.17182e-05,1.67844e-05,1.61403e-05,9.52915e-06,1.1618e-05
0,0,0,0,0,0,1.07799e-05,1.94709e-05,2.31881e-05,1.11444e-05,1.43096e-05,1.04371e-05,1.06111e-05,1.29287e-05,1.01366e-05,1.60872e-05,1.09595e-05,1.23524e-05,1.63292e-05,1.24239e-05,1.38465e-05,1.61739e-05,9.42888e-06,9.71393e-06,1.1155e-05,9.39196e-06,1.20895e-05,1.41155e-05,1.22204e-05,1.10527e-05,8.95527e-06,1.20914e-05,1.42614e-05,1.44597e-05,1.4218e-05,1.25408e-05,1.40285e-05,9.87124e-06,1.64959e-05,1.05156e-05,1.63548e-05,1.25491e-05,1.14452e-05,1.26454e-05,1.66442e-05,1.67987e-05,1.06351e-05,1.25351e-05
0,0,0,0,0,0,0,1.83507e-05,2.22134e-05,8.42638e-06,1.32699e-05,8.41592e-06,8.33699e-06,1.08645e-05,7.47701e-06,1.4691e-05,8.77614e-06,1.04639e-05,1.49517e-05,1.05482e-05,1.21917e-05,1.47819e-05,6.76437e-06,7.16045e-06,9.01922e-06,6.71714e-06,1.01522e-05,1.24963e-05,1.03077e-05,8.89237e-06,6.09167e-06,1.01544e-05,1.26609e-05,1.28839e-05,1.2612e-05,1.06857e-05,1.2398e-05,7.37244e-06,1.51336e-05,8.21523e-06,1.49796e-05,1.06954e-05,9.37568e-06,1.08084e-05,1.52911e-05,1.5463e-05,8.36755e-06,1.06788e-05
0,0,0,0,0,0,0,0,2.76893e-05,1.95437e-05,2.22752e-05,1.93475e-05,1.84859e-05,1.95154e-05,1.80222e-05,2.20933e-05,1.86866e-05,1.95361e-05,2.22648e-05,1.95814e-05,2.05135e-05,2.21511e-05,1.78288e-05,1.79844e-05,1.8802e-05,1.78126e-05,1.93709e-05,2.0696e-05,1.94529e-05,1.87414e-05,1.75862e-05,1.93721e-05,2.07958e-05,2.09323e-05,2.07661e-05,1.96558e-05,2.06368e-05,1.80699e-05,2.23873e-05,1.84298e-05,2.22836e-05,1.96611e-05,1.89755e-05,1.97228e-05,2.24858e-05,2.26111e-05,1.84981e-05,1.9652e-05
0,0,0,0,0,0,0,0,0,2.37754e-05,2.43202e-05,2.22615e-05,2.23454e-05,2.32074e-05,2.197e-05,2.54116e-05,2.25071e-05,2.32172e-05,2.55559e-05,2.32553e-05,2.40454e-05,2.54568e-05,2.17998e-05,2.19276e-05,2.2603e-05,2.17869e-05,2.30784e-05,2.42013e-05,2.31473e-05,2.25527e-05,2.16022e-05,2.30794e-05,2.42868e-05,2.44037e-05,2.42613e-05,2.33181e-05,2.41507e-05,2.19977e-05,2.56627e-05,2.22944e-05,2.55722e-05,2.33225e-05,2.27476e-05,2.33746e-05,2.5748e-05,2.58581e-05,2.23509e-05,2.33148e-05
0,0,0,0,0,0,0,0,0,0,1.36032e-05,8.53807e-06,8.75239e-06,1.12262e-05,7.97579e-06,1.49237e-05,9.17399e-06,1.07998e-05,1.51887e-05,1.08814e-05,1.24811e-05,1.50215e-05,7.26849e-06,7.64294e-06,9.40685e-06,7.22924e-06,1.0498e-05,1.27788e-05,1.06485e-05,9.2853e-06,6.65213e-06,1.05002e-05,1.29399e-05,1.31581e-05,1.28921e-05,1.10148e-05,1.26828e-05,7.8419e-06,1.53677e-05,8.63898e-06,1.52162e-05,1.10242e-05,9.74914e-06,1.11338e-05,1.55104e-05,1.5692e-05,8.78383e-06,1.1008e-05
0,0,0,0,0,0,0,0,0,0,0,1.28051e-05,1.29163e-05,1.43824e-05,1.22399e-05,1.76795e-05,1.32112e-05,1.43877e-05,1.79184e-05,1.44492e-05,1.56893e-05,1.7777e-05,1.19752e-05,1.21978e-05,1.33738e-05,1.1943e-05,1.41627e-05,1.59271e-05,1.42746e-05,1.32886e-05,1.16027e-05,1.41643e-05,1.60565e-05,1.62329e-05,1.6018e-05,1.45498e-05,1.585e-05,1.23234e-05,1.80704e-05,1.28453e-05,1.79417e-05,1.4557e-05,1.36168e-05,1.46401e-05,1.82097e-05,1.83473e-05,1.29435e-05,1.45449e-05
0,0,0,0,0,0,0,0,0,0,0,0,8.7929e-06,1.05153e-05,7.63956e-06,1.54748e-05,8.89656e-06,1.05651e-05,1.50227e-05,1.06486e-05,1.22787e-05,1.48538e-05,6.91985e-06,7.30755e-06,9.13644e-06,6.87373e-06,1.02565e-05,1.25812e-05,1.04105e-05,9.01124e-06,6.26391e-06,1.02587e-05,1.27448e-05,1.29662e-05,1.26963e-05,1.07849e-05,1.24838e-05,7.51549e-06,1.52038e-05,8.34933e-06,1.50505e-05,1.07945e-05,9.4885e-06,1.09151e-05,1.53602e-05,1.55318e-05,8.49384e-06,1.07782e-05
0,0,0,0,0,0,0,0,0,0,0,0,0,1.1151e-05,7.89283e-06,1.49035e-05,9.10504e-06,1.07413e-05,1.51472e-05,1.08233e-05,1.24305e-05,1.49795e-05,7.18113e-06,7.56004e-06,9.33962e-06,7.14154e-06,1.04378e-05,1.27294e-05,1.05892e-05,9.21718e-06,6.55672e-06,1.044e-05,1.29008e-05,1.31104e-05,1.28524e-05,1.09654e-05,1.26421e-05,7.76151e-06,1.53381e-05,8.91529e-06,1.51748e-05,1.0975e-05,9.68491e-06,1.10863e-05,1.54696e-05,1.56521e-05,8.71783e-06,1.09511e-05
0,0,0,0,0,0,0,0,0,0,0,0,0,0,9.85852e-06,1.61204e-05,1.10379e-05,1.2422e-05,1.63819e-05,1.24931e-05,1.39087e-05,1.62271e-05,9.52001e-06,9.8023e-06,1.12321e-05,9.48332e-06,1.21606e-05,1.41764e-05,1.22908e-05,1.11305e-05,9.05104e-06,1.21625e-05,1.43219e-05,1.45192e-05,1.42786e-05,1.26095e-05,1.40899e-05,9.95821e-06,1.65482e-05,1.06046e-05,1.64074e-05,1.26177e-05,1.15203e-05,1.27135e-05,1.6696e-05,1.68499e-05,1.0716e-05,1.26037e-05
0,0,0,0,0,0,0,0,0,0,0,0,0,0,0,1.49128e-05,8.09665e-06,9.90095e-06,1.45633e-05,9.98991e-06,1.1712e-05,1.43889e-05,5.85002e-06,6.30938e-06,8.35958e-06,5.80135e-06,9.57087e-06,1.20288e-05,9.73573e-06,8.22256e-06,5.06406e-06,9.57325e-06,1.21999e-05,1.2431e-05,1.21493e-05,1.01352e-05,1.19269e-05,6.54907e-06,1.47501e-05,7.4899e-06,1.4592e-05,1.01454e-05,8.74298e-06,1.02721e-05,1.48984e-05,1.50876e-05,7.65181e-06,1.01278e-05
0,0,0,0,0,0,0,0,0,0,0,0,0,0,0,0,1.51292e-05,1.61668e-05,1.9376e-05,1.62215e-05,1.73352e-05,1.92452e-05,1.40557e-05,1.42529e-05,1.52716e-05,1.40354e-05,1.59668e-05,1.75508e-05,1.60662e-05,1.5197e-05,1.37471e-05,1.59683e-05,1.76684e-05,1.78289e-05,1.76337e-05,1.63113e-05,1.74812e-05,1.43608e-05,1.95167e-05,1.48112e-05,1.93975e-05,1.63177e-05,1.54848e-05,1.64072e-05,1.96289e-05,1.97732e-05,1.48959e-05,1.63069e-05
0,0,0,0,0,0,0,0,0,0,0,0,0,0,0,0,0,1.16306e-05,1.54303e-05,1.12055e-05,1.27684e-05,1.52775e-05,8.00058e-06,8.39675e-06,1.0204e-05,7.97501e-06,1.08566e-05,1.30658e-05,1.09979e-05,1.00839e-05,7.37531e-06,1.0848e-05,1.31985e-05,1.34125e-05,1.31516e-05,1.13175e-05,1.29465e-05,8.26603e-06,1.55861e-05,9.02138e-06,1.54367e-05,1.13267e-05,1.00899e-05,1.14331e-05,1.57263e-05,1.59058e-05,9.16045e-06,1.13109e-05
0,0,0,0,0,0,0,0,0,0,0,0,0,0,0,0,0,0,1.6438e-05,1.25827e-05,1.39939e-05,1.72147e-05,9.63612e-06,9.91072e-06,1.13269e-05,9.94579e-06,1.28414e-05,1.42411e-05,1.29748e-05,1.12314e-05,9.43635e-06,1.22396e-05,1.43761e-05,1.45728e-05,1.43331e-05,1.26711e-05,1.41451e-05,1.00365e-05,1.65952e-05,1.06704e-05,1.64549e-05,1.26793e-05,1.15878e-05,1.27745e-05,1.67268e-05,1.68958e-05,1.07883e-05,1.26652e-05
0,0,0,0,0,0,0,0,0,0,0,0,0,0,0,0,0,0,0,1.74406e-05,1.76153e-05,1.94918e-05,1.43873e-05,1.45813e-05,1.6373e-05,1.43599e-05,1.62555e-05,1.89098e-05,1.63393e-05,1.5517e-05,1.45489e-05,1.6275e-05,1.79091e-05,1.80674e-05,1.78745e-05,1.65716e-05,1.77242e-05,1.46559e-05,1.97348e-05,1.5097e-05,1.9617e-05,1.65779e-05,1.57588e-05,1.66508e-05,1.98456e-05,1.99883e-05,1.51805e-05,1.65671e-05
0,0,0,0,0,0,0,0,0,0,0,0,0,0,0,0,0,0,0,0,1.40429e-05,1.72758e-05,1.00657e-05,1.0377e-05,1.14211e-05,9.68757e-06,1.2317e-05,1.43274e-05,1.24455e-05,1.12917e-05,9.53581e-06,1.29281e-05,1.44375e-05,1.46335e-05,1.43947e-05,1.27408e-05,1.42076e-05,1.01294e-05,1.66484e-05,1.0753e-05,1.65087e-05,1.2749e-05,1.1664e-05,1.28436e-05,1.67797e-05,1.69481e-05,1.087e-05,1.27349e-05
0,0,0,0,0,0,0,0,0,0,0,0,0,0,0,0,0,0,0,0,0,1.74584e-05,1.19173e-05,1.17115e-05,1.29245e-05,1.18823e-05,1.3754e-05,1.64581e-05,1.45923e-05,1.28712e-05,1.14339e-05,1.37555e-05,1.56785e-05,1.58591e-05,1.5639e-05,1.41315e-05,1.5467e-05,1.18268e-05,1.77353e-05,1.23694e-05,1.76042e-05,1.41389e-05,1.31689e-05,1.42243e-05,1.78587e-05,1.8017e-05,1.24712e-05,1.41262e-05
0,0,0,0,0,0,0,0,0,0,0,0,0,0,0,0,0,0,0,0,0,0,1.47716e-05,1.43907e-05,1.53882e-05,1.4746e-05,1.6113e-05,1.7673e-05,1.62033e-05,1.53216e-05,1.39027e-05,1.61146e-05,1.77675e-05,1.7927e-05,1.77327e-05,1.64185e-05,1.75811e-05,1.44824e-05,1.96064e-05,1.49288e-05,1.94878e-05,1.64248e-05,1.55977e-05,1.64984e-05,1.97181e-05,1.98615e-05,1.50132e-05,1.64139e-05
0,0,0,0,0,0,0,0,0,0,0,0,0,0,0,0,0,0,0,0,0,0,0,5.84321e-06,8.01517e-06,5.4702e-06,9.59803e-06,1.22465e-05,9.78157e-06,7.87722e-06,4.46221e-06,9.60849e-06,1.19526e-05,1.21885e-05,1.19008e-05,9.83612e-06,1.16737e-05,6.07631e-06,1.45462e-05,7.0746e-06,1.43859e-05,9.84667e-06,8.39458e-06,9.96887e-06,1.47069e-05,1.48885e-05,7.25124e-06,9.82864e-06
0,0,0,0,0,0,0,0,0,0,0,0,0,0,0,0,0,0,0,0,0,0,0,0,8.68663e-06,5.79025e-06,9.93688e-06,1.20236e-05,1.01093e-05,8.53559e-06,5.20185e-06,9.94798e-06,1.21843e-05,1.24224e-05,1.21337e-05,1.01217e-05,1.19173e-05,6.75501e-06,1.47372e-05,7.4593e-06,1.45871e-05,1.0132e-05,8.72603e-06,1.0251e-05,1.48852e-05,1.50751e-05,7.62702e-06,1.01144e-05
0,0,0,0,0,0,0,0,0,0,0,0,0,0,0,0,0,0,0,0,0,0,0,0,0,7.98764e-06,1.15344e-05,1.32394e-05,1.11781e-05,1.03159e-05,7.6934e-06,1.15368e-05,1.33614e-05,1.35729e-05,1.3315e-05,1.15071e-05,1.31126e-05,8.52413e-06,1.57243e-05,9.25808e-06,1.55763e-05,1.15161e-05,1.03021e-05,1.16208e-05,1.58632e-05,1.60413e-05,9.39365e-06,1.15005e-05
0,0,0,0,0,0,0,0,0,0,0,0,0,0,0,0,0,0,0,0,0,0,0,0,0,0,9.57439e-06,1.22254e-05,9.42766e-06,8.11134e-06,4.52279e-06,9.5689e-06,1.19289e-05,1.21653e-05,1.1877e-05,9.80736e-06,1.16495e-05,6.0296e-06,1.45267e-05,7.03456e-06,1.43663e-05,9.81794e-06,8.36086e-06,9.94049e-06,1.4677e-05,1.48693e-05,7.21205e-06,9.79968e-06
0,0,0,0,0,0,0,0,0,0,0,0,0,0,0,0,0,0,0,0,0,0,0,0,0,0,0,1.40202e-05,1.2123e-05,1.09359e-05,9.06282e-06,1.19957e-05,1.41508e-05,1.43507e-05,1.41071e-05,1.2415e-05,1.39161e-05,9.71594e-06,1.64004e-05,1.03649e-05,1.62585e-05,1.24234e-05,1.13071e-05,1.25204e-05,1.65337e-05,1.67045e-05,1.04862e-05,1.24089e-05
0,0,0,0,0,0,0,0,0,0,0,0,0,0,0,0,0,0,0,0,0,0,0,0,0,0,0,0,1.41564e-05,1.37689e-05,1.14455e-05,1.40222e-05,1.59165e-05,1.60944e-05,1.58777e-05,1.43952e-05,1.57082e-05,1.21405e-05,1.79461e-05,1.26697e-05,1.78165e-05,1.44024e-05,1.34514e-05,1.44862e-05,1.8068e-05,1.82245e-05,1.27691e-05,1.43899e-05
0,0,0,0,0,0,0,0,0,0,0,0,0,0,0,0,0,0,0,0,0,0,0,0,0,0,0,0,0,1.15765e-05,9.25322e-06,1.21125e-05,1.42628e-05,1.44612e-05,1.42194e-05,1.25425e-05,1.403e-05,9.87854e-06,1.64971e-05,1.05173e-05,1.63561e-05,1.25508e-05,1.1447e-05,1.26469e-05,1.66297e-05,1.67995e-05,1.06368e-05,1.25365e-05
0,0,0,0,0,0,0,0,0,0,0,0,0,0,0,0,0,0,0,0,0,0,0,0,0,0,0,0,0,0,7.52235e-06,1.09377e-05,1.32761e-05,1.34889e-05,1.32294e-05,1.14079e-05,1.30256e-05,8.38959e-06,1.56519e-05,9.13455e-06,1.55032e-05,1.1417e-05,1.01912e-05,1.15226e-05,1.57914e-05,1.59703e-05,9.27193e-06,1.14013e-05
0,0,0,0,0,0,0,0,0,0,0,0,0,0,0,0,0,0,0,0,0,0,0,0,0,0,0,0,0,0,0,9.06556e-06,1.15883e-05,1.18315e-05,1.15348e-05,9.39011e-06,1.13005e-05,5.32648e-06,1.42483e-05,6.44003e-06,1.40848e-05,9.40116e-06,7.86725e-06,9.52907e-06,1.44015e-05,1.45974e-05,6.63345e-06,9.38209e-06
0,0,0,0,0,0,0,0,0,0,0,0,0,0,0,0,0,0,0,0,0,0,0,0,0,0,0,0,0,0,0,0,1.41524e-05,1.43523e-05,1.41087e-05,1.24168e-05,1.39178e-05,9.71836e-06,1.64018e-05,1.03671e-05,1.62599e-05,1.24252e-05,1.13092e-05,1.25223e-05,1.65351e-05,1.67059e-05,1.04883e-05,1.24108e-05
0,0,0,0,0,0,0,0,0,0,0,0,0,0,0,0,0,0,0,0,0,0,0,0,0,0,0,0,0,0,0,0,0,1.62379e-05,1.60413e-05,1.53677e-05,1.58729e-05,1.23355e-05,1.92457e-05,1.34857e-05,1.79498e-05,1.53491e-05,1.36553e-05,1.46307e-05,1.81996e-05,1.83548e-05,1.35493e-05,1.45786e-05
0,0,0,0,0,0,0,0,0,0,0,0,0,0,0,0,0,0,0,0,0,0,0,0,0,0,0,0,0,0,0,0,0,0,1.71411e-05,1.47445e-05,1.60322e-05,1.30926e-05,1.82202e-05,1.30793e-05,1.9272e-05,1.47715e-05,1.38746e-05,1.48807e-05,1.83928e-05,1.9703e-05,1.38155e-05,1.47522e-05
0,0,0,0,0,0,0,0,0,0,0,0,0,0,0,0,0,0,0,0,0,0,0,0,0,0,0,0,0,0,0,0,0,0,0,1.45229e-05,1.58667e-05,1.23098e-05,1.80622e-05,1.33917e-05,1.79455e-05,1.53033e-05,1.42475e-05,1.53838e-05,1.81506e-05,1.83562e-05,1.29216e-05,1.45248e-05
0,0,0,0,0,0,0,0,0,0,0,0,0,0,0,0,0,0,0,0,0,0,0,0,0,0,0,0,0,0,0,0,0,0,0,0,1.4346e-05,1.07041e-05,1.7766e-05,1.14045e-05,1.6626e-05,1.29143e-05,1.23822e-05,1.29803e-05,1.6887e-05,1.7036e-05,1.10475e-05,1.35119e-05
0,0,0,0,0,0,0,0,0,0,0,0,0,0,0,0,0,0,0,0,0,0,0,0,0,0,0,0,0,0,0,0,0,0,0,0,0,1.25802e-05,1.7913e-05,1.31681e-05,1.77797e-05,1.5112e-05,1.40431e-05,1.51933e-05,1.80018e-05,1.81806e-05,1.26948e-05,1.43477e-05
0,0,0,0,0,0,0,0,0,0,0,0,0,0,0,0,0,0,0,0,0,0,0,0,0,0,0,0,0,0,0,0,0,0,0,0,0,0,1.48697e-05,7.68908e-06,1.53718e-05,1.07189e-05,9.28216e-06,1.08417e-05,1.50049e-05,1.52125e-05,7.86406e-06,1.07076e-05
0,0,0,0,0,0,0,0,0,0,0,0,0,0,0,0,0,0,0,0,0,0,0,0,0,0,0,0,0,0,0,0,0,0,0,0,0,0,0,1.60679e-05,1.97788e-05,1.67825e-05,1.6811e-05,1.6816e-05,1.99841e-05,2.01255e-05,1.5406e-05,1.6753e-05
0,0,0,0,0,0,0,0,0,0,0,0,0,0,0,0,0,0,0,0,0,0,0,0,0,0,0,0,0,0,0,0,0,0,0,0,0,0,0,0,1.51382e-05,1.14231e-05,9.66301e-06,1.10369e-05,1.54326e-05,1.56164e-05,8.9901e-06,1.09128e-05
0,0,0,0,0,0,0,0,0,0,0,0,0,0,0,0,0,0,0,0,0,0,0,0,0,0,0,0,0,0,0,0,0,0,0,0,0,0,0,0,0,1.66166e-05,1.66586e-05,1.669e-05,1.98872e-05,2.00626e-05,1.6e-05,1.66191e-05
0,0,0,0,0,0,0,0,0,0,0,0,0,0,0,0,0,0,0,0,0,0,0,0,0,0,0,0,0,0,0,0,0,0,0,0,0,0,0,0,0,0,1.18375e-05,1.30226e-05,1.6893e-05,1.7043e-05,1.10477e-05,1.35211e-05
0,0,0,0,0,0,0,0,0,0,0,0,0,0,0,0,0,0,0,0,0,0,0,0,0,0,0,0,0,0,0,0,0,0,0,0,0,0,0,0,0,0,0,1.19388e-05,1.60824e-05,1.62599e-05,1.01741e-05,1.18128e-05
0,0,0,0,0,0,0,0,0,0,0,0,0,0,0,0,0,0,0,0,0,0,0,0,0,0,0,0,0,0,0,0,0,0,0,0,0,0,0,0,0,0,0,0,1.6997e-05,1.81235e-05,1.11546e-05,1.36225e-05
0,0,0,0,0,0,0,0,0,0,0,0,0,0,0,0,0,0,0,0,0,0,0,0,0,0,0,0,0,0,0,0,0,0,0,0,0,0,0,0,0,0,0,0,0,2.16684e-05,1.63227e-05,1.78625e-05
0,0,0,0,0,0,0,0,0,0,0,0,0,0,0,0,0,0,0,0,0,0,0,0,0,0,0,0,0,0,0,0,0,0,0,0,0,0,0,0,0,0,0,0,0,0,1.65228e-05,1.70972e-05
0,0,0,0,0,0,0,0,0,0,0,0,0,0,0,0,0,0,0,0,0,0,0,0,0,0,0,0,0,0,0,0,0,0,0,0,0,0,0,0,0,0,0,0,0,0,0,1.15102e-05
0,0,0,0,0,0,0,0,0,0,0,0,0,0,0,0,0,0,0,0,0,0,0,0,0,0,0,0,0,0,0,0,0,0,0,0,0,0,0,0,0,0,0,0,0,0,0,0
