# # np.logspace(-2, 2., num = num_time_points)
0,1.09196e-13,9.68849e-14,2.80983e-09,2.9796e-13,1.5954e-12,2.3001e-12,6.57986e-13,3.17785e-11,4.82711e-14,6.48984e-14,7.0408e-13,6.53712e-12,5.65958e-14,8.73471e-13,3.29151e-13,5.8688e-14,1.21662e-12,5.23114e-14,2.09358e-13,7.91382e-15,2.61244e-13,1.81366e-13,2.71301e-13,4.14502e-14,1.37698e-13,9.28989e-13,2.5181e-13,9.54824e-13,3.26551e-14,2.48303e-13,9.32052e-13,6.74637e-13,3.73253e-13,4.83005e-13,3.44676e-12,6.54455e-13,4.73018e-13,6.03946e-13,5.46038e-13,6.4511e-13,1.90325e-12,2.94816e-12,2.85177e-12,1.113e-13,8.95538e-14,2.69257e-12,3.60832e-12
0,0,8.08804e-14,2.8098e-09,4.43595e-13,3.74361e-13,4.98123e-13,6.65875e-13,3.18362e-11,1.56502e-14,7.24048e-14,1.24716e-12,7.73691e-12,2.36215e-13,6.5209e-13,5.10134e-13,1.20447e-12,1.9367e-14,4.77694e-14,4.49757e-13,3.04354e-14,2.87815e-13,6.41265e-14,1.00226e-13,4.60394e-14,9.76542e-14,1.86137e-13,3.35841e-13,9.54336e-14,1.89925e-13,5.43914e-14,1.48382e-13,6.0046e-13,3.44088e-13,5.23096e-13,3.48701e-12,6.6751e-13,4.19107e-13,4.82392e-13,6.8269e-13,6.97126e-13,3.19157e-13,2.71009e-12,3.54191e-12,8.49059e-14,9.295e-14,8.92073e-13,3.70326e-12
0,0,0,2.80648e-09,1.33403e-13,5.59558e-14,6.40902e-13,7.04653e-13,3.10394e-11,1.62529e-13,5.75374e-13,8.15699e-14,7.70264e-12,3.22055e-13,3.85817e-13,1.31505e-12,1.60469e-13,1.37214e-14,8.7465e-14,1.89802e-14,1.26624e-13,4.83119e-13,4.3262e-14,1.12396e-13,7.22338e-14,2.7917e-13,5.57087e-14,6.21999e-13,6.24267e-14,7.89308e-14,2.25435e-13,5.50343e-14,6.65851e-13,9.4595e-13,3.66896e-13,7.51847e-14,1.05131e-12,1.27351e-13,8.56752e-13,8.39847e-14,3.92113e-13,8.31474e-14,6.43068e-14,2.54529e-13,2.354e-13,8.01026e-13,8.43029e-14,5.85049e-15
0,0,0,0,2.80333e-09,2.80458e-09,2.80246e-09,2.80747e-09,2.8025e-09,2.80734e-09,2.80688e-09,2.80855e-09,3.09547e-09,2.81343e-09,2.80918e-09,2.80339e-09,2.80165e-09,2.7985e-09,2.80834e-09,2.79841e-09,2.80364e-09,2.80378e-09,2.80244e-09,2.8017e-09,2.79741e-09,2.80199e-09,2.80166e-09,2.80558e-09,2.80075e-09,2.80666e-09,2.80275e-09,2.80166e-09,2.80175e-09,2.80721e-09,2.80593e-09,2.80572e-09,2.80434e-09,2.80568e-09,2.80194e-09,2.80849e-09,2.79926e-09,2.8058e-09,2.80138e-09,2.80604e-09,2.80757e-09,2.8018e-09,2.80168e-09,2.80547e-09
0,0,0,0,0,2.17466e-13,6.69162e-14,2.61477e-13,3.13347e-11,6.72687e-14,4.27618e-13,7.53994e-13,5.64193e-12,1.92684e-12,1.09901e-12,3.96876e-13,3.1694e-14,3.87479e-14,2.17793e-13,6.33118e-14,8.68035e-14,5.84282e-13,3.03109e-14,3.05395e-14,3.47287e-14,2.64738e-14,2.61233e-14,1.89834e-13,2.80334e-14,3.26235e-14,1.48723e-13,2.61898e-14,1.96334e-13,2.32929e-13,1.64872e-13,6.61328e-14,9.62323e-14,5.49264e-14,5.7587e-13,2.33842e-13,5.4636e-13,3.32643e-14,7.67023e-14,8.1109e-14,6.0855e-13,5.46622e-13,8.8409e-14,7.55268e-14
0,0,0,0,0,0,5.69422e-14,2.09068e-13,3.17994e-11,2.04309e-13,1.34073e-13,1.14221e-12,6.37349e-12,1.68368e-12,6.42923e-12,1.18925e-14,2.13993e-13,4.12523e-15,5.03537e-13,1.77839e-14,2.70389e-14,4.61353e-13,1.05164e-13,1.78921e-14,1.65539e-13,1.02279e-13,1.04328e-14,3.24929e-14,5.10286e-15,2.03339e-13,1.00758e-13,1.06519e-14,2.01849e-14,4.44822e-14,1.21594e-13,2.11799e-14,2.75402e-14,2.0622e-13,5.88999e-13,9.55583e-13,5.46095e-13,2.44902e-13,1.04766e-13,2.9756e-14,6.81855e-13,6.17257e-13,6.78892e-14,3.18882e-14
0,0,0,0,0,0,0,5.14443e-13,2.92938e-11,1.03615e-13,1.22994e-13,6.85654e-13,9.46542e-12,1.33737e-13,5.68289e-14,7.16633e-14,2.78888e-14,1.38523e-14,6.08725e-13,4.12362e-15,1.58828e-15,5.58877e-13,1.51779e-14,7.25094e-14,2.55087e-14,1.10339e-14,4.22835e-14,1.54447e-13,7.50065e-14,8.59044e-14,1.4406e-13,4.24169e-14,1.00234e-13,2.78565e-13,1.22109e-13,4.12037e-14,7.48892e-14,8.94726e-14,5.18518e-13,4.49711e-13,6.32167e-13,3.39084e-14,1.13587e-13,2.11508e-14,6.1878e-13,6.6779e-13,6.05364e-14,6.70821e-14
0,0,0,0,0,0,0,0,2.73553e-11,7.74299e-13,1.50362e-12,7.31535e-13,1.24225e-11,5.66619e-14,6.87035e-13,4.98762e-13,3.73361e-13,3.90012e-13,7.11751e-13,6.17123e-13,7.96445e-13,9.98219e-13,4.30446e-13,4.99725e-13,3.20906e-13,8.46499e-13,8.68595e-14,9.9131e-13,8.30801e-13,1.46699e-12,4.7256e-13,2.93971e-13,5.49419e-13,2.23759e-12,5.30662e-13,1.02688e-12,2.16319e-12,6.6522e-13,1.15495e-12,6.76305e-13,1.05545e-12,1.0416e-12,3.98021e-13,5.12803e-13,1.47252e-12,5.36169e-12,4.14398e-13,1.1543e-12
0,0,0,0,0,0,0,0,0,3.0986e-11,2.35997e-11,2.91935e-11,2.98026e-11,3.16697e-11,1.80064e-11,3.00554e-11,1.17193e-11,2.9863e-11,3.10477e-11,2.99948e-11,2.42238e-11,3.1275e-11,2.97637e-11,1.69426e-11,3.61024e-11,2.88092e-11,3.15189e-11,2.76811e-11,3.15751e-11,2.69798e-11,3.01785e-11,3.15192e-11,2.9977e-11,2.9181e-11,2.93421e-11,3.00899e-11,2.92182e-11,2.7288e-11,2.92597e-11,2.8994e-11,2.89674e-11,3.00845e-11,3.14943e-11,3.08057e-11,2.98832e-11,2.91745e-11,2.82494e-11,3.01444e-11
0,0,0,0,0,0,0,0,0,0,5.8174e-14,1.80032e-13,9.27668e-12,7.87741e-13,9.47902e-13,4.57206e-15,4.24842e-14,5.24803e-14,1.54504e-14,5.08586e-14,2.25687e-14,1.71912e-14,7.28962e-13,4.7212e-14,3.53586e-14,8.45479e-13,3.39202e-13,1.46433e-14,2.12958e-13,4.06112e-14,6.87487e-13,3.36619e-13,1.42765e-14,2.11659e-14,1.00836e-14,8.33022e-13,2.7395e-13,8.24848e-13,1.73422e-13,6.79046e-14,1.14304e-14,8.31745e-13,1.98849e-14,7.88579e-13,3.70598e-13,6.24585e-13,5.49837e-14,8.35883e-13
0,0,0,0,0,0,0,0,0,0,0,2.93694e-14,1.12216e-11,4.66806e-14,1.13243e-13,1.64322e-13,1.64142e-13,1.56653e-13,1.58094e-13,6.37214e-15,9.44228e-14,1.77263e-13,7.66725e-14,2.43126e-13,1.70365e-13,1.39073e-13,1.83586e-14,1.4045e-13,3.42196e-14,1.59849e-13,1.76429e-13,1.64166e-14,1.44772e-13,1.82855e-13,1.44865e-13,1.12819e-13,1.70803e-13,2.6465e-13,3.91096e-13,2.54131e-13,3.49679e-13,1.12166e-13,1.46089e-13,1.07208e-13,3.92764e-13,4.13536e-13,1.01945e-13,1.13593e-13
0,0,0,0,0,0,0,0,0,0,0,0,1.77761e-11,6.97641e-12,5.83072e-14,4.20614e-13,5.86468e-14,9.08739e-14,4.7858e-14,9.04547e-14,1.72084e-13,6.26303e-13,3.09993e-14,5.43448e-13,1.20643e-12,1.94588e-14,1.49072e-12,2.05053e-12,1.79167e-13,2.07178e-12,1.72032e-13,1.49888e-12,2.34986e-12,1.78864e-12,2.6987e-12,8.04917e-13,2.52655e-12,6.80129e-13,1.03585e-12,4.99844e-13,1.07697e-13,7.70055e-13,1.61208e-12,8.6737e-13,1.56421e-12,1.2222e-12,1.23135e-12,8.69193e-13
0,0,0,0,0,0,0,0,0,0,0,0,0,6.57959e-12,6.02579e-12,4.16095e-12,6.83326e-12,6.20863e-12,6.54206e-12,6.18017e-12,6.26711e-12,5.91571e-12,6.28769e-12,6.12227e-12,5.36353e-12,6.25958e-12,6.23987e-12,6.49129e-12,6.23158e-12,6.32085e-12,6.25924e-12,6.23962e-12,1.15877e-11,1.64366e-11,1.03779e-11,6.59449e-12,7.80322e-12,6.42845e-12,1.56011e-11,1.69783e-11,7.00334e-12,6.61642e-12,4.51783e-12,6.74147e-12,1.63228e-11,1.27605e-11,8.28371e-12,6.56545e-12
0,0,0,0,0,0,0,0,0,0,0,0,0,0,2.24056e-13,3.59665e-14,2.84476e-13,4.45932e-14,1.67139e-12,1.88198e-14,6.89983e-15,8.31561e-14,1.07484e-13,6.73783e-14,9.29039e-14,1.36786e-13,1.58771e-13,1.02711e-13,1.86971e-14,6.03341e-13,1.12565e-13,1.62045e-13,6.72934e-13,2.24264e-13,7.67956e-13,2.92064e-12,9.5353e-13,7.98628e-13,4.03238e-13,5.71431e-14,8.80714e-14,1.11987e-12,7.2375e-13,5.33135e-13,6.17695e-13,2.59532e-13,1.50915e-12,2.48366e-12
0,0,0,0,0,0,0,0,0,0,0,0,0,0,0,4.53613e-12,2.38918e-13,8.20955e-13,6.57697e-13,4.32831e-13,4.16026e-13,8.22824e-13,4.66244e-13,1.2066e-13,1.08568e-12,1.46893e-14,2.22902e-13,3.99519e-14,1.91753e-13,4.84098e-13,1.25317e-13,2.23495e-13,3.53615e-12,1.57739e-12,2.21394e-12,4.3449e-13,5.10794e-12,9.15289e-13,3.87864e-13,2.47816e-14,5.47085e-13,4.33957e-13,7.96368e-13,1.43628e-13,3.26863e-13,5.96735e-13,4.89493e-14,1.3005e-12
0,0,0,0,0,0,0,0,0,0,0,0,0,0,0,0,7.53154e-14,1.44504e-13,6.65961e-13,4.67776e-13,4.02717e-13,4.42361e-13,5.49029e-13,4.93808e-13,4.15719e-13,5.68267e-13,4.44961e-13,3.28734e-13,1.80967e-13,8.13055e-13,5.72413e-13,4.46624e-13,1.82704e-13,4.91747e-13,3.21952e-13,4.35242e-13,4.82087e-13,5.08424e-13,7.00511e-13,3.1759e-13,6.76048e-13,4.33836e-13,5.24517e-13,4.15924e-13,5.46619e-13,6.02844e-13,5.08933e-13,4.8418e-13
0,0,0,0,0,0,0,0,0,0,0,0,0,0,0,0,0,3.81545e-14,1.05525e-12,6.51251e-14,9.95593e-14,6.30845e-13,1.15791e-14,3.35544e-15,1.80911e-14,4.27594e-15,1.62819e-14,1.45657e-13,3.42241e-14,4.89384e-15,1.48645e-13,1.56108e-14,2.25327e-13,2.08017e-13,2.08921e-13,8.01402e-14,1.2854e-13,1.72559e-14,2.92166e-13,6.5507e-13,1.06646e-13,6.58848e-14,6.31433e-14,7.93515e-14,1.09779e-13,1.21171e-13,5.33379e-14,7.00341e-14
0,0,0,0,0,0,0,0,0,0,0,0,0,0,0,0,0,0,1.92644e-13,7.42974e-14,1.11463e-13,6.18864e-13,3.72159e-14,3.10802e-14,4.01578e-14,3.55846e-14,4.01924e-14,1.8191e-13,4.05512e-14,4.99415e-14,1.65042e-13,3.12362e-14,1.27979e-13,1.81137e-13,2.10195e-13,9.11771e-14,1.84757e-13,3.55524e-14,1.88537e-13,2.63612e-13,1.87403e-13,7.21434e-14,5.90427e-14,8.80549e-14,1.59998e-13,5.18347e-13,5.66914e-14,8.34612e-14
0,0,0,0,0,0,0,0,0,0,0,0,0,0,0,0,0,0,0,1.50519e-13,4.81207e-13,3.07199e-13,6.6169e-13,6.09464e-13,1.96579e-13,5.65238e-13,2.59291e-13,4.6949e-13,4.37528e-13,1.73281e-13,6.39394e-13,2.5542e-13,6.15241e-13,1.81908e-13,6.37893e-13,1.74411e-13,5.70184e-13,6.27935e-13,7.09727e-13,1.13494e-13,9.22953e-13,1.71392e-13,4.76084e-13,6.20298e-13,7.29449e-13,7.52174e-13,5.85475e-13,1.76314e-13
0,0,0,0,0,0,0,0,0,0,0,0,0,0,0,0,0,0,0,0,1.15145e-13,6.23734e-13,6.50285e-14,6.59885e-14,6.41626e-14,6.62715e-14,5.75558e-14,1.84731e-13,9.79503e-14,8.09146e-14,1.66923e-13,6.93539e-14,1.87128e-13,2.23376e-13,2.32987e-13,1.04085e-13,1.83155e-13,6.19395e-14,6.9465e-13,1.33548e-13,6.68945e-13,9.01397e-14,7.87298e-14,9.85088e-14,5.44653e-13,5.51485e-13,7.08008e-14,9.87946e-14
0,0,0,0,0,0,0,0,0,0,0,0,0,0,0,0,0,0,0,0,0,3.72055e-13,1.09822e-13,1.05921e-13,1.17183e-13,8.70083e-14,9.70717e-14,2.19294e-13,8.77002e-14,1.34884e-13,1.9881e-13,9.74743e-14,2.31348e-13,3.2511e-13,2.30952e-13,1.05185e-13,1.6473e-13,1.25066e-13,6.15613e-13,1.62725e-13,5.99706e-13,1.75245e-13,1.15313e-13,1.06892e-13,5.82685e-13,4.63407e-13,1.19676e-13,1.10532e-13
0,0,0,0,0,0,0,0,0,0,0,0,0,0,0,0,0,0,0,0,0,0,6.1255e-13,5.62684e-13,4.06543e-13,6.15761e-13,4.91984e-13,4.00176e-13,2.59877e-13,1.39961e-12,6.23326e-13,4.91474e-13,4.33296e-13,4.99863e-13,4.73982e-13,5.29757e-13,3.81002e-13,5.84403e-13,5.31831e-13,3.89028e-13,4.96672e-13,5.37418e-13,6.13186e-13,5.74829e-13,7.6002e-13,2.55728e-13,6.11307e-13,6.18696e-13
0,0,0,0,0,0,0,0,0,0,0,0,0,0,0,0,0,0,0,0,0,0,0,8.34209e-15,1.50004e-14,9.70613e-15,1.45535e-14,2.11469e-13,2.79263e-14,1.52451e-14,1.59327e-13,1.63806e-14,2.27419e-13,3.10876e-13,1.91226e-13,6.38287e-14,1.00501e-13,2.00852e-14,5.85774e-13,8.29743e-14,6.81058e-13,6.25568e-14,4.79252e-14,1.00348e-13,6.79892e-13,6.20341e-13,5.82479e-14,5.61362e-14
0,0,0,0,0,0,0,0,0,0,0,0,0,0,0,0,0,0,0,0,0,0,0,0,3.09867e-14,7.34444e-15,2.50388e-14,1.74335e-13,4.14196e-14,6.60668e-15,1.58218e-13,1.10342e-14,2.22615e-13,3.20851e-13,2.10861e-13,8.17282e-14,1.41487e-13,1.77109e-14,6.69443e-13,5.75145e-13,6.26596e-13,5.62927e-14,5.50837e-14,7.88077e-14,5.06786e-13,5.4723e-13,6.10491e-14,6.97163e-14
0,0,0,0,0,0,0,0,0,0,0,0,0,0,0,0,0,0,0,0,0,0,0,0,0,1.27228e-14,1.70673e-14,1.62556e-13,1.63845e-14,1.98731e-14,1.56322e-13,1.87747e-14,2.01461e-13,1.8137e-13,1.95638e-13,6.08212e-14,1.07228e-13,2.21821e-14,2.3071e-13,9.62677e-13,2.55054e-13,5.12408e-14,5.89974e-14,7.80132e-14,3.07548e-13,3.55583e-13,5.32347e-14,6.94334e-14
0,0,0,0,0,0,0,0,0,0,0,0,0,0,0,0,0,0,0,0,0,0,0,0,0,0,1.30892e-14,2.17838e-13,2.60687e-14,8.42403e-15,1.55731e-13,1.4052e-14,2.23236e-13,3.05681e-13,1.81639e-13,6.53571e-14,1.50517e-13,1.79602e-14,6.24279e-13,5.89285e-14,5.75919e-13,6.96127e-14,6.81612e-14,1.01718e-13,7.18688e-13,5.81174e-13,6.0477e-14,5.78929e-14
0,0,0,0,0,0,0,0,0,0,0,0,0,0,0,0,0,0,0,0,0,0,0,0,0,0,0,1.45883e-13,6.53876e-14,1.51107e-14,1.53761e-13,1.458e-14,1.27731e-13,2.48775e-13,1.81659e-13,7.0333e-14,1.24721e-13,1.59957e-14,5.05701e-13,8.68454e-13,5.49887e-13,5.23842e-14,5.30249e-14,7.03421e-14,6.15052e-13,5.82247e-13,7.24087e-14,6.40901e-14
0,0,0,0,0,0,0,0,0,0,0,0,0,0,0,0,0,0,0,0,0,0,0,0,0,0,0,0,1.13041e-13,9.8222e-14,2.29983e-13,1.68439e-13,2.83475e-13,3.44343e-13,2.89203e-13,1.40389e-13,2.47766e-13,2.31579e-13,3.23907e-13,6.23895e-14,2.17521e-13,1.33498e-13,2.42824e-13,1.1017e-13,4.90324e-13,5.1616e-13,1.55289e-13,1.38946e-13
0,0,0,0,0,0,0,0,0,0,0,0,0,0,0,0,0,0,0,0,0,0,0,0,0,0,0,0,0,2.1939e-14,1.55522e-13,2.32749e-14,1.14557e-13,2.54133e-13,1.64819e-13,6.79653e-14,1.11853e-13,1.694e-14,2.67094e-13,6.98306e-13,2.37042e-13,4.91885e-14,5.15338e-14,6.80874e-14,6.98456e-13,6.4258e-13,7.28119e-14,6.19172e-14
0,0,0,0,0,0,0,0,0,0,0,0,0,0,0,0,0,0,0,0,0,0,0,0,0,0,0,0,0,0,1.49466e-13,1.51512e-14,2.13295e-13,2.16374e-13,2.11046e-13,8.14526e-14,1.54604e-13,1.78179e-14,8.91483e-13,8.34457e-13,9.82505e-13,6.04592e-14,5.81369e-14,7.91921e-14,9.42334e-13,9.20049e-13,5.36197e-14,7.00994e-14
0,0,0,0,0,0,0,0,0,0,0,0,0,0,0,0,0,0,0,0,0,0,0,0,0,0,0,0,0,0,0,1.51747e-13,2.50902e-13,2.92968e-13,2.56371e-13,1.60356e-13,1.86855e-13,1.54205e-13,6.3002e-13,2.5136e-13,6.55608e-13,1.61725e-13,1.56e-13,1.57442e-13,7.16405e-13,7.15082e-13,1.6482e-13,1.56031e-13
0,0,0,0,0,0,0,0,0,0,0,0,0,0,0,0,0,0,0,0,0,0,0,0,0,0,0,0,0,0,0,0,1.27441e-13,2.48612e-13,1.81294e-13,7.03083e-14,1.24407e-13,1.58029e-14,5.1321e-13,8.68809e-13,5.53082e-13,5.2441e-14,5.30386e-14,7.03156e-14,6.15807e-13,5.83943e-13,7.26056e-14,6.40778e-14
0,0,0,0,0,0,0,0,0,0,0,0,0,0,0,0,0,0,0,0,0,0,0,0,0,0,0,0,0,0,0,0,0,4.07576e-13,3.16572e-13,2.19542e-13,2.64112e-13,2.45787e-13,6.90466e-13,2.57907e-12,6.24611e-13,2.22271e-13,2.18016e-13,2.35805e-13,5.61062e-13,6.45066e-13,1.94157e-13,2.45773e-13
0,0,0,0,0,0,0,0,0,0,0,0,0,0,0,0,0,0,0,0,0,0,0,0,0,0,0,0,0,0,0,0,0,0,4.21948e-13,3.21433e-13,3.2706e-13,3.26679e-13,6.88665e-13,2.03174e-12,6.74339e-13,3.21977e-13,3.4341e-13,2.11605e-13,8.87295e-13,9.28415e-13,2.65265e-13,2.94467e-13
0,0,0,0,0,0,0,0,0,0,0,0,0,0,0,0,0,0,0,0,0,0,0,0,0,0,0,0,0,0,0,0,0,0,0,1.40997e-13,2.66488e-13,2.14193e-13,5.41803e-13,2.19378e-12,5.36512e-13,2.05868e-13,2.84842e-13,1.60263e-13,5.84874e-13,6.29328e-13,1.7124e-13,2.10441e-13
0,0,0,0,0,0,0,0,0,0,0,0,0,0,0,0,0,0,0,0,0,0,0,0,0,0,0,0,0,0,0,0,0,0,0,0,1.56349e-13,7.89361e-14,6.43422e-13,8.13384e-13,6.29204e-13,1.26651e-13,8.94087e-14,1.41612e-13,5.6285e-13,5.86946e-13,1.29131e-13,9.69114e-14
0,0,0,0,0,0,0,0,0,0,0,0,0,0,0,0,0,0,0,0,0,0,0,0,0,0,0,0,0,0,0,0,0,0,0,0,0,1.63506e-13,6.09903e-13,1.22731e-12,6.30459e-13,1.66751e-13,1.73651e-13,1.13124e-13,4.97366e-13,9.09523e-13,1.24817e-13,1.55553e-13
0,0,0,0,0,0,0,0,0,0,0,0,0,0,0,0,0,0,0,0,0,0,0,0,0,0,0,0,0,0,0,0,0,0,0,0,0,0,5.74697e-13,1.51967e-13,6.41836e-13,6.88952e-14,6.09308e-14,8.83428e-14,6.48555e-13,7.02535e-13,4.33352e-14,7.97762e-14
0,0,0,0,0,0,0,0,0,0,0,0,0,0,0,0,0,0,0,0,0,0,0,0,0,0,0,0,0,0,0,0,0,0,0,0,0,0,0,1.46833e-13,9.24502e-13,6.72394e-13,6.55592e-13,6.45189e-13,7.00477e-13,7.78069e-13,7.49436e-13,6.67338e-13
0,0,0,0,0,0,0,0,0,0,0,0,0,0,0,0,0,0,0,0,0,0,0,0,0,0,0,0,0,0,0,0,0,0,0,0,0,0,0,0,1.15393e-13,6.69276e-13,4.83607e-12,1.82082e-12,1.23331e-12,1.16354e-12,2.69203e-12,1.83848e-12
0,0,0,0,0,0,0,0,0,0,0,0,0,0,0,0,0,0,0,0,0,0,0,0,0,0,0,0,0,0,0,0,0,0,0,0,0,0,0,0,0,6.23903e-13,6.27785e-13,6.19249e-13,6.49873e-13,7.55529e-13,7.08909e-13,6.3233e-13
0,0,0,0,0,0,0,0,0,0,0,0,0,0,0,0,0,0,0,0,0,0,0,0,0,0,0,0,0,0,0,0,0,0,0,0,0,0,0,0,0,0,9.27039e-14,1.39532e-13,5.63036e-13,5.83447e-13,1.02539e-13,1.04725e-13
0,0,0,0,0,0,0,0,0,0,0,0,0,0,0,0,0,0,0,0,0,0,0,0,0,0,0,0,0,0,0,0,0,0,0,0,0,0,0,0,0,0,0,9.49186e-14,5.79213e-13,6.15127e-13,1.2654e-13,9.90789e-14
0,0,0,0,0,0,0,0,0,0,0,0,0,0,0,0,0,0,0,0,0,0,0,0,0,0,0,0,0,0,0,0,0,0,0,0,0,0,0,0,0,0,0,0,5.53952e-13,5.59518e-13,1.03492e-13,9.73137e-14
0,0,0,0,0,0,0,0,0,0,0,0,0,0,0,0,0,0,0,0,0,0,0,0,0,0,0,0,0,0,0,0,0,0,0,0,0,0,0,0,0,0,0,0,0,1.00678e-12,5.32574e-13,5.10673e-13
0,0,0,0,0,0,0,0,0,0,0,0,0,0,0,0,0,0,0,0,0,0,0,0,0,0,0,0,0,0,0,0,0,0,0,0,0,0,0,0,0,0,0,0,0,0,6.33455e-13,6.3182e-13
0,0,0,0,0,0,0,0,0,0,0,0,0,0,0,0,0,0,0,0,0,0,0,0,0,0,0,0,0,0,0,0,0,0,0,0,0,0,0,0,0,0,0,0,0,0,0,1.15317e-13
0,0,0,0,0,0,0,0,0,0,0,0,0,0,0,0,0,0,0,0,0,0,0,0,0,0,0,0,0,0,0,0,0,0,0,0,0,0,0,0,0,0,0,0,0,0,0,0
