# # np.logspace(-2, 2., num = num_time_points)
0,6.26453e-05,6.26407e-05,6.26598e-05,6.26444e-05,6.26465e-05,6.26416e-05,6.26547e-05,6.26571e-05,6.26427e-05,6.26497e-05,6.26431e-05,6.26437e-05,6.26467e-05,6.264e-05,6.26532e-05,6.26437e-05,6.26468e-05,6.2652e-05,6.26469e-05,6.26491e-05,6.26519e-05,6.26369e-05,6.26388e-05,6.26442e-05,6.26367e-05,6.26463e-05,6.26495e-05,6.26465e-05,6.26439e-05,6.26315e-05,6.26463e-05,6.26497e-05,6.26499e-05,6.26496e-05,6.26471e-05,6.26494e-05,6.26396e-05,6.26522e-05,6.26423e-05,6.2652e-05,6.26471e-05,6.26449e-05,6.26485e-05,6.26523e-05,6.26524e-05,6.26427e-05,6.26471e-05
0,0,6.26395e-05,6.26597e-05,6.26444e-05,6.26465e-05,6.26426e-05,6.26546e-05,6.2657e-05,6.26438e-05,6.2651e-05,6.26419e-05,6.26436e-05,6.26478e-05,6.264e-05,6.26517e-05,6.26436e-05,6.26467e-05,6.26519e-05,6.26468e-05,6.26491e-05,6.26518e-05,6.26368e-05,6.26388e-05,6.26441e-05,6.26366e-05,6.26462e-05,6.26494e-05,6.26465e-05,6.26439e-05,6.26314e-05,6.26462e-05,6.26496e-05,6.26499e-05,6.26496e-05,6.2647e-05,6.26493e-05,6.26396e-05,6.26521e-05,6.26422e-05,6.2652e-05,6.26471e-05,6.26448e-05,6.26472e-05,6.26522e-05,6.26524e-05,6.26426e-05,6.2647e-05
0,0,0,6.26552e-05,6.26399e-05,6.26431e-05,6.2638e-05,6.26501e-05,6.26543e-05,6.26392e-05,6.26451e-05,6.26384e-05,6.2639e-05,6.26421e-05,6.26354e-05,6.26485e-05,6.26391e-05,6.26422e-05,6.26474e-05,6.26423e-05,6.26446e-05,6.26473e-05,6.26323e-05,6.26343e-05,6.26396e-05,6.26321e-05,6.26417e-05,6.26449e-05,6.2642e-05,6.26394e-05,6.26269e-05,6.26417e-05,6.26451e-05,6.26453e-05,6.2645e-05,6.26425e-05,6.26448e-05,6.26351e-05,6.26476e-05,6.26377e-05,6.26474e-05,6.26425e-05,6.26403e-05,6.26427e-05,6.26477e-05,6.26479e-05,6.26381e-05,6.26425e-05
0,0,0,0,6.266e-05,6.26621e-05,6.26571e-05,6.26702e-05,6.26727e-05,6.26583e-05,6.26653e-05,6.26575e-05,6.26604e-05,6.26623e-05,6.26545e-05,6.26673e-05,6.26593e-05,6.26624e-05,6.26676e-05,6.26625e-05,6.26647e-05,6.26674e-05,6.26525e-05,6.26544e-05,6.26598e-05,6.26522e-05,6.26619e-05,6.26651e-05,6.26621e-05,6.26595e-05,6.26471e-05,6.26619e-05,6.26653e-05,6.26655e-05,6.26652e-05,6.26627e-05,6.2665e-05,6.26552e-05,6.26677e-05,6.26579e-05,6.26676e-05,6.26627e-05,6.26605e-05,6.26629e-05,6.26679e-05,6.2668e-05,6.26582e-05,6.26627e-05
0,0,0,0,0,6.2648e-05,6.26429e-05,6.26549e-05,6.26573e-05,6.26429e-05,6.26513e-05,6.26433e-05,6.26428e-05,6.26482e-05,6.26392e-05,6.2652e-05,6.26439e-05,6.2647e-05,6.26523e-05,6.26472e-05,6.26494e-05,6.26521e-05,6.26382e-05,6.26391e-05,6.26444e-05,6.26369e-05,6.26466e-05,6.26497e-05,6.26468e-05,6.26442e-05,6.26317e-05,6.26466e-05,6.26499e-05,6.26502e-05,6.26499e-05,6.26474e-05,6.26496e-05,6.26399e-05,6.26524e-05,6.26425e-05,6.26523e-05,6.26474e-05,6.26451e-05,6.26475e-05,6.2654e-05,6.26527e-05,6.26429e-05,6.26474e-05
0,0,0,0,0,0,6.26451e-05,6.2657e-05,6.26594e-05,6.26463e-05,6.2652e-05,6.26443e-05,6.26449e-05,6.26503e-05,6.26425e-05,6.26541e-05,6.2646e-05,6.26491e-05,6.26544e-05,6.26493e-05,6.26515e-05,6.26542e-05,6.26392e-05,6.26412e-05,6.26466e-05,6.2639e-05,6.26487e-05,6.26519e-05,6.26489e-05,6.26463e-05,6.26338e-05,6.26487e-05,6.2652e-05,6.26523e-05,6.2652e-05,6.26495e-05,6.26517e-05,6.2642e-05,6.26545e-05,6.26446e-05,6.26544e-05,6.26495e-05,6.26472e-05,6.26496e-05,6.26546e-05,6.26548e-05,6.2645e-05,6.26495e-05
0,0,0,0,0,0,0,6.2652e-05,6.26545e-05,6.26401e-05,6.26483e-05,6.26404e-05,6.26399e-05,6.26452e-05,6.26374e-05,6.26491e-05,6.26411e-05,6.26442e-05,6.26494e-05,6.26443e-05,6.26465e-05,6.26492e-05,6.26343e-05,6.26362e-05,6.26416e-05,6.2634e-05,6.26437e-05,6.26469e-05,6.26439e-05,6.26413e-05,6.26288e-05,6.26437e-05,6.2647e-05,6.26473e-05,6.2647e-05,6.26445e-05,6.26468e-05,6.2637e-05,6.26495e-05,6.26396e-05,6.26494e-05,6.26445e-05,6.26422e-05,6.26447e-05,6.26496e-05,6.26498e-05,6.264e-05,6.26445e-05
0,0,0,0,0,0,0,0,6.26676e-05,6.26547e-05,6.26619e-05,6.2654e-05,6.2653e-05,6.26571e-05,6.26494e-05,6.26622e-05,6.26542e-05,6.26573e-05,6.26625e-05,6.26574e-05,6.26596e-05,6.26623e-05,6.26474e-05,6.26493e-05,6.26547e-05,6.26471e-05,6.26568e-05,6.266e-05,6.2657e-05,6.26544e-05,6.2642e-05,6.26568e-05,6.26601e-05,6.26604e-05,6.26601e-05,6.26576e-05,6.26599e-05,6.26501e-05,6.26626e-05,6.26527e-05,6.26625e-05,6.26576e-05,6.26553e-05,6.26578e-05,6.26627e-05,6.26629e-05,6.26531e-05,6.26576e-05
0,0,0,0,0,0,0,0,0,6.26574e-05,6.26626e-05,6.26548e-05,6.26554e-05,6.26596e-05,6.26518e-05,6.26646e-05,6.26566e-05,6.26597e-05,6.26649e-05,6.26598e-05,6.2662e-05,6.26648e-05,6.26498e-05,6.26517e-05,6.26571e-05,6.26496e-05,6.26592e-05,6.26624e-05,6.26594e-05,6.26568e-05,6.26444e-05,6.26592e-05,6.26626e-05,6.26628e-05,6.26625e-05,6.266e-05,6.26623e-05,6.26525e-05,6.26651e-05,6.26552e-05,6.26649e-05,6.266e-05,6.26578e-05,6.26602e-05,6.26652e-05,6.26653e-05,6.26556e-05,6.266e-05
0,0,0,0,0,0,0,0,0,0,6.26495e-05,6.26404e-05,6.2641e-05,6.26464e-05,6.26385e-05,6.26503e-05,6.26422e-05,6.26453e-05,6.26505e-05,6.26454e-05,6.26477e-05,6.26504e-05,6.26354e-05,6.26373e-05,6.26427e-05,6.26352e-05,6.26448e-05,6.2648e-05,6.26451e-05,6.26424e-05,6.263e-05,6.26448e-05,6.26482e-05,6.26484e-05,6.26481e-05,6.26456e-05,6.26479e-05,6.26381e-05,6.26507e-05,6.26408e-05,6.26505e-05,6.26456e-05,6.26434e-05,6.26458e-05,6.26508e-05,6.26509e-05,6.26412e-05,6.26456e-05
0,0,0,0,0,0,0,0,0,0,0,6.26474e-05,6.2648e-05,6.26522e-05,6.26444e-05,6.26573e-05,6.26492e-05,6.26523e-05,6.26575e-05,6.26524e-05,6.26547e-05,6.26574e-05,6.26424e-05,6.26443e-05,6.26497e-05,6.26422e-05,6.26518e-05,6.2655e-05,6.26521e-05,6.26494e-05,6.2637e-05,6.26518e-05,6.26552e-05,6.26554e-05,6.26551e-05,6.26526e-05,6.26549e-05,6.26452e-05,6.26577e-05,6.26478e-05,6.26575e-05,6.26526e-05,6.26504e-05,6.26528e-05,6.26578e-05,6.26579e-05,6.26482e-05,6.26526e-05
0,0,0,0,0,0,0,0,0,0,0,0,6.26413e-05,6.26444e-05,6.26377e-05,6.26509e-05,6.26414e-05,6.26445e-05,6.26497e-05,6.26446e-05,6.26469e-05,6.26496e-05,6.26346e-05,6.26366e-05,6.26419e-05,6.26344e-05,6.2644e-05,6.26472e-05,6.26443e-05,6.26417e-05,6.26292e-05,6.2644e-05,6.26474e-05,6.26476e-05,6.26474e-05,6.26448e-05,6.26471e-05,6.26374e-05,6.26499e-05,6.264e-05,6.26498e-05,6.26449e-05,6.26426e-05,6.2645e-05,6.265e-05,6.26502e-05,6.26404e-05,6.26448e-05
0,0,0,0,0,0,0,0,0,0,0,0,0,6.26462e-05,6.26383e-05,6.26501e-05,6.2642e-05,6.26451e-05,6.26503e-05,6.26452e-05,6.26475e-05,6.26502e-05,6.26352e-05,6.26372e-05,6.26425e-05,6.2635e-05,6.26446e-05,6.26478e-05,6.26449e-05,6.26422e-05,6.26298e-05,6.26446e-05,6.2648e-05,6.26482e-05,6.26479e-05,6.26454e-05,6.26477e-05,6.2638e-05,6.26505e-05,6.26417e-05,6.26503e-05,6.26454e-05,6.26432e-05,6.26456e-05,6.26506e-05,6.26507e-05,6.2641e-05,6.26454e-05
0,0,0,0,0,0,0,0,0,0,0,0,0,0,6.26414e-05,6.26542e-05,6.26462e-05,6.26493e-05,6.26545e-05,6.26494e-05,6.26516e-05,6.26543e-05,6.26394e-05,6.26413e-05,6.26467e-05,6.26391e-05,6.26488e-05,6.2652e-05,6.2649e-05,6.26464e-05,6.2634e-05,6.26488e-05,6.26522e-05,6.26524e-05,6.26521e-05,6.26496e-05,6.26519e-05,6.26421e-05,6.26546e-05,6.26448e-05,6.26545e-05,6.26496e-05,6.26474e-05,6.26498e-05,6.26548e-05,6.26549e-05,6.26451e-05,6.26496e-05
0,0,0,0,0,0,0,0,0,0,0,0,0,0,0,6.26478e-05,6.26384e-05,6.26415e-05,6.26468e-05,6.26417e-05,6.26439e-05,6.26466e-05,6.26316e-05,6.26336e-05,6.26389e-05,6.26314e-05,6.26411e-05,6.26443e-05,6.26413e-05,6.26387e-05,6.26262e-05,6.26411e-05,6.26444e-05,6.26447e-05,6.26444e-05,6.26419e-05,6.26441e-05,6.26344e-05,6.26469e-05,6.2637e-05,6.26468e-05,6.26419e-05,6.26396e-05,6.2642e-05,6.2647e-05,6.26472e-05,6.26374e-05,6.26419e-05
0,0,0,0,0,0,0,0,0,0,0,0,0,0,0,0,6.26512e-05,6.26543e-05,6.26596e-05,6.26545e-05,6.26567e-05,6.26594e-05,6.26444e-05,6.26464e-05,6.26518e-05,6.26442e-05,6.26539e-05,6.26571e-05,6.26541e-05,6.26515e-05,6.2639e-05,6.26539e-05,6.26572e-05,6.26575e-05,6.26572e-05,6.26547e-05,6.26569e-05,6.26472e-05,6.26597e-05,6.26498e-05,6.26596e-05,6.26547e-05,6.26524e-05,6.26548e-05,6.26598e-05,6.266e-05,6.26502e-05,6.26547e-05
0,0,0,0,0,0,0,0,0,0,0,0,0,0,0,0,0,6.26475e-05,6.26515e-05,6.26464e-05,6.26486e-05,6.26514e-05,6.26374e-05,6.26394e-05,6.26449e-05,6.26372e-05,6.26458e-05,6.2649e-05,6.2646e-05,6.26446e-05,6.2632e-05,6.26458e-05,6.26492e-05,6.26494e-05,6.26491e-05,6.26466e-05,6.26489e-05,6.26391e-05,6.26517e-05,6.26418e-05,6.26515e-05,6.26466e-05,6.26444e-05,6.26468e-05,6.26518e-05,6.26519e-05,6.26422e-05,6.26466e-05
0,0,0,0,0,0,0,0,0,0,0,0,0,0,0,0,0,0,6.26546e-05,6.26495e-05,6.26517e-05,6.26559e-05,6.26395e-05,6.26414e-05,6.26468e-05,6.26404e-05,6.26502e-05,6.26521e-05,6.26504e-05,6.26465e-05,6.26352e-05,6.26489e-05,6.26523e-05,6.26525e-05,6.26522e-05,6.26497e-05,6.2652e-05,6.26422e-05,6.26548e-05,6.26449e-05,6.26546e-05,6.26497e-05,6.26475e-05,6.26499e-05,6.26549e-05,6.2655e-05,6.26453e-05,6.26497e-05
0,0,0,0,0,0,0,0,0,0,0,0,0,0,0,0,0,0,0,6.26562e-05,6.2657e-05,6.26597e-05,6.26447e-05,6.26467e-05,6.26534e-05,6.26445e-05,6.26541e-05,6.26589e-05,6.26544e-05,6.26517e-05,6.26406e-05,6.26541e-05,6.26575e-05,6.26577e-05,6.26574e-05,6.26549e-05,6.26572e-05,6.26475e-05,6.266e-05,6.26501e-05,6.26598e-05,6.26549e-05,6.26527e-05,6.26551e-05,6.26601e-05,6.26602e-05,6.26505e-05,6.26549e-05
0,0,0,0,0,0,0,0,0,0,0,0,0,0,0,0,0,0,0,0,6.26519e-05,6.26561e-05,6.26407e-05,6.26427e-05,6.26469e-05,6.26394e-05,6.2649e-05,6.26522e-05,6.26493e-05,6.26467e-05,6.26353e-05,6.26503e-05,6.26524e-05,6.26526e-05,6.26523e-05,6.26498e-05,6.26521e-05,6.26424e-05,6.26549e-05,6.2645e-05,6.26547e-05,6.26498e-05,6.26476e-05,6.265e-05,6.2655e-05,6.26552e-05,6.26454e-05,6.26498e-05
0,0,0,0,0,0,0,0,0,0,0,0,0,0,0,0,0,0,0,0,0,6.26568e-05,6.26431e-05,6.26438e-05,6.26492e-05,6.26428e-05,6.26513e-05,6.26559e-05,6.26529e-05,6.26489e-05,6.26376e-05,6.26513e-05,6.26546e-05,6.26549e-05,6.26546e-05,6.26521e-05,6.26543e-05,6.26446e-05,6.26571e-05,6.26472e-05,6.2657e-05,6.26521e-05,6.26498e-05,6.26522e-05,6.26572e-05,6.26574e-05,6.26476e-05,6.26521e-05
0,0,0,0,0,0,0,0,0,0,0,0,0,0,0,0,0,0,0,0,0,0,6.26459e-05,6.26465e-05,6.26519e-05,6.26456e-05,6.2654e-05,6.26572e-05,6.26542e-05,6.26516e-05,6.26391e-05,6.2654e-05,6.26573e-05,6.26576e-05,6.26573e-05,6.26548e-05,6.26571e-05,6.26473e-05,6.26598e-05,6.26499e-05,6.26597e-05,6.26548e-05,6.26525e-05,6.2655e-05,6.26599e-05,6.26601e-05,6.26503e-05,6.26548e-05
0,0,0,0,0,0,0,0,0,0,0,0,0,0,0,0,0,0,0,0,0,0,0,6.26315e-05,6.26369e-05,6.26303e-05,6.26401e-05,6.26434e-05,6.26404e-05,6.26366e-05,6.26242e-05,6.26401e-05,6.26424e-05,6.26426e-05,6.26423e-05,6.26398e-05,6.26421e-05,6.26323e-05,6.26449e-05,6.2635e-05,6.26447e-05,6.26398e-05,6.26376e-05,6.264e-05,6.2645e-05,6.26451e-05,6.26354e-05,6.26398e-05
0,0,0,0,0,0,0,0,0,0,0,0,0,0,0,0,0,0,0,0,0,0,0,0,6.26399e-05,6.26313e-05,6.26421e-05,6.26441e-05,6.26423e-05,6.26397e-05,6.26271e-05,6.26421e-05,6.26443e-05,6.26446e-05,6.26443e-05,6.26418e-05,6.2644e-05,6.26353e-05,6.26468e-05,6.26369e-05,6.26467e-05,6.26418e-05,6.26395e-05,6.26419e-05,6.26469e-05,6.26471e-05,6.26373e-05,6.26418e-05
0,0,0,0,0,0,0,0,0,0,0,0,0,0,0,0,0,0,0,0,0,0,0,0,0,6.26367e-05,6.26475e-05,6.26495e-05,6.26466e-05,6.26451e-05,6.26325e-05,6.26475e-05,6.26497e-05,6.26499e-05,6.26496e-05,6.26471e-05,6.26494e-05,6.26397e-05,6.26522e-05,6.26423e-05,6.2652e-05,6.26471e-05,6.26449e-05,6.26473e-05,6.26523e-05,6.26524e-05,6.26427e-05,6.26471e-05
0,0,0,0,0,0,0,0,0,0,0,0,0,0,0,0,0,0,0,0,0,0,0,0,0,0,6.26399e-05,6.26432e-05,6.2639e-05,6.26375e-05,6.26248e-05,6.26399e-05,6.26421e-05,6.26424e-05,6.26421e-05,6.26396e-05,6.26419e-05,6.26321e-05,6.26446e-05,6.26347e-05,6.26445e-05,6.26396e-05,6.26373e-05,6.26398e-05,6.26447e-05,6.26449e-05,6.26351e-05,6.26396e-05
0,0,0,0,0,0,0,0,0,0,0,0,0,0,0,0,0,0,0,0,0,0,0,0,0,0,0,6.26516e-05,6.26487e-05,6.26461e-05,6.26347e-05,6.26484e-05,6.26518e-05,6.2652e-05,6.26517e-05,6.26492e-05,6.26515e-05,6.26418e-05,6.26543e-05,6.26444e-05,6.26541e-05,6.26492e-05,6.2647e-05,6.26494e-05,6.26544e-05,6.26546e-05,6.26448e-05,6.26492e-05
0,0,0,0,0,0,0,0,0,0,0,0,0,0,0,0,0,0,0,0,0,0,0,0,0,0,0,0,6.26519e-05,6.26506e-05,6.26368e-05,6.26516e-05,6.2655e-05,6.26552e-05,6.26549e-05,6.26524e-05,6.26547e-05,6.2645e-05,6.26575e-05,6.26476e-05,6.26573e-05,6.26524e-05,6.26502e-05,6.26526e-05,6.26576e-05,6.26577e-05,6.2648e-05,6.26524e-05
0,0,0,0,0,0,0,0,0,0,0,0,0,0,0,0,0,0,0,0,0,0,0,0,0,0,0,0,0,6.26475e-05,6.26349e-05,6.26487e-05,6.2652e-05,6.26523e-05,6.2652e-05,6.26495e-05,6.26517e-05,6.2642e-05,6.26545e-05,6.26446e-05,6.26544e-05,6.26495e-05,6.26472e-05,6.26496e-05,6.26546e-05,6.26548e-05,6.2645e-05,6.26495e-05
0,0,0,0,0,0,0,0,0,0,0,0,0,0,0,0,0,0,0,0,0,0,0,0,0,0,0,0,0,0,6.26322e-05,6.26461e-05,6.26494e-05,6.26497e-05,6.26494e-05,6.26469e-05,6.26491e-05,6.26394e-05,6.26519e-05,6.2642e-05,6.26518e-05,6.26469e-05,6.26446e-05,6.2647e-05,6.2652e-05,6.26522e-05,6.26424e-05,6.26468e-05
0,0,0,0,0,0,0,0,0,0,0,0,0,0,0,0,0,0,0,0,0,0,0,0,0,0,0,0,0,0,0,6.26347e-05,6.2637e-05,6.26372e-05,6.26369e-05,6.26344e-05,6.26367e-05,6.26269e-05,6.26395e-05,6.26296e-05,6.26393e-05,6.26344e-05,6.26322e-05,6.26346e-05,6.26396e-05,6.26397e-05,6.26299e-05,6.26344e-05
0,0,0,0,0,0,0,0,0,0,0,0,0,0,0,0,0,0,0,0,0,0,0,0,0,0,0,0,0,0,0,0,6.26518e-05,6.2652e-05,6.26517e-05,6.26492e-05,6.26515e-05,6.26418e-05,6.26543e-05,6.26444e-05,6.26541e-05,6.26492e-05,6.2647e-05,6.26494e-05,6.26544e-05,6.26546e-05,6.26448e-05,6.26492e-05
0,0,0,0,0,0,0,0,0,0,0,0,0,0,0,0,0,0,0,0,0,0,0,0,0,0,0,0,0,0,0,0,0,6.26554e-05,6.26551e-05,6.2654e-05,6.26549e-05,6.26451e-05,6.26592e-05,6.26491e-05,6.26575e-05,6.2654e-05,6.26504e-05,6.26528e-05,6.26578e-05,6.26579e-05,6.26494e-05,6.26526e-05
0,0,0,0,0,0,0,0,0,0,0,0,0,0,0,0,0,0,0,0,0,0,0,0,0,0,0,0,0,0,0,0,0,0,6.26568e-05,6.26528e-05,6.26551e-05,6.26466e-05,6.26579e-05,6.2648e-05,6.26594e-05,6.26529e-05,6.26506e-05,6.2653e-05,6.2658e-05,6.26598e-05,6.26497e-05,6.26528e-05
0,0,0,0,0,0,0,0,0,0,0,0,0,0,0,0,0,0,0,0,0,0,0,0,0,0,0,0,0,0,0,0,0,0,0,6.26525e-05,6.26548e-05,6.26451e-05,6.26576e-05,6.2649e-05,6.26575e-05,6.2654e-05,6.26517e-05,6.26541e-05,6.26577e-05,6.26579e-05,6.26481e-05,6.26525e-05
0,0,0,0,0,0,0,0,0,0,0,0,0,0,0,0,0,0,0,0,0,0,0,0,0,0,0,0,0,0,0,0,0,0,0,0,6.26523e-05,6.26437e-05,6.26566e-05,6.26464e-05,6.26549e-05,6.265e-05,6.26491e-05,6.26502e-05,6.26552e-05,6.26554e-05,6.26456e-05,6.26513e-05
0,0,0,0,0,0,0,0,0,0,0,0,0,0,0,0,0,0,0,0,0,0,0,0,0,0,0,0,0,0,0,0,0,0,0,0,0,6.26461e-05,6.26574e-05,6.26488e-05,6.26572e-05,6.26537e-05,6.26514e-05,6.26539e-05,6.26575e-05,6.26576e-05,6.26479e-05,6.26523e-05
0,0,0,0,0,0,0,0,0,0,0,0,0,0,0,0,0,0,0,0,0,0,0,0,0,0,0,0,0,0,0,0,0,0,0,0,0,0,6.26476e-05,6.26377e-05,6.26488e-05,6.26438e-05,6.26415e-05,6.26439e-05,6.26477e-05,6.26479e-05,6.26381e-05,6.26437e-05
0,0,0,0,0,0,0,0,0,0,0,0,0,0,0,0,0,0,0,0,0,0,0,0,0,0,0,0,0,0,0,0,0,0,0,0,0,0,0,6.26517e-05,6.266e-05,6.26551e-05,6.26543e-05,6.26553e-05,6.26602e-05,6.26604e-05,6.26506e-05,6.26551e-05
0,0,0,0,0,0,0,0,0,0,0,0,0,0,0,0,0,0,0,0,0,0,0,0,0,0,0,0,0,0,0,0,0,0,0,0,0,0,0,0,6.26501e-05,6.26464e-05,6.2643e-05,6.26454e-05,6.26504e-05,6.26505e-05,6.26419e-05,6.26452e-05
0,0,0,0,0,0,0,0,0,0,0,0,0,0,0,0,0,0,0,0,0,0,0,0,0,0,0,0,0,0,0,0,0,0,0,0,0,0,0,0,0,6.2655e-05,6.26542e-05,6.26551e-05,6.26601e-05,6.26603e-05,6.26519e-05,6.26549e-05
0,0,0,0,0,0,0,0,0,0,0,0,0,0,0,0,0,0,0,0,0,0,0,0,0,0,0,0,0,0,0,0,0,0,0,0,0,0,0,0,0,0,6.26478e-05,6.26502e-05,6.26552e-05,6.26554e-05,6.26456e-05,6.26514e-05
0,0,0,0,0,0,0,0,0,0,0,0,0,0,0,0,0,0,0,0,0,0,0,0,0,0,0,0,0,0,0,0,0,0,0,0,0,0,0,0,0,0,0,6.2648e-05,6.2653e-05,6.26531e-05,6.26445e-05,6.26478e-05
0,0,0,0,0,0,0,0,0,0,0,0,0,0,0,0,0,0,0,0,0,0,0,0,0,0,0,0,0,0,0,0,0,0,0,0,0,0,0,0,0,0,0,0,6.26554e-05,6.26571e-05,6.26458e-05,6.26515e-05
0,0,0,0,0,0,0,0,0,0,0,0,0,0,0,0,0,0,0,0,0,0,0,0,0,0,0,0,0,0,0,0,0,0,0,0,0,0,0,0,0,0,0,0,0,6.26623e-05,6.26522e-05,6.26567e-05
0,0,0,0,0,0,0,0,0,0,0,0,0,0,0,0,0,0,0,0,0,0,0,0,0,0,0,0,0,0,0,0,0,0,0,0,0,0,0,0,0,0,0,0,0,0,6.26523e-05,6.26553e-05
0,0,0,0,0,0,0,0,0,0,0,0,0,0,0,0,0,0,0,0,0,0,0,0,0,0,0,0,0,0,0,0,0,0,0,0,0,0,0,0,0,0,0,0,0,0,0,6.26468e-05
0,0,0,0,0,0,0,0,0,0,0,0,0,0,0,0,0,0,0,0,0,0,0,0,0,0,0,0,0,0,0,0,0,0,0,0,0,0,0,0,0,0,0,0,0,0,0,0
