# # np.logspace(-2, 2., num = num_time_points)
0,6.04191e-05,6.01741e-05,6.1213e-05,6.03731e-05,6.04864e-05,6.02189e-05,6.09288e-05,6.10631e-05,6.02794e-05,6.06569e-05,6.0299e-05,6.03308e-05,6.04933e-05,6.01384e-05,6.0846e-05,6.03326e-05,6.04993e-05,6.0783e-05,6.05061e-05,6.06274e-05,6.0775e-05,5.99715e-05,6.00745e-05,6.03598e-05,5.99594e-05,6.04735e-05,6.06463e-05,6.04866e-05,6.03458e-05,5.96891e-05,6.04737e-05,6.06561e-05,6.06692e-05,6.06533e-05,6.05169e-05,6.06403e-05,6.01174e-05,6.07915e-05,6.02573e-05,6.07843e-05,6.05177e-05,6.03968e-05,6.05937e-05,6.07982e-05,6.08066e-05,6.02775e-05,6.05164e-05
0,0,6.01122e-05,6.12097e-05,6.03699e-05,6.04832e-05,6.02759e-05,6.09256e-05,6.10599e-05,6.03375e-05,6.07253e-05,6.0235e-05,6.03274e-05,6.05564e-05,6.0135e-05,6.0766e-05,6.03293e-05,6.04961e-05,6.07798e-05,6.05028e-05,6.06242e-05,6.07717e-05,5.99682e-05,6.00712e-05,6.03565e-05,5.99561e-05,6.04702e-05,6.0643e-05,6.04833e-05,6.03425e-05,5.96858e-05,6.04704e-05,6.06528e-05,6.06659e-05,6.065e-05,6.05136e-05,6.0637e-05,6.01141e-05,6.07883e-05,6.0254e-05,6.07811e-05,6.05144e-05,6.03935e-05,6.05231e-05,6.07949e-05,6.08033e-05,6.02742e-05,6.05131e-05
0,0,0,6.09724e-05,6.01292e-05,6.03048e-05,6.00303e-05,6.06871e-05,6.09184e-05,6.00922e-05,6.04142e-05,6.00501e-05,6.0082e-05,6.025e-05,5.98889e-05,6.05993e-05,6.00885e-05,6.02559e-05,6.05408e-05,6.02627e-05,6.03845e-05,6.05327e-05,5.97259e-05,5.98294e-05,6.01158e-05,5.97138e-05,6.023e-05,6.04034e-05,6.02431e-05,6.01018e-05,5.94424e-05,6.02302e-05,6.04133e-05,6.04264e-05,6.04105e-05,6.02735e-05,6.03975e-05,5.98724e-05,6.05493e-05,6.0013e-05,6.05421e-05,6.02743e-05,6.01529e-05,6.02831e-05,6.0556e-05,6.05644e-05,6.00332e-05,6.02731e-05
0,0,0,0,6.12264e-05,6.13382e-05,6.10744e-05,6.17745e-05,6.19069e-05,6.1134e-05,6.15063e-05,6.10935e-05,6.12526e-05,6.13451e-05,6.09377e-05,6.16171e-05,6.11865e-05,6.1351e-05,6.16308e-05,6.13576e-05,6.14773e-05,6.16228e-05,6.08305e-05,6.09321e-05,6.12133e-05,6.08186e-05,6.13255e-05,6.14958e-05,6.13384e-05,6.11996e-05,6.05521e-05,6.13257e-05,6.15056e-05,6.15184e-05,6.15028e-05,6.13683e-05,6.149e-05,6.09743e-05,6.16391e-05,6.11124e-05,6.1632e-05,6.13691e-05,6.12498e-05,6.13776e-05,6.16457e-05,6.1654e-05,6.11322e-05,6.13678e-05
0,0,0,0,0,6.05666e-05,6.02933e-05,6.09424e-05,6.10766e-05,6.02932e-05,6.07426e-05,6.03129e-05,6.02832e-05,6.05737e-05,6.0094e-05,6.07829e-05,6.03463e-05,6.0513e-05,6.07967e-05,6.05198e-05,6.06411e-05,6.07886e-05,6.00423e-05,6.00883e-05,6.03735e-05,5.99732e-05,6.04872e-05,6.06599e-05,6.05003e-05,6.03595e-05,5.9703e-05,6.04874e-05,6.06698e-05,6.06828e-05,6.06669e-05,6.05306e-05,6.0654e-05,6.01311e-05,6.08051e-05,6.02711e-05,6.0798e-05,6.05314e-05,6.04105e-05,6.05401e-05,6.08903e-05,6.08202e-05,6.02913e-05,6.05301e-05
0,0,0,0,0,0,6.04097e-05,6.10547e-05,6.11887e-05,6.04712e-05,6.07834e-05,6.03656e-05,6.03968e-05,6.06896e-05,6.02691e-05,6.08955e-05,6.04597e-05,6.06261e-05,6.09092e-05,6.06328e-05,6.07539e-05,6.09012e-05,6.00994e-05,6.02022e-05,6.04868e-05,6.00873e-05,6.06003e-05,6.07727e-05,6.06134e-05,6.04729e-05,5.98176e-05,6.06005e-05,6.07825e-05,6.07956e-05,6.07797e-05,6.06436e-05,6.07668e-05,6.02449e-05,6.09177e-05,6.03846e-05,6.09105e-05,6.06444e-05,6.05238e-05,6.06531e-05,6.09244e-05,6.09327e-05,6.04048e-05,6.06431e-05
0,0,0,0,0,0,0,6.07896e-05,6.09242e-05,6.01388e-05,6.05861e-05,6.01554e-05,6.01288e-05,6.04168e-05,5.99944e-05,6.06297e-05,6.0192e-05,6.03591e-05,6.06435e-05,6.03659e-05,6.04875e-05,6.06354e-05,5.98301e-05,5.99333e-05,6.02192e-05,5.98179e-05,6.03332e-05,6.05064e-05,6.03463e-05,6.02052e-05,5.9547e-05,6.03334e-05,6.05163e-05,6.05293e-05,6.05134e-05,6.03767e-05,6.05004e-05,5.99763e-05,6.0652e-05,6.01165e-05,6.06448e-05,6.03775e-05,6.02563e-05,6.03862e-05,6.06587e-05,6.06671e-05,6.01368e-05,6.03762e-05
0,0,0,0,0,0,0,0,6.1626e-05,6.09349e-05,6.13191e-05,6.08933e-05,6.08397e-05,6.10615e-05,6.06522e-05,6.13349e-05,6.09023e-05,6.10675e-05,6.13485e-05,6.10741e-05,6.11944e-05,6.13405e-05,6.05446e-05,6.06466e-05,6.09292e-05,6.05326e-05,6.10418e-05,6.1213e-05,6.10548e-05,6.09154e-05,6.02649e-05,6.1042e-05,6.12228e-05,6.12357e-05,6.122e-05,6.10848e-05,6.12071e-05,6.06891e-05,6.13569e-05,6.08277e-05,6.13498e-05,6.10856e-05,6.09658e-05,6.10942e-05,6.13635e-05,6.13719e-05,6.08477e-05,6.10844e-05
0,0,0,0,0,0,0,0,0,6.10833e-05,6.13572e-05,6.09433e-05,6.09742e-05,6.11955e-05,6.07871e-05,6.14683e-05,6.10366e-05,6.12015e-05,6.14819e-05,6.12081e-05,6.13281e-05,6.14739e-05,6.06797e-05,6.07815e-05,6.10635e-05,6.06678e-05,6.11759e-05,6.13467e-05,6.11888e-05,6.10497e-05,6.04007e-05,6.11761e-05,6.13564e-05,6.13693e-05,6.13536e-05,6.12188e-05,6.13408e-05,6.08239e-05,6.14903e-05,6.09622e-05,6.14832e-05,6.12196e-05,6.11001e-05,6.12282e-05,6.14969e-05,6.15052e-05,6.09822e-05,6.12183e-05
0,0,0,0,0,0,0,0,0,0,6.06474e-05,6.01581e-05,6.01894e-05,6.04783e-05,6.00563e-05,6.06898e-05,6.02526e-05,6.04195e-05,6.07036e-05,6.04262e-05,6.05478e-05,6.06955e-05,5.9891e-05,5.99941e-05,6.02798e-05,5.98789e-05,6.03936e-05,6.05666e-05,6.04067e-05,6.02658e-05,5.96082e-05,6.03938e-05,6.05765e-05,6.05896e-05,6.05737e-05,6.04371e-05,6.05607e-05,6.00371e-05,6.07121e-05,6.01772e-05,6.07049e-05,6.04379e-05,6.03168e-05,6.04466e-05,6.07188e-05,6.07272e-05,6.01974e-05,6.04366e-05
0,0,0,0,0,0,0,0,0,0,0,6.05364e-05,6.05674e-05,6.07903e-05,6.03791e-05,6.10647e-05,6.06303e-05,6.07962e-05,6.10785e-05,6.08029e-05,6.09237e-05,6.10705e-05,6.0271e-05,6.03735e-05,6.06573e-05,6.02589e-05,6.07705e-05,6.09424e-05,6.07835e-05,6.06434e-05,5.999e-05,6.07706e-05,6.09522e-05,6.09652e-05,6.09494e-05,6.08136e-05,6.09365e-05,6.04161e-05,6.1087e-05,6.05554e-05,6.10798e-05,6.08144e-05,6.06941e-05,6.08231e-05,6.10936e-05,6.11019e-05,6.05755e-05,6.08132e-05
0,0,0,0,0,0,0,0,0,0,0,0,6.0207e-05,6.03725e-05,6.00143e-05,6.07232e-05,6.02114e-05,6.03784e-05,6.06627e-05,6.03852e-05,6.05068e-05,6.06546e-05,5.98496e-05,5.99528e-05,6.02386e-05,5.98374e-05,6.03525e-05,6.05257e-05,6.03657e-05,6.02246e-05,5.95666e-05,6.03527e-05,6.05355e-05,6.05486e-05,6.05327e-05,6.0396e-05,6.05197e-05,5.99957e-05,6.06712e-05,6.0136e-05,6.0664e-05,6.03968e-05,6.02757e-05,6.04056e-05,6.06779e-05,6.06863e-05,6.01562e-05,6.03955e-05
0,0,0,0,0,0,0,0,0,0,0,0,0,6.04682e-05,6.00462e-05,6.068e-05,6.02426e-05,6.04096e-05,6.06938e-05,6.04164e-05,6.05379e-05,6.06857e-05,5.9881e-05,5.99842e-05,6.02699e-05,5.98689e-05,6.03838e-05,6.05568e-05,6.03969e-05,6.02559e-05,5.95982e-05,6.03839e-05,6.05667e-05,6.05797e-05,6.05638e-05,6.04272e-05,6.05508e-05,6.00271e-05,6.07023e-05,6.02265e-05,6.06951e-05,6.0428e-05,6.03069e-05,6.04367e-05,6.07089e-05,6.07173e-05,6.01875e-05,6.04267e-05
0,0,0,0,0,0,0,0,0,0,0,0,0,0,6.02148e-05,6.09023e-05,6.04666e-05,6.0633e-05,6.09161e-05,6.06397e-05,6.07608e-05,6.0908e-05,6.01063e-05,6.02091e-05,6.04937e-05,6.00942e-05,6.06072e-05,6.07796e-05,6.06202e-05,6.04798e-05,5.98246e-05,6.06074e-05,6.07894e-05,6.08024e-05,6.07866e-05,6.06505e-05,6.07736e-05,6.02519e-05,6.09245e-05,6.03915e-05,6.09174e-05,6.06513e-05,6.05306e-05,6.066e-05,6.09312e-05,6.09395e-05,6.04116e-05,6.065e-05
0,0,0,0,0,0,0,0,0,0,0,0,0,0,0,6.05637e-05,6.00532e-05,6.02208e-05,6.05058e-05,6.02275e-05,6.03495e-05,6.04977e-05,5.96905e-05,5.9794e-05,6.00805e-05,5.96783e-05,6.01948e-05,6.03684e-05,6.02079e-05,6.00665e-05,5.94067e-05,6.0195e-05,6.03783e-05,6.03914e-05,6.03754e-05,6.02384e-05,6.03624e-05,5.9837e-05,6.05143e-05,5.99776e-05,6.05071e-05,6.02392e-05,6.01177e-05,6.0248e-05,6.0521e-05,6.05294e-05,5.99979e-05,6.02379e-05
0,0,0,0,0,0,0,0,0,0,0,0,0,0,0,0,6.07426e-05,6.09083e-05,6.11901e-05,6.09149e-05,6.10355e-05,6.1182e-05,6.0384e-05,6.04863e-05,6.07696e-05,6.0372e-05,6.08826e-05,6.10542e-05,6.08956e-05,6.07558e-05,6.01036e-05,6.08828e-05,6.1064e-05,6.10769e-05,6.10612e-05,6.09257e-05,6.10483e-05,6.05289e-05,6.11985e-05,6.06679e-05,6.11914e-05,6.09265e-05,6.08064e-05,6.09352e-05,6.12051e-05,6.12135e-05,6.06879e-05,6.09252e-05
0,0,0,0,0,0,0,0,0,0,0,0,0,0,0,0,0,6.05387e-05,6.07565e-05,6.04794e-05,6.06009e-05,6.07485e-05,6.00007e-05,6.01052e-05,6.03956e-05,5.99885e-05,6.04469e-05,6.06197e-05,6.046e-05,6.03814e-05,5.97153e-05,6.04471e-05,6.06295e-05,6.06425e-05,6.06267e-05,6.04902e-05,6.06137e-05,6.00905e-05,6.0765e-05,6.02305e-05,6.07578e-05,6.0491e-05,6.037e-05,6.04997e-05,6.07716e-05,6.078e-05,6.02507e-05,6.04897e-05
0,0,0,0,0,0,0,0,0,0,0,0,0,0,0,0,0,0,6.09221e-05,6.06458e-05,6.07669e-05,6.09945e-05,6.01125e-05,6.02153e-05,6.04998e-05,6.01604e-05,6.06825e-05,6.07856e-05,6.06959e-05,6.04859e-05,5.98879e-05,6.06134e-05,6.07954e-05,6.08084e-05,6.07926e-05,6.06565e-05,6.07797e-05,6.02579e-05,6.09305e-05,6.03976e-05,6.09234e-05,6.06573e-05,6.05367e-05,6.0666e-05,6.09372e-05,6.09456e-05,6.04177e-05,6.0656e-05
0,0,0,0,0,0,0,0,0,0,0,0,0,0,0,0,0,0,0,6.10098e-05,6.10493e-05,6.11958e-05,6.0398e-05,6.05003e-05,6.08609e-05,6.0386e-05,6.08964e-05,6.11536e-05,6.09094e-05,6.07697e-05,6.01856e-05,6.08967e-05,6.10778e-05,6.10907e-05,6.1075e-05,6.09395e-05,6.10621e-05,6.05428e-05,6.12122e-05,6.06817e-05,6.12051e-05,6.09403e-05,6.08202e-05,6.09489e-05,6.12189e-05,6.12272e-05,6.07018e-05,6.0939e-05
0,0,0,0,0,0,0,0,0,0,0,0,0,0,0,0,0,0,0,0,6.07735e-05,6.10013e-05,6.01796e-05,6.02837e-05,6.05066e-05,6.01072e-05,6.062e-05,6.07923e-05,6.0633e-05,6.04926e-05,5.98949e-05,6.06896e-05,6.08021e-05,6.08151e-05,6.07993e-05,6.06632e-05,6.07863e-05,6.02647e-05,6.09372e-05,6.04043e-05,6.093e-05,6.0664e-05,6.05434e-05,6.06727e-05,6.09438e-05,6.09522e-05,6.04244e-05,6.06627e-05
0,0,0,0,0,0,0,0,0,0,0,0,0,0,0,0,0,0,0,0,0,6.10413e-05,6.03056e-05,6.03439e-05,6.06279e-05,6.02934e-05,6.07411e-05,6.0992e-05,6.08279e-05,6.06141e-05,6.00215e-05,6.07413e-05,6.09229e-05,6.09359e-05,6.09201e-05,6.07843e-05,6.09072e-05,6.03865e-05,6.10577e-05,6.05259e-05,6.10506e-05,6.07851e-05,6.06647e-05,6.07937e-05,6.10644e-05,6.10727e-05,6.0546e-05,6.07838e-05
0,0,0,0,0,0,0,0,0,0,0,0,0,0,0,0,0,0,0,0,0,0,6.04605e-05,6.04921e-05,6.07754e-05,6.04483e-05,6.08884e-05,6.106e-05,6.09014e-05,6.07615e-05,6.01095e-05,6.08886e-05,6.10697e-05,6.10827e-05,6.10669e-05,6.09314e-05,6.1054e-05,6.05347e-05,6.12042e-05,6.06736e-05,6.11971e-05,6.09322e-05,6.08121e-05,6.09409e-05,6.12108e-05,6.12192e-05,6.06937e-05,6.09309e-05
0,0,0,0,0,0,0,0,0,0,0,0,0,0,0,0,0,0,0,0,0,0,0,5.96849e-05,5.9972e-05,5.96193e-05,6.01458e-05,6.03252e-05,6.01594e-05,5.9958e-05,5.9297e-05,6.01461e-05,6.02702e-05,6.02833e-05,6.02673e-05,6.013e-05,6.02543e-05,5.9728e-05,6.04064e-05,5.98688e-05,6.03992e-05,6.01309e-05,6.00092e-05,6.01396e-05,6.04132e-05,6.04216e-05,5.98891e-05,6.01296e-05
0,0,0,0,0,0,0,0,0,0,0,0,0,0,0,0,0,0,0,0,0,0,0,0,6.01331e-05,5.96728e-05,6.02501e-05,6.03628e-05,6.02636e-05,6.01188e-05,5.94499e-05,6.02503e-05,6.03727e-05,6.03858e-05,6.03698e-05,6.02328e-05,6.03568e-05,5.98851e-05,6.05087e-05,5.9972e-05,6.05015e-05,6.02336e-05,6.01121e-05,6.02424e-05,6.05154e-05,6.05239e-05,5.99923e-05,6.02323e-05
0,0,0,0,0,0,0,0,0,0,0,0,0,0,0,0,0,0,0,0,0,0,0,0,0,5.99599e-05,6.05398e-05,6.06467e-05,6.04871e-05,6.04091e-05,5.97434e-05,6.054e-05,6.06565e-05,6.06696e-05,6.06537e-05,6.05173e-05,6.06407e-05,6.01178e-05,6.07919e-05,6.02577e-05,6.07848e-05,6.05181e-05,6.03972e-05,6.05268e-05,6.07986e-05,6.0807e-05,6.02779e-05,6.05168e-05
0,0,0,0,0,0,0,0,0,0,0,0,0,0,0,0,0,0,0,0,0,0,0,0,0,0,6.01337e-05,6.03131e-05,6.00876e-05,6.00021e-05,5.9332e-05,6.01338e-05,6.02581e-05,6.02713e-05,6.02553e-05,6.0118e-05,6.02422e-05,5.97158e-05,6.03944e-05,5.98567e-05,6.03872e-05,6.01188e-05,5.99971e-05,6.01276e-05,6.04012e-05,6.04096e-05,5.9877e-05,6.01175e-05
0,0,0,0,0,0,0,0,0,0,0,0,0,0,0,0,0,0,0,0,0,0,0,0,0,0,0,6.07599e-05,6.06006e-05,6.04601e-05,5.98611e-05,6.05877e-05,6.07697e-05,6.07827e-05,6.07669e-05,6.06307e-05,6.07539e-05,6.0232e-05,6.09049e-05,6.03717e-05,6.08977e-05,6.06315e-05,6.05108e-05,6.06402e-05,6.09115e-05,6.09199e-05,6.03918e-05,6.06302e-05
0,0,0,0,0,0,0,0,0,0,0,0,0,0,0,0,0,0,0,0,0,0,0,0,0,0,0,0,6.0773e-05,6.07038e-05,5.99793e-05,6.07601e-05,6.09416e-05,6.09546e-05,6.09388e-05,6.0803e-05,6.09259e-05,6.04054e-05,6.10764e-05,6.05447e-05,6.10693e-05,6.08038e-05,6.06835e-05,6.08125e-05,6.1083e-05,6.10914e-05,6.05648e-05,6.08026e-05
0,0,0,0,0,0,0,0,0,0,0,0,0,0,0,0,0,0,0,0,0,0,0,0,0,0,0,0,0,6.0539e-05,5.98747e-05,6.06007e-05,6.07827e-05,6.07957e-05,6.07799e-05,6.06438e-05,6.07669e-05,6.02451e-05,6.09179e-05,6.03848e-05,6.09107e-05,6.06446e-05,6.05239e-05,6.06533e-05,6.09245e-05,6.09329e-05,6.04049e-05,6.06433e-05
0,0,0,0,0,0,0,0,0,0,0,0,0,0,0,0,0,0,0,0,0,0,0,0,0,0,0,0,0,0,5.97289e-05,6.04602e-05,6.06426e-05,6.06557e-05,6.06398e-05,6.05034e-05,6.06268e-05,6.01038e-05,6.07781e-05,6.02438e-05,6.07709e-05,6.05042e-05,6.03832e-05,6.05129e-05,6.07848e-05,6.07931e-05,6.0264e-05,6.05029e-05
0,0,0,0,0,0,0,0,0,0,0,0,0,0,0,0,0,0,0,0,0,0,0,0,0,0,0,0,0,0,0,5.98613e-05,5.99892e-05,6.00024e-05,5.99863e-05,5.98484e-05,5.99732e-05,5.94444e-05,6.01261e-05,5.95859e-05,6.01188e-05,5.98492e-05,5.9727e-05,5.9858e-05,6.01329e-05,6.01413e-05,5.96064e-05,5.98479e-05
0,0,0,0,0,0,0,0,0,0,0,0,0,0,0,0,0,0,0,0,0,0,0,0,0,0,0,0,0,0,0,0,6.07699e-05,6.07829e-05,6.07671e-05,6.06309e-05,6.07541e-05,6.02322e-05,6.0905e-05,6.03718e-05,6.08979e-05,6.06317e-05,6.0511e-05,6.06404e-05,6.09117e-05,6.09201e-05,6.0392e-05,6.06304e-05
0,0,0,0,0,0,0,0,0,0,0,0,0,0,0,0,0,0,0,0,0,0,0,0,0,0,0,0,0,0,0,0,0,6.09644e-05,6.09487e-05,6.08886e-05,6.09358e-05,6.04154e-05,6.11727e-05,6.06244e-05,6.10791e-05,6.08894e-05,6.06934e-05,6.08223e-05,6.10929e-05,6.11012e-05,6.06447e-05,6.08125e-05
0,0,0,0,0,0,0,0,0,0,0,0,0,0,0,0,0,0,0,0,0,0,0,0,0,0,0,0,0,0,0,0,0,0,6.10423e-05,6.08259e-05,6.09487e-05,6.04963e-05,6.10991e-05,6.05677e-05,6.11787e-05,6.08268e-05,6.07065e-05,6.08355e-05,6.11059e-05,6.1202e-05,6.06584e-05,6.08255e-05
0,0,0,0,0,0,0,0,0,0,0,0,0,0,0,0,0,0,0,0,0,0,0,0,0,0,0,0,0,0,0,0,0,0,0,6.08101e-05,6.0933e-05,6.04126e-05,6.10834e-05,6.06213e-05,6.10763e-05,6.08864e-05,6.0763e-05,6.08953e-05,6.109e-05,6.10985e-05,6.05719e-05,6.08096e-05
0,0,0,0,0,0,0,0,0,0,0,0,0,0,0,0,0,0,0,0,0,0,0,0,0,0,0,0,0,0,0,0,0,0,0,0,6.07972e-05,6.03383e-05,6.10299e-05,6.04802e-05,6.09408e-05,6.06749e-05,6.06221e-05,6.06835e-05,6.09546e-05,6.0963e-05,6.04354e-05,6.07445e-05
0,0,0,0,0,0,0,0,0,0,0,0,0,0,0,0,0,0,0,0,0,0,0,0,0,0,0,0,0,0,0,0,0,0,0,0,0,6.04663e-05,6.10706e-05,6.06078e-05,6.10634e-05,6.0873e-05,6.07495e-05,6.08819e-05,6.10771e-05,6.10855e-05,6.05589e-05,6.07967e-05
0,0,0,0,0,0,0,0,0,0,0,0,0,0,0,0,0,0,0,0,0,0,0,0,0,0,0,0,0,0,0,0,0,0,0,0,0,0,6.05513e-05,6.0015e-05,6.06172e-05,6.03391e-05,6.02146e-05,6.03481e-05,6.0558e-05,6.05665e-05,6.00353e-05,6.03378e-05
0,0,0,0,0,0,0,0,0,0,0,0,0,0,0,0,0,0,0,0,0,0,0,0,0,0,0,0,0,0,0,0,0,0,0,0,0,0,0,6.07661e-05,6.12136e-05,6.09488e-05,6.09074e-05,6.09574e-05,6.12273e-05,6.12356e-05,6.07104e-05,6.09475e-05
0,0,0,0,0,0,0,0,0,0,0,0,0,0,0,0,0,0,0,0,0,0,0,0,0,0,0,0,0,0,0,0,0,0,0,0,0,0,0,0,6.06831e-05,6.0481e-05,6.0295e-05,6.04247e-05,6.06969e-05,6.07053e-05,6.02348e-05,6.04147e-05
0,0,0,0,0,0,0,0,0,0,0,0,0,0,0,0,0,0,0,0,0,0,0,0,0,0,0,0,0,0,0,0,0,0,0,0,0,0,0,0,0,6.09416e-05,6.08999e-05,6.09502e-05,6.12202e-05,6.12286e-05,6.0779e-05,6.09403e-05
0,0,0,0,0,0,0,0,0,0,0,0,0,0,0,0,0,0,0,0,0,0,0,0,0,0,0,0,0,0,0,0,0,0,0,0,0,0,0,0,0,0,6.05551e-05,6.06844e-05,6.09554e-05,6.09638e-05,6.04362e-05,6.07453e-05
0,0,0,0,0,0,0,0,0,0,0,0,0,0,0,0,0,0,0,0,0,0,0,0,0,0,0,0,0,0,0,0,0,0,0,0,0,0,0,0,0,0,0,6.05638e-05,6.08354e-05,6.08438e-05,6.03773e-05,6.05538e-05
0,0,0,0,0,0,0,0,0,0,0,0,0,0,0,0,0,0,0,0,0,0,0,0,0,0,0,0,0,0,0,0,0,0,0,0,0,0,0,0,0,0,0,0,6.09641e-05,6.10553e-05,6.04449e-05,6.07543e-05
0,0,0,0,0,0,0,0,0,0,0,0,0,0,0,0,0,0,0,0,0,0,0,0,0,0,0,0,0,0,0,0,0,0,0,0,0,0,0,0,0,0,0,0,0,6.13361e-05,6.07936e-05,6.10363e-05
0,0,0,0,0,0,0,0,0,0,0,0,0,0,0,0,0,0,0,0,0,0,0,0,0,0,0,0,0,0,0,0,0,0,0,0,0,0,0,0,0,0,0,0,0,0,6.08025e-05,6.09626e-05
0,0,0,0,0,0,0,0,0,0,0,0,0,0,0,0,0,0,0,0,0,0,0,0,0,0,0,0,0,0,0,0,0,0,0,0,0,0,0,0,0,0,0,0,0,0,0,6.05002e-05
0,0,0,0,0,0,0,0,0,0,0,0,0,0,0,0,0,0,0,0,0,0,0,0,0,0,0,0,0,0,0,0,0,0,0,0,0,0,0,0,0,0,0,0,0,0,0,0
