# # np.logspace(-2, 2., num = num_time_points)
0,2.64191e-07,1.97372e-07,9.87691e-06,2.47858e-07,3.49653e-07,1.91218e-07,2.58721e-06,4.85463e-06,2.14131e-07,7.34434e-07,2.20411e-07,2.36315e-07,3.61072e-07,1.92235e-07,1.31731e-06,2.19294e-07,3.67553e-07,1.29109e-06,3.80194e-07,6.24024e-07,1.23586e-06,1.69064e-07,1.71935e-07,2.36114e-07,1.68747e-07,3.27985e-07,6.88171e-07,3.46851e-07,2.26892e-07,1.66945e-07,3.28331e-07,7.24964e-07,7.79239e-07,7.15667e-07,3.99502e-07,6.69324e-07,1.77499e-07,1.35234e-06,1.9984e-07,1.3008e-06,3.99899e-07,2.6707e-07,4.62778e-07,1.40386e-06,1.47601e-06,2.07302e-07,4.00398e-07
0,0,1.77921e-07,9.87663e-06,2.51555e-07,3.52963e-07,2.08443e-07,2.60259e-06,4.85763e-06,2.37051e-07,8.06723e-07,1.94987e-07,2.33125e-07,4.02102e-07,1.85581e-07,1.20551e-06,2.16477e-07,3.65878e-07,1.29061e-06,3.78577e-07,6.23043e-07,1.23537e-06,1.65502e-07,1.68289e-07,2.33498e-07,1.65069e-07,3.26109e-07,6.87283e-07,3.45078e-07,2.24168e-07,1.63224e-07,3.26457e-07,7.2405e-07,7.77646e-07,7.10383e-07,3.97703e-07,6.64053e-07,1.72285e-07,1.35183e-06,1.96392e-07,1.30012e-06,3.97697e-07,2.64316e-07,4.16812e-07,1.40307e-06,1.46878e-06,2.03922e-07,3.95522e-07
0,0,0,9.87014e-06,1.93124e-07,3.34947e-07,1.14854e-07,2.58666e-06,5.19046e-06,1.64829e-07,7.18455e-07,1.28953e-07,1.52843e-07,3.26228e-07,8.52008e-08,1.26963e-06,1.53643e-07,3.32584e-07,1.28157e-06,3.46503e-07,6.04091e-07,1.22592e-06,6.39899e-08,7.11637e-08,1.76822e-07,6.31715e-08,2.88255e-07,6.70149e-07,3.09552e-07,1.64305e-07,5.81887e-08,2.88648e-07,7.07783e-07,7.62542e-07,6.93764e-07,3.67276e-07,6.46247e-07,8.00629e-08,1.34318e-06,1.226e-07,1.29114e-06,3.67266e-07,2.15876e-07,3.87083e-07,1.39448e-06,1.46079e-06,1.35319e-07,3.64887e-07
0,0,0,0,9.85235e-06,9.85588e-06,9.85212e-06,1.01813e-05,1.09761e-05,9.85231e-06,9.87597e-06,9.87269e-06,1.08557e-05,9.88323e-06,9.86991e-06,9.92358e-06,9.85033e-06,9.85474e-06,9.93216e-06,9.85522e-06,9.86764e-06,9.92513e-06,9.84936e-06,9.84939e-06,9.85072e-06,9.84933e-06,9.85335e-06,9.8719e-06,9.85399e-06,9.8505e-06,9.8493e-06,9.85336e-06,9.87528e-06,9.87865e-06,9.87424e-06,9.8566e-06,9.871e-06,9.84952e-06,9.94114e-06,9.87183e-06,9.93342e-06,9.85661e-06,9.85159e-06,9.85745e-06,9.94737e-06,9.95689e-06,9.85054e-06,9.85595e-06
0,0,0,0,0,4.01203e-07,2.26895e-07,2.60312e-06,4.84697e-06,2.2976e-07,8.11789e-07,2.27785e-07,2.23883e-07,4.12327e-07,1.89227e-07,1.20431e-06,2.30599e-07,3.74265e-07,1.29319e-06,3.87576e-07,6.29359e-07,1.24003e-06,1.93603e-07,1.85372e-07,2.46129e-07,1.82793e-07,3.36125e-07,6.93172e-07,3.54692e-07,2.37323e-07,1.80773e-07,3.36512e-07,7.28404e-07,7.82613e-07,7.14483e-07,4.05459e-07,6.68411e-07,1.89064e-07,1.35399e-06,2.10301e-07,1.30285e-06,4.05439e-07,2.75618e-07,4.22753e-07,1.53364e-06,1.48635e-06,2.2403e-07,4.11069e-07
0,0,0,0,0,0,3.49356e-07,2.6023e-06,4.87566e-06,3.68555e-07,7.85344e-07,3.24118e-07,3.338e-07,5.05769e-07,3.30339e-07,1.23223e-06,3.35126e-07,4.46426e-07,1.31572e-06,4.56938e-07,6.73568e-07,1.26166e-06,3.05701e-07,3.06181e-07,3.46334e-07,3.04445e-07,4.14497e-07,7.33402e-07,4.29585e-07,3.40115e-07,3.03427e-07,4.14773e-07,7.67833e-07,8.18636e-07,7.54832e-07,4.72809e-07,7.11419e-07,3.08363e-07,1.37572e-06,3.21928e-07,1.32504e-06,4.72794e-07,3.67802e-07,4.87237e-07,1.43188e-06,1.49117e-06,3.27306e-07,4.71217e-07
0,0,0,0,0,0,0,2.59543e-06,4.85186e-06,1.62128e-07,7.75533e-07,1.45084e-07,1.56781e-07,3.61324e-07,1.0712e-07,1.19722e-06,1.65608e-07,3.38272e-07,1.28306e-06,3.51996e-07,6.07283e-07,1.22754e-06,8.95754e-08,9.42122e-08,1.87294e-07,8.83455e-08,2.94823e-07,6.73033e-07,3.15682e-07,1.75525e-07,8.48379e-08,2.95209e-07,7.10422e-07,7.6504e-07,6.96355e-07,3.72394e-07,6.49042e-07,1.01066e-07,1.34452e-06,1.36796e-07,1.29262e-06,3.72376e-07,2.2452e-07,3.9055e-07,1.40001e-06,1.46231e-06,1.48869e-07,3.70191e-07
0,0,0,0,0,0,0,0,5.51648e-06,2.79465e-06,3.08898e-06,2.76724e-06,2.58404e-06,2.60409e-06,2.5855e-06,2.84851e-06,2.57816e-06,2.59497e-06,2.87502e-06,2.5968e-06,2.64353e-06,2.85065e-06,2.57479e-06,2.57455e-06,2.57964e-06,2.57435e-06,2.58967e-06,2.6594e-06,2.59213e-06,2.57881e-06,2.57422e-06,2.58971e-06,2.66911e-06,2.68416e-06,2.66541e-06,2.59964e-06,2.65344e-06,2.57482e-06,2.90296e-06,2.57661e-06,2.87929e-06,2.59964e-06,2.58261e-06,2.60253e-06,2.92813e-06,2.95923e-06,2.57716e-06,2.59934e-06
0,0,0,0,0,0,0,0,0,5.26027e-06,4.91334e-06,4.85249e-06,4.85234e-06,4.86695e-06,4.85858e-06,5.00256e-06,4.84344e-06,4.85242e-06,5.00778e-06,4.85339e-06,4.87855e-06,4.99382e-06,4.84147e-06,4.84153e-06,4.84424e-06,4.84142e-06,4.84958e-06,4.88717e-06,4.85089e-06,4.84379e-06,4.84135e-06,4.84961e-06,4.89247e-06,4.90069e-06,4.89046e-06,4.85492e-06,4.88395e-06,4.84168e-06,5.02388e-06,4.84275e-06,5.01023e-06,4.85492e-06,4.84582e-06,4.85665e-06,5.03783e-06,5.05657e-06,4.8429e-06,4.85474e-06
0,0,0,0,0,0,0,0,0,0,8.02178e-07,1.6989e-07,1.84477e-07,3.79807e-07,1.48611e-07,1.19963e-06,1.91145e-07,3.51484e-07,1.2866e-06,3.64685e-07,6.14701e-07,1.23118e-06,1.30595e-07,1.3414e-07,2.10227e-07,1.30079e-07,3.09873e-07,6.79729e-07,3.29777e-07,1.99813e-07,1.27731e-07,3.10239e-07,7.16803e-07,7.70953e-07,7.02867e-07,3.84434e-07,6.56025e-07,1.39039e-07,1.34791e-06,1.66848e-07,1.29613e-06,3.84416e-07,2.43977e-07,4.0202e-07,1.3994e-06,1.46506e-06,1.7674e-07,3.82124e-07
0,0,0,0,0,0,0,0,0,0,0,7.36313e-07,7.2611e-07,7.93969e-07,7.18739e-07,1.38533e-06,7.25124e-07,7.82785e-07,1.46443e-06,7.88864e-07,9.3125e-07,1.41611e-06,7.13308e-07,7.1218e-07,7.30341e-07,7.1146e-07,7.65058e-07,9.75404e-07,7.73339e-07,7.27413e-07,7.11e-07,7.65209e-07,1.00151e-06,1.04098e-06,9.91574e-07,7.98124e-07,9.58939e-07,7.13124e-07,1.51856e-06,7.19124e-07,1.47282e-06,7.98116e-07,7.40764e-07,8.06842e-07,1.57281e-06,1.62411e-06,7.217e-07,7.97397e-07
0,0,0,0,0,0,0,0,0,0,0,0,1.77991e-07,3.34749e-07,1.20948e-07,1.28758e-06,1.72144e-07,3.4152e-07,1.28392e-06,3.55116e-07,6.09095e-07,1.22843e-06,1.0113e-07,1.05278e-07,1.93098e-07,1.00061e-07,2.98542e-07,6.74668e-07,3.19157e-07,1.81705e-07,9.69783e-08,2.98923e-07,7.12039e-07,7.66502e-07,6.98118e-07,3.75398e-07,6.50916e-07,1.11514e-07,1.34543e-06,1.45395e-07,1.29348e-06,3.7539e-07,2.29403e-07,3.95205e-07,1.4004e-06,1.46322e-06,1.56143e-07,3.7325e-07
0,0,0,0,0,0,0,0,0,0,0,0,0,3.75647e-07,1.4693e-07,1.20514e-06,1.90223e-07,3.50985e-07,1.28647e-06,3.64201e-07,6.14413e-07,1.23104e-06,1.29155e-07,1.32829e-07,2.09392e-07,1.28721e-07,3.09304e-07,6.79468e-07,3.29243e-07,1.98934e-07,1.26349e-07,3.09671e-07,7.19127e-07,7.7098e-07,7.04933e-07,3.85741e-07,6.5799e-07,1.38005e-07,1.35136e-06,1.82846e-07,1.29614e-06,3.85769e-07,2.43721e-07,4.03726e-07,1.39905e-06,1.46524e-06,1.76729e-07,3.81996e-07
0,0,0,0,0,0,0,0,0,0,0,0,0,0,3.24572e-07,1.22931e-06,3.45705e-07,4.5442e-07,1.31845e-06,4.64752e-07,6.78894e-07,1.26451e-06,3.17325e-07,3.17723e-07,3.56579e-07,3.16052e-07,4.23096e-07,7.38296e-07,4.37888e-07,3.50541e-07,3.15069e-07,4.23366e-07,7.72607e-07,8.2303e-07,7.59678e-07,4.80439e-07,7.16551e-07,3.19833e-07,1.37846e-06,3.34199e-07,1.32776e-06,4.80426e-07,3.77478e-07,4.94636e-07,1.4345e-06,1.4936e-06,3.38182e-07,4.78815e-07
0,0,0,0,0,0,0,0,0,0,0,0,0,0,0,1.26488e-06,1.48986e-07,3.30459e-07,1.28102e-06,3.44463e-07,6.02923e-07,1.22534e-06,5.1806e-08,6.04591e-08,1.72792e-07,5.08101e-08,2.858e-07,6.69097e-07,3.07267e-07,1.59959e-07,4.44633e-08,2.86197e-07,7.06786e-07,7.61616e-07,6.92744e-07,3.65351e-07,6.45152e-07,7.07087e-08,1.34265e-06,1.16641e-07,1.29059e-06,3.6534e-07,2.12586e-07,3.85196e-07,1.39397e-06,1.46031e-06,1.30004e-07,3.62947e-07
0,0,0,0,0,0,0,0,0,0,0,0,0,0,0,0,1.19502e-06,1.23089e-06,1.74555e-06,1.23472e-06,1.33019e-06,1.70509e-06,1.18691e-06,1.18724e-06,1.19822e-06,1.18679e-06,1.21966e-06,1.36146e-06,1.22487e-06,1.19644e-06,1.18653e-06,1.21975e-06,1.38036e-06,1.40926e-06,1.37349e-06,1.24072e-06,1.35011e-06,1.18796e-06,1.79121e-06,1.19169e-06,1.75258e-06,1.24074e-06,1.20463e-06,1.25236e-06,1.83008e-06,1.88137e-06,1.19284e-06,1.24024e-06
0,0,0,0,0,0,0,0,0,0,0,0,0,0,0,0,0,3.98948e-07,1.29502e-06,3.74055e-07,6.22352e-07,1.24307e-06,1.55565e-07,1.62676e-07,2.49197e-07,1.56672e-07,3.24587e-07,6.89025e-07,3.43556e-07,2.38607e-07,1.51003e-07,3.22362e-07,7.19603e-07,7.73601e-07,7.05717e-07,3.89663e-07,6.59113e-07,1.53354e-07,1.34939e-06,1.78371e-07,1.29774e-06,3.89645e-07,2.52124e-07,4.06836e-07,1.40023e-06,1.46639e-06,1.87778e-07,3.87363e-07
0,0,0,0,0,0,0,0,0,0,0,0,0,0,0,0,0,0,1.32505e-06,4.84646e-07,6.94091e-07,1.42468e-06,3.37448e-07,3.35699e-07,3.74033e-07,3.53079e-07,4.94682e-07,7.47511e-07,5.10532e-07,3.68971e-07,3.43662e-07,4.36435e-07,7.77706e-07,8.27892e-07,7.64873e-07,4.88693e-07,7.22072e-07,3.3234e-07,1.38125e-06,3.44705e-07,1.33079e-06,4.88678e-07,3.88022e-07,5.02491e-07,1.43091e-06,1.49576e-06,3.49663e-07,4.86859e-07
0,0,0,0,0,0,0,0,0,0,0,0,0,0,0,0,0,0,0,1.48938e-06,1.43284e-06,1.78788e-06,1.29153e-06,1.29031e-06,1.41071e-06,1.28876e-06,1.31929e-06,1.67927e-06,1.31976e-06,1.30469e-06,1.33579e-06,1.32682e-06,1.46172e-06,1.48903e-06,1.45494e-06,1.33065e-06,1.4329e-06,1.28166e-06,1.85465e-06,1.28477e-06,1.81738e-06,1.33065e-06,1.29706e-06,1.33578e-06,1.89192e-06,1.94143e-06,1.28611e-06,1.32998e-06
0,0,0,0,0,0,0,0,0,0,0,0,0,0,0,0,0,0,0,0,6.96551e-07,1.43119e-06,3.673e-07,3.68952e-07,3.92982e-07,3.49555e-07,4.48521e-07,7.65776e-07,4.62394e-07,3.78001e-07,3.59536e-07,5.08662e-07,7.83762e-07,8.33633e-07,7.71035e-07,4.98307e-07,7.28637e-07,3.46898e-07,1.38467e-06,3.58155e-07,1.3344e-06,4.98294e-07,4.00048e-07,5.11849e-07,1.4343e-06,1.49893e-06,3.62934e-07,4.96514e-07
0,0,0,0,0,0,0,0,0,0,0,0,0,0,0,0,0,0,0,0,0,1.37319e-06,6.39997e-07,6.06535e-07,6.26652e-07,6.3792e-07,6.6986e-07,1.04954e-06,7.67731e-07,6.32967e-07,6.26768e-07,6.69853e-07,9.26895e-07,9.69387e-07,9.16154e-07,7.02231e-07,8.80734e-07,6.03964e-07,1.47043e-06,6.10844e-07,1.42313e-06,7.02221e-07,6.36294e-07,7.11902e-07,1.51728e-06,1.57849e-06,6.13659e-07,7.0096e-07
0,0,0,0,0,0,0,0,0,0,0,0,0,0,0,0,0,0,0,0,0,0,1.29375e-06,1.23072e-06,1.23797e-06,1.29262e-06,1.26977e-06,1.40423e-06,1.27288e-06,1.23755e-06,1.23268e-06,1.26998e-06,1.41318e-06,1.44141e-06,1.40616e-06,1.27714e-06,1.38334e-06,1.22592e-06,1.81662e-06,1.22926e-06,1.77855e-06,1.27713e-06,1.2421e-06,1.28248e-06,1.85482e-06,1.90515e-06,1.23066e-06,1.27644e-06
0,0,0,0,0,0,0,0,0,0,0,0,0,0,0,0,0,0,0,0,0,0,0,5.35552e-08,1.72979e-07,4.6363e-08,3.01073e-07,7.07673e-07,3.25497e-07,1.60732e-07,3.16942e-08,3.02794e-07,7.05912e-07,7.6086e-07,6.91745e-07,3.6373e-07,6.441e-07,6.20519e-08,1.34214e-06,1.10878e-07,1.29015e-06,3.6371e-07,2.09845e-07,3.82079e-07,1.3961e-06,1.46e-06,1.25546e-07,3.61394e-07
0,0,0,0,0,0,0,0,0,0,0,0,0,0,0,0,0,0,0,0,0,0,0,0,1.90105e-07,5.19067e-08,3.06878e-07,6.72188e-07,3.29359e-07,1.75248e-07,4.74682e-08,3.08835e-07,7.06755e-07,7.62828e-07,6.9274e-07,3.65884e-07,6.46102e-07,7.58459e-08,1.3427e-06,1.15334e-07,1.29255e-06,3.65898e-07,2.12865e-07,3.84213e-07,1.39366e-06,1.46032e-06,1.29482e-07,3.63473e-07
0,0,0,0,0,0,0,0,0,0,0,0,0,0,0,0,0,0,0,0,0,0,0,0,0,1.73411e-07,3.70097e-07,7.01439e-07,3.51819e-07,2.58151e-07,1.79083e-07,3.70707e-07,7.24906e-07,7.78542e-07,7.11125e-07,3.99376e-07,6.64904e-07,1.76726e-07,1.35223e-06,1.98688e-07,1.30069e-06,3.99359e-07,2.66889e-07,4.16149e-07,1.4029e-06,1.469e-06,2.07173e-07,3.9713e-07
0,0,0,0,0,0,0,0,0,0,0,0,0,0,0,0,0,0,0,0,0,0,0,0,0,0,3.02113e-07,7.08207e-07,3.11526e-07,1.68832e-07,3.11392e-08,3.01119e-07,7.0584e-07,7.6078e-07,6.91676e-07,3.63595e-07,6.44025e-07,6.12676e-08,1.3421e-06,1.10449e-07,1.29011e-06,3.63575e-07,2.09617e-07,3.81939e-07,1.3932e-06,1.45969e-06,1.25073e-07,3.61127e-07
0,0,0,0,0,0,0,0,0,0,0,0,0,0,0,0,0,0,0,0,0,0,0,0,0,0,0,7.29803e-07,4.2306e-07,3.27005e-07,2.9629e-07,4.07377e-07,7.59809e-07,8.11148e-07,7.46673e-07,4.59708e-07,7.02802e-07,2.88507e-07,1.37126e-06,3.02161e-07,1.32047e-06,4.59694e-07,3.50799e-07,4.74353e-07,1.42133e-06,1.48654e-06,3.07809e-07,4.57762e-07
0,0,0,0,0,0,0,0,0,0,0,0,0,0,0,0,0,0,0,0,0,0,0,0,0,0,0,0,7.47813e-07,7.54226e-07,6.77544e-07,7.30376e-07,9.7124e-07,1.01187e-06,9.60995e-07,7.59803e-07,9.27289e-07,6.70027e-07,1.49878e-06,6.76243e-07,1.4524e-06,7.59794e-07,6.99316e-07,7.68751e-07,1.54478e-06,1.60493e-06,6.78787e-07,7.5863e-07
0,0,0,0,0,0,0,0,0,0,0,0,0,0,0,0,0,0,0,0,0,0,0,0,0,0,0,0,0,3.8281e-07,3.19965e-07,4.19766e-07,7.68142e-07,8.1896e-07,7.55151e-07,4.73355e-07,7.11804e-07,3.09855e-07,1.37589e-06,3.22541e-07,1.32529e-06,4.73341e-07,3.68501e-07,4.8759e-07,1.42581e-06,1.49082e-06,3.27839e-07,4.71466e-07
0,0,0,0,0,0,0,0,0,0,0,0,0,0,0,0,0,0,0,0,0,0,0,0,0,0,0,0,0,0,1.63027e-07,3.27176e-07,7.21955e-07,7.75791e-07,7.08116e-07,3.93991e-07,6.61683e-07,1.64109e-07,1.35065e-06,1.87634e-07,1.29905e-06,3.93974e-07,2.58762e-07,4.10984e-07,1.40138e-06,1.46755e-06,1.96597e-07,3.91715e-07
0,0,0,0,0,0,0,0,0,0,0,0,0,0,0,0,0,0,0,0,0,0,0,0,0,0,0,0,0,0,0,2.96761e-07,7.05413e-07,7.60402e-07,6.91241e-07,3.62774e-07,6.43574e-07,5.62406e-08,1.34187e-06,1.07679e-07,1.2899e-06,3.62755e-07,2.0818e-07,3.8116e-07,1.39293e-06,1.45947e-06,1.22632e-07,3.603e-07
0,0,0,0,0,0,0,0,0,0,0,0,0,0,0,0,0,0,0,0,0,0,0,0,0,0,0,0,0,0,0,0,7.59959e-07,8.1129e-07,7.46825e-07,4.59957e-07,7.02966e-07,2.88937e-07,1.37134e-06,3.02536e-07,1.32056e-06,4.59942e-07,3.51124e-07,4.74594e-07,1.42142e-06,1.48662e-06,3.08178e-07,4.58012e-07
0,0,0,0,0,0,0,0,0,0,0,0,0,0,0,0,0,0,0,0,0,0,0,0,0,0,0,0,0,0,0,0,0,1.04482e-06,1.00364e-06,9.21723e-07,9.70394e-07,7.15721e-07,1.78565e-06,7.91148e-07,1.47959e-06,9.0777e-07,7.56556e-07,8.0447e-07,1.57059e-06,1.62984e-06,7.80285e-07,8.0979e-07
0,0,0,0,0,0,0,0,0,0,0,0,0,0,0,0,0,0,0,0,0,0,0,0,0,0,0,0,0,0,0,0,0,0,1.19941e-06,8.47522e-07,1.00386e-06,8.19044e-07,1.54537e-06,7.77142e-07,1.76493e-06,8.55994e-07,8.12873e-07,8.79087e-07,1.62386e-06,1.9294e-06,8.55031e-07,8.5201e-07
0,0,0,0,0,0,0,0,0,0,0,0,0,0,0,0,0,0,0,0,0,0,0,0,0,0,0,0,0,0,0,0,0,0,0,7.91424e-07,9.73111e-07,7.08412e-07,1.52726e-06,7.62155e-07,1.49098e-06,8.94165e-07,8.02966e-07,9.02914e-07,1.55902e-06,1.64626e-06,7.15503e-07,7.93785e-07
0,0,0,0,0,0,0,0,0,0,0,0,0,0,0,0,0,0,0,0,0,0,0,0,0,0,0,0,0,0,0,0,0,0,0,0,7.51733e-07,3.9721e-07,1.58721e-06,4.25829e-07,1.35219e-06,5.31304e-07,4.80732e-07,5.34191e-07,1.44936e-06,1.50646e-06,3.95231e-07,5.86194e-07
0,0,0,0,0,0,0,0,0,0,0,0,0,0,0,0,0,0,0,0,0,0,0,0,0,0,0,0,0,0,0,0,0,0,0,0,0,6.96594e-07,1.50578e-06,7.11898e-07,1.45658e-06,8.50078e-07,7.55087e-07,8.58628e-07,1.53693e-06,1.60837e-06,6.61931e-07,7.5378e-07
0,0,0,0,0,0,0,0,0,0,0,0,0,0,0,0,0,0,0,0,0,0,0,0,0,0,0,0,0,0,0,0,0,0,0,0,0,0,1.35356e-06,1.27113e-07,1.38238e-06,3.99041e-07,2.41514e-07,4.18319e-07,1.40141e-06,1.47571e-06,1.4398e-07,3.97128e-07
0,0,0,0,0,0,0,0,0,0,0,0,0,0,0,0,0,0,0,0,0,0,0,0,0,0,0,0,0,0,0,0,0,0,0,0,0,0,0,1.46453e-06,1.8759e-06,1.41071e-06,1.49872e-06,1.39716e-06,1.93601e-06,1.98407e-06,1.36535e-06,1.40075e-06
0,0,0,0,0,0,0,0,0,0,0,0,0,0,0,0,0,0,0,0,0,0,0,0,0,0,0,0,0,0,0,0,0,0,0,0,0,0,0,0,1.30012e-06,4.26524e-07,2.50489e-07,4.05182e-07,1.4018e-06,1.46901e-06,1.84436e-07,3.84663e-07
0,0,0,0,0,0,0,0,0,0,0,0,0,0,0,0,0,0,0,0,0,0,0,0,0,0,0,0,0,0,0,0,0,0,0,0,0,0,0,0,0,1.34655e-06,1.44293e-06,1.35269e-06,1.91236e-06,1.98526e-06,1.41257e-06,1.35024e-06
0,0,0,0,0,0,0,0,0,0,0,0,0,0,0,0,0,0,0,0,0,0,0,0,0,0,0,0,0,0,0,0,0,0,0,0,0,0,0,0,0,0,4.32379e-07,5.47253e-07,1.44929e-06,1.50782e-06,3.93061e-07,5.86807e-07
0,0,0,0,0,0,0,0,0,0,0,0,0,0,0,0,0,0,0,0,0,0,0,0,0,0,0,0,0,0,0,0,0,0,0,0,0,0,0,0,0,0,0,4.47415e-07,1.41421e-06,1.48223e-06,2.74579e-07,4.25409e-07
0,0,0,0,0,0,0,0,0,0,0,0,0,0,0,0,0,0,0,0,0,0,0,0,0,0,0,0,0,0,0,0,0,0,0,0,0,0,0,0,0,0,0,0,1.47415e-06,1.69759e-06,4.12711e-07,6.02538e-07
0,0,0,0,0,0,0,0,0,0,0,0,0,0,0,0,0,0,0,0,0,0,0,0,0,0,0,0,0,0,0,0,0,0,0,0,0,0,0,0,0,0,0,0,0,2.43052e-06,1.5287e-06,1.62158e-06
0,0,0,0,0,0,0,0,0,0,0,0,0,0,0,0,0,0,0,0,0,0,0,0,0,0,0,0,0,0,0,0,0,0,0,0,0,0,0,0,0,0,0,0,0,0,1.60366e-06,1.53921e-06
0,0,0,0,0,0,0,0,0,0,0,0,0,0,0,0,0,0,0,0,0,0,0,0,0,0,0,0,0,0,0,0,0,0,0,0,0,0,0,0,0,0,0,0,0,0,0,4.26359e-07
0,0,0,0,0,0,0,0,0,0,0,0,0,0,0,0,0,0,0,0,0,0,0,0,0,0,0,0,0,0,0,0,0,0,0,0,0,0,0,0,0,0,0,0,0,0,0,0
