# # np.logspace(-2, 2., num = num_time_points)
0,4.27433e-07,3.21285e-07,1.12897e-05,4.01984e-07,5.49014e-07,3.14776e-07,3.33282e-06,5.91213e-06,3.47966e-07,1.063e-06,3.58611e-07,3.80013e-07,5.64743e-07,3.13526e-07,1.81924e-06,3.60595e-07,5.73359e-07,1.77322e-06,5.90181e-07,9.21006e-07,1.70518e-06,2.76995e-07,2.82757e-07,3.85292e-07,2.7641e-07,5.19097e-07,1.00423e-06,5.45164e-07,3.71864e-07,2.72601e-07,5.19558e-07,1.05167e-06,1.12064e-06,1.04037e-06,6.16422e-07,9.80396e-07,2.91585e-07,1.84838e-06,3.28406e-07,1.78509e-06,6.17328e-07,4.29204e-07,7.06871e-07,1.91093e-06,1.99894e-06,3.39378e-07,6.17867e-07
0,0,2.91864e-07,1.12893e-05,4.06586e-07,5.53195e-07,3.41499e-07,3.35092e-06,5.91547e-06,3.82455e-07,1.16413e-06,3.20464e-07,3.75445e-07,6.2475e-07,3.04517e-07,1.66775e-06,3.56672e-07,5.70899e-07,1.77242e-06,5.87793e-07,9.19482e-07,1.70436e-06,2.72006e-07,2.77687e-07,3.8162e-07,2.71271e-07,5.1638e-07,1.00283e-06,5.42578e-07,3.68058e-07,2.67386e-07,5.16844e-07,1.05026e-06,1.11846e-06,1.03332e-06,6.13827e-07,9.73338e-07,2.84391e-07,1.84756e-06,3.23675e-07,1.78406e-06,6.14259e-07,4.25387e-07,6.39879e-07,1.9098e-06,1.98975e-06,3.34747e-07,6.11203e-07
0,0,0,1.12808e-05,3.13631e-07,5.20984e-07,1.96545e-07,3.32827e-06,6.31724e-06,2.65165e-07,1.03351e-06,2.16565e-07,2.47902e-07,5.0598e-07,1.47225e-07,1.75025e-06,2.56753e-07,5.14427e-07,1.75505e-06,5.33111e-07,8.85524e-07,1.68628e-06,1.12307e-07,1.25759e-07,2.9042e-07,1.10872e-07,4.53161e-07,9.71788e-07,4.82802e-07,2.72354e-07,1.01003e-07,4.53689e-07,1.02063e-06,1.09071e-06,1.00315e-06,5.61653e-07,9.41255e-07,1.39835e-07,1.83087e-06,2.07008e-07,1.7668e-06,5.62121e-07,3.4591e-07,5.88925e-07,1.89338e-06,1.97422e-06,2.2524e-07,5.58754e-07
0,0,0,0,1.12626e-05,1.12692e-05,1.12609e-05,1.17357e-05,1.2708e-05,1.12615e-05,1.13047e-05,1.1284e-05,1.24037e-05,1.12998e-05,1.12805e-05,1.13788e-05,1.12598e-05,1.12686e-05,1.13929e-05,1.12695e-05,1.12916e-05,1.13825e-05,1.12574e-05,1.12576e-05,1.12606e-05,1.12574e-05,1.1266e-05,1.12987e-05,1.12672e-05,1.12601e-05,1.12573e-05,1.1266e-05,1.13038e-05,1.13096e-05,1.13022e-05,1.12715e-05,1.12969e-05,1.12578e-05,1.14057e-05,1.12833e-05,1.13947e-05,1.12716e-05,1.12623e-05,1.1273e-05,1.1415e-05,1.14287e-05,1.12596e-05,1.12708e-05
0,0,0,0,0,6.24232e-07,3.67649e-07,3.35229e-06,5.9034e-06,3.69793e-07,1.17195e-06,3.69712e-07,3.60416e-07,6.39569e-07,3.07528e-07,1.66723e-06,3.76813e-07,5.83408e-07,1.77669e-06,6.01194e-07,9.29128e-07,1.71138e-06,3.14074e-07,3.02063e-07,3.99743e-07,2.96675e-07,5.31116e-07,1.01187e-06,5.56784e-07,3.86853e-07,2.92603e-07,5.31628e-07,1.05717e-06,1.12596e-06,1.03993e-06,6.25475e-07,9.80338e-07,3.08276e-07,1.85128e-06,3.43487e-07,1.78846e-06,6.25884e-07,4.41795e-07,6.48922e-07,2.08502e-06,2.01182e-06,3.62458e-07,6.32552e-07
0,0,0,0,0,0,5.44484e-07,3.35812e-06,5.94147e-06,5.72694e-07,1.14133e-06,5.06856e-07,5.20236e-07,7.75005e-07,5.14077e-07,1.71228e-06,5.27488e-07,6.90591e-07,1.81452e-06,7.04679e-07,9.98292e-07,1.7482e-06,4.75768e-07,4.77593e-07,5.44627e-07,4.7392e-07,6.46298e-07,1.07555e-06,6.67421e-07,5.35213e-07,4.71678e-07,6.4667e-07,1.11975e-06,1.18403e-06,1.10372e-06,7.26412e-07,1.0478e-06,4.81476e-07,1.88786e-06,5.04875e-07,1.82589e-06,7.26767e-07,5.76123e-07,7.46168e-07,1.9561e-06,2.02764e-06,5.13081e-07,7.2447e-07
0,0,0,0,0,0,0,3.33945e-06,5.90691e-06,2.66219e-07,1.11624e-06,2.45142e-07,2.56735e-07,5.60982e-07,1.85166e-07,1.65259e-06,2.78021e-07,5.25355e-07,1.75829e-06,5.43702e-07,8.91969e-07,1.68972e-06,1.55774e-07,1.64846e-07,3.09356e-07,1.5381e-07,4.65561e-07,9.7767e-07,4.94463e-07,2.92463e-07,1.46835e-07,4.66076e-07,1.02612e-06,1.0959e-06,1.00861e-06,5.71627e-07,9.47088e-07,1.75773e-07,1.83388e-06,2.3213e-07,1.77001e-06,5.72078e-07,3.61939e-07,5.96542e-07,1.90166e-06,1.97733e-06,2.49327e-07,5.68958e-07
0,0,0,0,0,0,0,0,6.79756e-06,3.59461e-06,3.9858e-06,3.5606e-06,3.32684e-06,3.3609e-06,3.32676e-06,3.71089e-06,3.32092e-06,3.3507e-06,3.74738e-06,3.35363e-06,3.42736e-06,3.71567e-06,3.31336e-06,3.31336e-06,3.32369e-06,3.31284e-06,3.34185e-06,3.45065e-06,3.346e-06,3.32216e-06,3.31252e-06,3.34192e-06,3.4647e-06,3.486e-06,3.45956e-06,3.35827e-06,3.44213e-06,3.31393e-06,3.78343e-06,3.31756e-06,3.75288e-06,3.35835e-06,3.32899e-06,3.36284e-06,3.81521e-06,3.85484e-06,3.31866e-06,3.35782e-06
0,0,0,0,0,0,0,0,0,6.40167e-06,6.00453e-06,5.90777e-06,5.90813e-06,5.93164e-06,5.9143e-06,6.13704e-06,5.89844e-06,5.91526e-06,6.14865e-06,5.91692e-06,5.95901e-06,6.12937e-06,5.89396e-06,5.89419e-06,5.9e-06,5.89389e-06,5.91025e-06,5.97244e-06,5.9126e-06,5.89914e-06,5.89372e-06,5.91029e-06,5.98058e-06,5.99294e-06,5.97761e-06,5.91956e-06,5.96754e-06,5.89452e-06,6.1707e-06,5.89668e-06,6.15201e-06,5.9196e-06,5.90299e-06,5.92234e-06,6.1895e-06,6.21471e-06,5.89716e-06,5.91928e-06
0,0,0,0,0,0,0,0,0,0,1.15175e-06,2.76819e-07,2.97123e-07,5.88277e-07,2.43851e-07,1.65715e-06,3.14781e-07,5.45709e-07,1.76447e-06,5.63359e-07,9.04057e-07,1.69609e-06,2.14104e-07,2.21317e-07,3.42793e-07,2.13212e-07,4.88386e-07,9.88707e-07,5.16007e-07,3.27628e-07,2.08249e-07,4.88876e-07,1.03668e-06,1.10578e-06,1.01936e-06,5.90387e-07,9.58528e-07,2.29571e-07,1.83981e-06,2.7514e-07,1.77615e-06,5.90823e-07,3.90902e-07,6.14507e-07,1.90244e-06,1.98243e-06,2.89632e-07,5.87595e-07
0,0,0,0,0,0,0,0,0,0,0,1.05824e-06,1.04711e-06,1.15339e-06,1.03358e-06,1.93148e-06,1.04912e-06,1.13985e-06,2.02851e-06,1.14849e-06,1.34873e-06,1.96945e-06,1.02576e-06,1.02491e-06,1.05781e-06,1.02323e-06,1.11361e-06,1.40688e-06,1.12601e-06,1.05299e-06,1.02217e-06,1.11383e-06,1.44089e-06,1.49141e-06,1.42847e-06,1.16191e-06,1.38572e-06,1.02673e-06,2.09436e-06,1.03793e-06,2.03868e-06,1.16213e-06,1.07437e-06,1.17445e-06,2.1598e-06,2.22141e-06,1.04212e-06,1.16092e-06
0,0,0,0,0,0,0,0,0,0,0,0,2.89704e-07,5.21568e-07,2.04726e-07,1.77597e-06,2.8771e-07,5.30546e-07,1.75985e-06,5.48717e-07,8.95032e-07,1.69134e-06,1.72446e-07,1.80712e-07,3.18093e-07,1.70703e-07,4.71409e-07,9.80466e-07,4.99973e-07,3.01689e-07,1.64446e-07,4.71918e-07,1.02886e-06,1.09842e-06,1.01154e-06,5.76466e-07,9.5019e-07,1.90806e-07,1.83547e-06,2.44733e-07,1.77157e-06,5.76924e-07,3.69456e-07,6.03605e-07,1.90263e-06,1.9789e-06,2.60133e-07,5.73865e-07
0,0,0,0,0,0,0,0,0,0,0,0,0,5.81373e-07,2.38744e-07,1.664e-06,3.11485e-07,5.43815e-07,1.76389e-06,5.61522e-07,9.02912e-07,1.69548e-06,2.09118e-07,2.16611e-07,3.39771e-07,2.08317e-07,4.86266e-07,9.87659e-07,5.14001e-07,3.24464e-07,2.03235e-07,4.86758e-07,1.03904e-06,1.10515e-06,1.0214e-06,5.9099e-07,9.60401e-07,2.25324e-07,1.84381e-06,2.9778e-07,1.77574e-06,5.9149e-07,3.88813e-07,6.15683e-07,1.90165e-06,1.98226e-06,2.87418e-07,5.8624e-07
0,0,0,0,0,0,0,0,0,0,0,0,0,0,5.03228e-07,1.70927e-06,5.42108e-07,7.01821e-07,1.81883e-06,7.15689e-07,1.00609e-06,1.75266e-06,4.92007e-07,4.93692e-07,5.58798e-07,4.90141e-07,6.58286e-07,1.0828e-06,6.79036e-07,5.49627e-07,4.87972e-07,6.58651e-07,1.12682e-06,1.19063e-06,1.11089e-06,7.37188e-07,1.05534e-06,4.97457e-07,1.89214e-06,5.219e-07,1.83017e-06,7.37539e-07,5.89553e-07,7.56648e-07,1.96022e-06,2.0315e-06,5.28166e-07,7.35203e-07
0,0,0,0,0,0,0,0,0,0,0,0,0,0,0,1.74371e-06,2.49585e-07,5.10888e-07,1.75402e-06,5.29696e-07,8.83472e-07,1.68521e-06,9.47635e-08,1.10391e-07,2.84102e-07,9.30772e-08,4.49139e-07,9.69919e-07,4.79029e-07,2.65607e-07,8.10712e-08,4.49672e-07,1.01885e-06,1.08904e-06,1.00133e-06,5.58411e-07,9.39321e-07,1.26182e-07,1.82988e-06,1.97959e-07,1.76577e-06,5.58881e-07,3.40623e-07,5.85756e-07,1.89241e-06,1.9733e-06,2.1703e-07,5.55493e-07
0,0,0,0,0,0,0,0,0,0,0,0,0,0,0,0,1.65312e-06,1.71216e-06,2.39732e-06,1.71787e-06,1.85769e-06,2.34743e-06,1.63701e-06,1.6379e-06,1.65868e-06,1.63682e-06,1.69476e-06,1.90033e-06,1.70293e-06,1.65561e-06,1.63618e-06,1.69491e-06,1.92574e-06,1.96383e-06,1.91683e-06,1.72695e-06,1.88517e-06,1.63921e-06,2.4533e-06,1.64639e-06,2.40592e-06,1.72712e-06,1.66931e-06,1.74294e-06,2.50037e-06,2.56245e-06,1.64855e-06,1.72626e-06
0,0,0,0,0,0,0,0,0,0,0,0,0,0,0,0,0,6.18536e-07,1.77679e-06,5.79834e-07,9.16966e-07,1.71296e-06,2.58762e-07,2.71074e-07,4.05391e-07,2.60207e-07,5.12654e-07,1.00354e-06,5.38771e-07,3.90178e-07,2.50264e-07,5.09679e-07,1.04285e-06,1.11163e-06,1.02563e-06,6.01195e-07,9.65237e-07,2.5676e-07,1.84329e-06,2.97379e-07,1.77983e-06,6.01624e-07,4.07028e-07,6.2467e-07,1.90513e-06,1.98562e-06,3.10992e-07,5.98432e-07
0,0,0,0,0,0,0,0,0,0,0,0,0,0,0,0,0,0,1.82777e-06,7.41292e-07,1.0263e-06,1.96608e-06,5.18904e-07,5.17937e-07,5.82007e-07,5.43e-07,7.59272e-07,1.09523e-06,7.81344e-07,5.74208e-07,5.28865e-07,6.75984e-07,1.13412e-06,1.19763e-06,1.1183e-06,7.48402e-07,1.06316e-06,5.14218e-07,1.89642e-06,5.35859e-07,1.83475e-06,7.48746e-07,6.03623e-07,7.67384e-07,1.95651e-06,2.03503e-06,5.4353e-07,7.46181e-07
0,0,0,0,0,0,0,0,0,0,0,0,0,0,0,0,0,0,0,2.04626e-06,1.98285e-06,2.44892e-06,1.76664e-06,1.76581e-06,1.93394e-06,1.7631e-06,1.81747e-06,2.30525e-06,1.81949e-06,1.78946e-06,1.82754e-06,1.82688e-06,2.02529e-06,2.06153e-06,2.01648e-06,1.8373e-06,1.98643e-06,1.75516e-06,2.5322e-06,1.76145e-06,2.48635e-06,1.83744e-06,1.78324e-06,1.84512e-06,2.57752e-06,2.63761e-06,1.7638e-06,1.8364e-06
0,0,0,0,0,0,0,0,0,0,0,0,0,0,0,0,0,0,0,0,1.03016e-06,1.97506e-06,5.62139e-07,5.6629e-07,6.06678e-07,5.34982e-07,6.92137e-07,1.11866e-06,7.11779e-07,5.86058e-07,5.49993e-07,7.77921e-07,1.14272e-06,1.20584e-06,1.12703e-06,7.61412e-07,1.07239e-06,5.33817e-07,1.90158e-06,5.53822e-07,1.84016e-06,7.61752e-07,6.19663e-07,7.80081e-07,1.96161e-06,2.03985e-06,5.61253e-07,7.59235e-07
0,0,0,0,0,0,0,0,0,0,0,0,0,0,0,0,0,0,0,0,0,1.91051e-06,9.35674e-07,8.8816e-07,9.24337e-07,9.32801e-07,9.91905e-07,1.50852e-06,1.12838e-06,9.31545e-07,9.16617e-07,9.91938e-07,1.34378e-06,1.39779e-06,1.33046e-06,1.03904e-06,1.28445e-06,8.85403e-07,2.02877e-06,8.9814e-07,1.97124e-06,1.03929e-06,9.40143e-07,1.0528e-06,2.08519e-06,2.15891e-06,9.02741e-07,1.03745e-06
0,0,0,0,0,0,0,0,0,0,0,0,0,0,0,0,0,0,0,0,0,0,1.77778e-06,1.69191e-06,1.70767e-06,1.77625e-06,1.75688e-06,1.95279e-06,1.76224e-06,1.70652e-06,1.69374e-06,1.75717e-06,1.96599e-06,2.0033e-06,1.95691e-06,1.77172e-06,1.92593e-06,1.68629e-06,2.48502e-06,1.69294e-06,2.43827e-06,1.77187e-06,1.71559e-06,1.77982e-06,2.53136e-06,2.59236e-06,1.69539e-06,1.77079e-06
0,0,0,0,0,0,0,0,0,0,0,0,0,0,0,0,0,0,0,0,0,0,0,9.71532e-08,2.82414e-07,8.348e-08,4.71423e-07,1.02401e-06,5.05303e-07,2.64641e-07,5.78959e-08,4.73793e-07,1.01696e-06,1.08734e-06,9.99286e-07,5.55041e-07,9.3716e-07,1.10614e-07,1.82877e-06,1.87362e-07,1.76473e-06,5.55505e-07,3.35141e-07,5.80394e-07,1.89476e-06,1.97246e-06,2.08405e-07,5.522e-07
0,0,0,0,0,0,0,0,0,0,0,0,0,0,0,0,0,0,0,0,0,0,0,0,3.10708e-07,9.45441e-08,4.81135e-07,9.73809e-07,5.12424e-07,2.89385e-07,8.61014e-08,4.83821e-07,1.01873e-06,1.09061e-06,1.00125e-06,5.59081e-07,9.40566e-07,1.35009e-07,1.82988e-06,1.95935e-07,1.76828e-06,5.59582e-07,3.40905e-07,5.84364e-07,1.892e-06,1.97327e-06,2.16125e-07,5.5616e-07
0,0,0,0,0,0,0,0,0,0,0,0,0,0,0,0,0,0,0,0,0,0,0,0,0,2.82956e-07,5.80737e-07,1.02087e-06,5.51856e-07,4.18465e-07,2.90935e-07,5.81507e-07,1.05165e-06,1.11989e-06,1.03457e-06,6.16332e-07,9.74739e-07,2.90628e-07,1.84828e-06,3.2689e-07,1.78501e-06,6.1675e-07,4.29067e-07,6.39251e-07,1.90987e-06,1.99025e-06,3.39319e-07,6.13634e-07
0,0,0,0,0,0,0,0,0,0,0,0,0,0,0,0,0,0,0,0,0,0,0,0,0,0,4.72755e-07,1.02471e-06,4.8337e-07,2.77884e-07,5.72874e-08,4.71371e-07,1.01681e-06,1.08719e-06,9.99136e-07,5.54767e-07,9.36999e-07,1.09234e-07,1.82868e-06,1.86562e-07,1.76464e-06,5.55231e-07,3.34692e-07,5.8012e-07,1.89098e-06,1.97207e-06,2.07571e-07,5.51769e-07
0,0,0,0,0,0,0,0,0,0,0,0,0,0,0,0,0,0,0,0,0,0,0,0,0,0,0,1.06919e-06,6.57523e-07,5.16831e-07,4.63193e-07,6.35839e-07,1.10769e-06,1.17268e-06,1.09149e-06,7.07734e-07,1.03496e-06,4.53713e-07,1.88073e-06,4.77354e-07,1.8186e-06,7.08098e-07,5.52378e-07,7.27781e-07,1.9414e-06,2.02043e-06,4.85954e-07,7.0539e-07
0,0,0,0,0,0,0,0,0,0,0,0,0,0,0,0,0,0,0,0,0,0,0,0,0,0,0,0,1.09381e-06,1.09642e-06,9.79435e-07,1.06989e-06,1.40213e-06,1.45397e-06,1.38936e-06,1.11348e-06,1.34537e-06,9.71666e-07,2.06788e-06,9.83298e-07,2.01147e-06,1.11371e-06,1.02181e-06,1.12632e-06,2.12326e-06,2.19571e-06,9.87502e-07,1.11199e-06
0,0,0,0,0,0,0,0,0,0,0,0,0,0,0,0,0,0,0,0,0,0,0,0,0,0,0,0,0,5.97472e-07,4.96178e-07,6.53242e-07,1.12014e-06,1.18445e-06,1.10412e-06,7.27071e-07,1.04828e-06,4.83409e-07,1.88809e-06,5.05578e-07,1.82621e-06,7.27426e-07,5.76946e-07,7.46599e-07,1.94853e-06,2.02728e-06,5.13706e-07,7.2479e-07
0,0,0,0,0,0,0,0,0,0,0,0,0,0,0,0,0,0,0,0,0,0,0,0,0,0,0,0,0,0,2.67888e-07,5.17078e-07,1.0468e-06,1.11534e-06,1.02964e-06,6.08024e-07,9.69507e-07,2.72457e-07,1.84553e-06,3.1095e-07,1.78215e-06,6.08449e-07,4.17048e-07,6.31245e-07,1.90721e-06,1.98769e-06,3.23991e-07,6.0529e-07
0,0,0,0,0,0,0,0,0,0,0,0,0,0,0,0,0,0,0,0,0,0,0,0,0,0,0,0,0,0,0,4.63815e-07,1.01578e-06,1.08625e-06,9.98092e-07,5.52896e-07,9.35907e-07,9.9404e-08,1.82811e-06,1.80873e-07,1.76409e-06,5.53362e-07,3.31568e-07,5.78333e-07,1.89037e-06,1.97154e-06,2.02473e-07,5.49886e-07
0,0,0,0,0,0,0,0,0,0,0,0,0,0,0,0,0,0,0,0,0,0,0,0,0,0,0,0,0,0,0,0,1.1079e-06,1.17289e-06,1.09171e-06,7.08073e-07,1.03519e-06,4.54289e-07,1.88086e-06,4.77856e-07,1.81873e-06,7.08438e-07,5.52813e-07,7.28111e-07,1.94152e-06,2.02055e-06,4.86447e-07,7.05731e-07
0,0,0,0,0,0,0,0,0,0,0,0,0,0,0,0,0,0,0,0,0,0,0,0,0,0,0,0,0,0,0,0,0,1.49629e-06,1.4435e-06,1.3287e-06,1.40009e-06,1.03077e-06,2.43657e-06,1.13837e-06,2.04682e-06,1.31218e-06,1.09451e-06,1.17179e-06,2.15701e-06,2.22838e-06,1.12576e-06,1.17712e-06
0,0,0,0,0,0,0,0,0,0,0,0,0,0,0,0,0,0,0,0,0,0,0,0,0,0,0,0,0,0,0,0,0,0,1.70132e-06,1.2249e-06,1.44286e-06,1.1691e-06,2.12975e-06,1.11266e-06,2.4143e-06,1.23563e-06,1.16612e-06,1.26515e-06,2.2232e-06,2.61235e-06,1.22001e-06,1.23032e-06
0,0,0,0,0,0,0,0,0,0,0,0,0,0,0,0,0,0,0,0,0,0,0,0,0,0,0,0,0,0,0,0,0,0,0,1.15431e-06,1.40356e-06,1.02198e-06,2.1043e-06,1.10197e-06,2.05963e-06,1.29539e-06,1.16395e-06,1.30748e-06,2.14198e-06,2.24695e-06,1.03528e-06,1.15719e-06
0,0,0,0,0,0,0,0,0,0,0,0,0,0,0,0,0,0,0,0,0,0,0,0,0,0,0,0,0,0,0,0,0,0,0,0,1.10324e-06,6.05815e-07,2.16744e-06,6.48772e-07,1.86376e-06,8.05145e-07,7.32116e-07,8.10071e-07,1.98164e-06,2.05041e-06,6.04545e-07,8.84333e-07
0,0,0,0,0,0,0,0,0,0,0,0,0,0,0,0,0,0,0,0,0,0,0,0,0,0,0,0,0,0,0,0,0,0,0,0,0,1.01247e-06,2.07497e-06,1.03676e-06,2.01526e-06,1.23876e-06,1.10232e-06,1.25072e-06,2.11207e-06,2.19823e-06,9.66067e-07,1.10577e-06
0,0,0,0,0,0,0,0,0,0,0,0,0,0,0,0,0,0,0,0,0,0,0,0,0,0,0,0,0,0,0,0,0,0,0,0,0,0,1.8438e-06,2.13305e-07,1.88937e-06,6.08603e-07,3.83668e-07,6.34616e-07,1.90183e-06,1.99249e-06,2.36903e-07,6.06042e-07
0,0,0,0,0,0,0,0,0,0,0,0,0,0,0,0,0,0,0,0,0,0,0,0,0,0,0,0,0,0,0,0,0,0,0,0,0,0,0,1.9944e-06,2.55754e-06,1.93497e-06,2.04483e-06,1.9198e-06,2.63171e-06,2.69019e-06,1.86141e-06,1.92267e-06
0,0,0,0,0,0,0,0,0,0,0,0,0,0,0,0,0,0,0,0,0,0,0,0,0,0,0,0,0,0,0,0,0,0,0,0,0,0,0,0,1.78026e-06,6.50523e-07,3.98237e-07,6.17419e-07,1.90477e-06,1.98653e-06,3.02923e-07,5.89884e-07
0,0,0,0,0,0,0,0,0,0,0,0,0,0,0,0,0,0,0,0,0,0,0,0,0,0,0,0,0,0,0,0,0,0,0,0,0,0,0,0,0,1.85676e-06,1.97673e-06,1.8655e-06,2.60172e-06,2.68896e-06,1.9315e-06,1.8613e-06
0,0,0,0,0,0,0,0,0,0,0,0,0,0,0,0,0,0,0,0,0,0,0,0,0,0,0,0,0,0,0,0,0,0,0,0,0,0,0,0,0,0,6.6277e-07,8.26823e-07,1.98168e-06,2.05205e-06,6.02117e-07,8.85417e-07
0,0,0,0,0,0,0,0,0,0,0,0,0,0,0,0,0,0,0,0,0,0,0,0,0,0,0,0,0,0,0,0,0,0,0,0,0,0,0,0,0,0,0,6.83135e-07,1.92628e-06,2.0087e-06,4.35977e-07,6.53849e-07
0,0,0,0,0,0,0,0,0,0,0,0,0,0,0,0,0,0,0,0,0,0,0,0,0,0,0,0,0,0,0,0,0,0,0,0,0,0,0,0,0,0,0,0,2.01259e-06,2.30184e-06,6.27876e-07,9.06426e-07
0,0,0,0,0,0,0,0,0,0,0,0,0,0,0,0,0,0,0,0,0,0,0,0,0,0,0,0,0,0,0,0,0,0,0,0,0,0,0,0,0,0,0,0,0,3.24379e-06,2.0731e-06,2.20857e-06
0,0,0,0,0,0,0,0,0,0,0,0,0,0,0,0,0,0,0,0,0,0,0,0,0,0,0,0,0,0,0,0,0,0,0,0,0,0,0,0,0,0,0,0,0,0,2.16412e-06,2.08987e-06
0,0,0,0,0,0,0,0,0,0,0,0,0,0,0,0,0,0,0,0,0,0,0,0,0,0,0,0,0,0,0,0,0,0,0,0,0,0,0,0,0,0,0,0,0,0,0,6.50909e-07
0,0,0,0,0,0,0,0,0,0,0,0,0,0,0,0,0,0,0,0,0,0,0,0,0,0,0,0,0,0,0,0,0,0,0,0,0,0,0,0,0,0,0,0,0,0,0,0
