# # np.logspace(-2, 2., num = num_time_points)
0,5.70618e-05,5.64773e-05,5.90401e-05,5.69521e-05,5.72263e-05,5.65831e-05,5.83191e-05,5.8658e-05,5.67276e-05,5.76432e-05,5.67739e-05,5.685e-05,5.72431e-05,5.63929e-05,5.81069e-05,5.68546e-05,5.72576e-05,5.79549e-05,5.72739e-05,5.75706e-05,5.79348e-05,5.59998e-05,5.62412e-05,5.69199e-05,5.59716e-05,5.71947e-05,5.76168e-05,5.72265e-05,5.68863e-05,5.53482e-05,5.71951e-05,5.76411e-05,5.76733e-05,5.76344e-05,5.73003e-05,5.76024e-05,5.63424e-05,5.7976e-05,5.66747e-05,5.79581e-05,5.73022e-05,5.70092e-05,5.74852e-05,5.79926e-05,5.80138e-05,5.67228e-05,5.72993e-05
0,0,5.63302e-05,5.90324e-05,5.69446e-05,5.72188e-05,5.67186e-05,5.83117e-05,5.86503e-05,5.6866e-05,5.78084e-05,5.66213e-05,5.68418e-05,5.73945e-05,5.63845e-05,5.79131e-05,5.68466e-05,5.72497e-05,5.79471e-05,5.7266e-05,5.75627e-05,5.79271e-05,5.59918e-05,5.62331e-05,5.6912e-05,5.59635e-05,5.71868e-05,5.7609e-05,5.72186e-05,5.68784e-05,5.534e-05,5.71872e-05,5.76333e-05,5.76655e-05,5.76263e-05,5.72924e-05,5.75944e-05,5.63343e-05,5.79682e-05,5.66667e-05,5.79504e-05,5.72944e-05,5.70013e-05,5.73157e-05,5.79848e-05,5.80058e-05,5.67149e-05,5.72912e-05
0,0,0,5.84798e-05,5.63713e-05,5.67955e-05,5.61302e-05,5.7752e-05,5.83303e-05,5.62793e-05,5.70693e-05,5.6178e-05,5.62547e-05,5.66653e-05,5.57933e-05,5.75241e-05,5.62725e-05,5.66796e-05,5.7384e-05,5.66962e-05,5.69958e-05,5.73637e-05,5.54088e-05,5.56527e-05,5.63385e-05,5.53803e-05,5.66161e-05,5.70426e-05,5.66483e-05,5.63046e-05,5.47501e-05,5.66166e-05,5.70671e-05,5.70996e-05,5.706e-05,5.67228e-05,5.70278e-05,5.57549e-05,5.74053e-05,5.60907e-05,5.73873e-05,5.67248e-05,5.64287e-05,5.67463e-05,5.74221e-05,5.74432e-05,5.61394e-05,5.67216e-05
0,0,0,0,5.90716e-05,5.9336e-05,5.87157e-05,6.03906e-05,6.07179e-05,5.88549e-05,5.97382e-05,5.87604e-05,5.91501e-05,5.93524e-05,5.83996e-05,6.0006e-05,5.89777e-05,5.93663e-05,6.00392e-05,5.93821e-05,5.96683e-05,6.00198e-05,5.81542e-05,5.83867e-05,5.90408e-05,5.8127e-05,5.93057e-05,5.97129e-05,5.93364e-05,5.90084e-05,5.7527e-05,5.93061e-05,5.97363e-05,5.97674e-05,5.97296e-05,5.94075e-05,5.96988e-05,5.8484e-05,6.00596e-05,5.88045e-05,6.00423e-05,5.94094e-05,5.91268e-05,5.94299e-05,6.00756e-05,6.00958e-05,5.88507e-05,5.94064e-05
0,0,0,0,0,5.74189e-05,5.67609e-05,5.83516e-05,5.86898e-05,5.67609e-05,5.78497e-05,5.68074e-05,5.67369e-05,5.74361e-05,5.62882e-05,5.79532e-05,5.68878e-05,5.72904e-05,5.79874e-05,5.73069e-05,5.76033e-05,5.79674e-05,5.61682e-05,5.62746e-05,5.6953e-05,5.60053e-05,5.72277e-05,5.76496e-05,5.72595e-05,5.69194e-05,5.53821e-05,5.72281e-05,5.76737e-05,5.77059e-05,5.76668e-05,5.73331e-05,5.76348e-05,5.63757e-05,5.80085e-05,5.67077e-05,5.79906e-05,5.73351e-05,5.70422e-05,5.73563e-05,5.82157e-05,5.80463e-05,5.67562e-05,5.73322e-05
0,0,0,0,0,0,5.70438e-05,5.86189e-05,5.89563e-05,5.71903e-05,5.79468e-05,5.69381e-05,5.70122e-05,5.77161e-05,5.67114e-05,5.82227e-05,5.71621e-05,5.75629e-05,5.82566e-05,5.75792e-05,5.78743e-05,5.82366e-05,5.63121e-05,5.6552e-05,5.72271e-05,5.62839e-05,5.75004e-05,5.79203e-05,5.7532e-05,5.71937e-05,5.5664e-05,5.75008e-05,5.79444e-05,5.79765e-05,5.79375e-05,5.76054e-05,5.79057e-05,5.66526e-05,5.82776e-05,5.6983e-05,5.82598e-05,5.76074e-05,5.73159e-05,5.76285e-05,5.82943e-05,5.83149e-05,5.7031e-05,5.76042e-05
0,0,0,0,0,0,0,5.79912e-05,5.83317e-05,5.63906e-05,5.74773e-05,5.64285e-05,5.63666e-05,5.70611e-05,5.60453e-05,5.75905e-05,5.65179e-05,5.69233e-05,5.76247e-05,5.69397e-05,5.72381e-05,5.76045e-05,5.56581e-05,5.59008e-05,5.65837e-05,5.56296e-05,5.686e-05,5.72847e-05,5.6892e-05,5.65499e-05,5.50023e-05,5.68605e-05,5.73091e-05,5.73414e-05,5.73021e-05,5.69662e-05,5.72699e-05,5.60025e-05,5.76459e-05,5.63368e-05,5.76279e-05,5.69682e-05,5.66734e-05,5.69896e-05,5.76628e-05,5.76836e-05,5.63854e-05,5.69651e-05
0,0,0,0,0,0,0,0,6.00175e-05,5.834e-05,5.92607e-05,5.82417e-05,5.81088e-05,5.86353e-05,5.76708e-05,5.92971e-05,5.82561e-05,5.86495e-05,5.93305e-05,5.86654e-05,5.89551e-05,5.93108e-05,5.74222e-05,5.76576e-05,5.83199e-05,5.73947e-05,5.85881e-05,5.90003e-05,5.86191e-05,5.82871e-05,5.67869e-05,5.85885e-05,5.9024e-05,5.90554e-05,5.90172e-05,5.86912e-05,5.8986e-05,5.77562e-05,5.93511e-05,5.80804e-05,5.93336e-05,5.86931e-05,5.8407e-05,5.87138e-05,5.93673e-05,5.93877e-05,5.81275e-05,5.869e-05
0,0,0,0,0,0,0,0,0,5.87156e-05,5.93609e-05,5.83765e-05,5.84489e-05,5.89724e-05,5.80135e-05,5.96304e-05,5.85953e-05,5.89864e-05,5.96636e-05,5.90023e-05,5.92903e-05,5.96441e-05,5.77663e-05,5.80003e-05,5.86587e-05,5.7739e-05,5.89254e-05,5.93352e-05,5.89563e-05,5.86261e-05,5.71348e-05,5.89258e-05,5.93588e-05,5.939e-05,5.9352e-05,5.90279e-05,5.9321e-05,5.80984e-05,5.96841e-05,5.84206e-05,5.96667e-05,5.90298e-05,5.87453e-05,5.90504e-05,5.97002e-05,5.97205e-05,5.84675e-05,5.90267e-05
0,0,0,0,0,0,0,0,0,0,5.7623e-05,5.64366e-05,5.65115e-05,5.72075e-05,5.61943e-05,5.77324e-05,5.66626e-05,5.70669e-05,5.77666e-05,5.70833e-05,5.7381e-05,5.77465e-05,5.58049e-05,5.60471e-05,5.67282e-05,5.57766e-05,5.70038e-05,5.74274e-05,5.70358e-05,5.66945e-05,5.5151e-05,5.70043e-05,5.74518e-05,5.7484e-05,5.74448e-05,5.71098e-05,5.74127e-05,5.61485e-05,5.77878e-05,5.64819e-05,5.77698e-05,5.71118e-05,5.68177e-05,5.71331e-05,5.78044e-05,5.78254e-05,5.65304e-05,5.71086e-05
0,0,0,0,0,0,0,0,0,0,0,5.73572e-05,5.74304e-05,5.79636e-05,5.69873e-05,5.86322e-05,5.75795e-05,5.79774e-05,5.86662e-05,5.79936e-05,5.82865e-05,5.86464e-05,5.67358e-05,5.69739e-05,5.7644e-05,5.67078e-05,5.79153e-05,5.83323e-05,5.79467e-05,5.76108e-05,5.60925e-05,5.79157e-05,5.83562e-05,5.8388e-05,5.83494e-05,5.80196e-05,5.83178e-05,5.70737e-05,5.86871e-05,5.74017e-05,5.86694e-05,5.80215e-05,5.77321e-05,5.80425e-05,5.87037e-05,5.87241e-05,5.74494e-05,5.80184e-05
0,0,0,0,0,0,0,0,0,0,0,0,5.65524e-05,5.69548e-05,5.60931e-05,5.78156e-05,5.65641e-05,5.69691e-05,5.767e-05,5.69856e-05,5.72837e-05,5.76498e-05,5.5705e-05,5.59475e-05,5.66298e-05,5.56765e-05,5.69059e-05,5.73302e-05,5.69379e-05,5.6596e-05,5.50498e-05,5.69064e-05,5.73546e-05,5.7387e-05,5.73476e-05,5.70121e-05,5.73155e-05,5.60492e-05,5.76912e-05,5.63833e-05,5.76732e-05,5.70141e-05,5.67195e-05,5.70355e-05,5.77081e-05,5.77289e-05,5.64317e-05,5.70109e-05
0,0,0,0,0,0,0,0,0,0,0,0,0,5.71833e-05,5.617e-05,5.77094e-05,5.66389e-05,5.70434e-05,5.77433e-05,5.70598e-05,5.73576e-05,5.77232e-05,5.57808e-05,5.60231e-05,5.67045e-05,5.57525e-05,5.69803e-05,5.7404e-05,5.70122e-05,5.66708e-05,5.51266e-05,5.69807e-05,5.74285e-05,5.74607e-05,5.74215e-05,5.70864e-05,5.73895e-05,5.61246e-05,5.77647e-05,5.65988e-05,5.77466e-05,5.70884e-05,5.67941e-05,5.71097e-05,5.77812e-05,5.78022e-05,5.65068e-05,5.70851e-05
0,0,0,0,0,0,0,0,0,0,0,0,0,0,5.65828e-05,5.82389e-05,5.71788e-05,5.75796e-05,5.82731e-05,5.75958e-05,5.78908e-05,5.82531e-05,5.63291e-05,5.6569e-05,5.72438e-05,5.63009e-05,5.7517e-05,5.79369e-05,5.75487e-05,5.72104e-05,5.56812e-05,5.75175e-05,5.7961e-05,5.7993e-05,5.79541e-05,5.7622e-05,5.79223e-05,5.66695e-05,5.82941e-05,5.7e-05,5.82763e-05,5.7624e-05,5.73326e-05,5.76451e-05,5.83108e-05,5.83314e-05,5.70478e-05,5.76209e-05
0,0,0,0,0,0,0,0,0,0,0,0,0,0,0,5.7441e-05,5.61892e-05,5.6597e-05,5.73024e-05,5.66135e-05,5.69136e-05,5.72821e-05,5.53242e-05,5.55685e-05,5.62554e-05,5.52957e-05,5.65334e-05,5.69604e-05,5.65655e-05,5.62214e-05,5.46645e-05,5.65338e-05,5.6985e-05,5.70175e-05,5.69779e-05,5.66402e-05,5.69456e-05,5.56708e-05,5.73237e-05,5.60072e-05,5.73056e-05,5.66422e-05,5.63457e-05,5.66638e-05,5.73405e-05,5.73617e-05,5.60559e-05,5.6639e-05
0,0,0,0,0,0,0,0,0,0,0,0,0,0,0,0,5.78573e-05,5.82533e-05,5.89389e-05,5.82694e-05,5.8561e-05,5.89192e-05,5.70175e-05,5.72546e-05,5.79215e-05,5.69898e-05,5.81915e-05,5.86065e-05,5.82228e-05,5.78885e-05,5.63777e-05,5.8192e-05,5.86304e-05,5.8662e-05,5.86235e-05,5.82953e-05,5.85921e-05,5.73539e-05,5.89597e-05,5.76804e-05,5.89421e-05,5.82973e-05,5.80092e-05,5.83183e-05,5.8976e-05,5.89966e-05,5.77278e-05,5.82942e-05
0,0,0,0,0,0,0,0,0,0,0,0,0,0,0,0,0,5.7352e-05,5.7892e-05,5.72103e-05,5.75073e-05,5.78721e-05,5.6067e-05,5.63125e-05,5.70052e-05,5.60387e-05,5.71314e-05,5.75537e-05,5.71632e-05,5.69709e-05,5.54071e-05,5.71317e-05,5.75776e-05,5.76098e-05,5.75706e-05,5.72363e-05,5.75386e-05,5.62774e-05,5.79128e-05,5.66099e-05,5.78949e-05,5.72383e-05,5.69449e-05,5.72596e-05,5.79295e-05,5.79504e-05,5.66582e-05,5.72352e-05
0,0,0,0,0,0,0,0,0,0,0,0,0,0,0,0,0,0,5.82877e-05,5.76108e-05,5.79058e-05,5.84634e-05,5.63447e-05,5.65844e-05,5.7259e-05,5.64591e-05,5.76988e-05,5.79515e-05,5.77312e-05,5.72257e-05,5.58318e-05,5.75324e-05,5.79755e-05,5.80075e-05,5.79686e-05,5.76367e-05,5.79368e-05,5.66843e-05,5.83085e-05,5.70146e-05,5.82907e-05,5.76386e-05,5.73473e-05,5.76597e-05,5.8325e-05,5.83458e-05,5.70626e-05,5.76355e-05
0,0,0,0,0,0,0,0,0,0,0,0,0,0,0,0,0,0,0,5.8501e-05,5.85954e-05,5.89533e-05,5.70529e-05,5.72899e-05,5.81439e-05,5.70251e-05,5.82261e-05,5.88497e-05,5.82572e-05,5.79235e-05,5.65763e-05,5.82267e-05,5.86644e-05,5.8696e-05,5.86575e-05,5.83295e-05,5.86261e-05,5.73887e-05,5.89935e-05,5.77149e-05,5.89759e-05,5.83314e-05,5.80436e-05,5.83523e-05,5.90098e-05,5.90303e-05,5.77623e-05,5.83284e-05
0,0,0,0,0,0,0,0,0,0,0,0,0,0,0,0,0,0,0,0,5.79218e-05,5.848e-05,5.65044e-05,5.67477e-05,5.72756e-05,5.63331e-05,5.75483e-05,5.7968e-05,5.758e-05,5.72417e-05,5.5849e-05,5.77161e-05,5.79917e-05,5.80237e-05,5.79848e-05,5.76529e-05,5.7953e-05,5.6701e-05,5.83246e-05,5.7031e-05,5.83068e-05,5.76549e-05,5.73636e-05,5.7676e-05,5.83411e-05,5.83619e-05,5.7079e-05,5.76518e-05
0,0,0,0,0,0,0,0,0,0,0,0,0,0,0,0,0,0,0,0,0,5.85755e-05,5.6816e-05,5.69008e-05,5.75717e-05,5.67876e-05,5.78436e-05,5.84526e-05,5.80533e-05,5.7539e-05,5.61638e-05,5.7844e-05,5.82847e-05,5.83165e-05,5.82778e-05,5.79476e-05,5.82462e-05,5.70005e-05,5.86159e-05,5.73289e-05,5.85982e-05,5.79496e-05,5.76598e-05,5.79705e-05,5.86323e-05,5.8653e-05,5.73767e-05,5.79465e-05
0,0,0,0,0,0,0,0,0,0,0,0,0,0,0,0,0,0,0,0,0,0,5.72023e-05,5.72693e-05,5.79358e-05,5.71742e-05,5.82063e-05,5.8621e-05,5.82374e-05,5.7903e-05,5.63929e-05,5.82067e-05,5.86445e-05,5.86761e-05,5.86377e-05,5.83095e-05,5.86063e-05,5.73684e-05,5.89737e-05,5.76947e-05,5.89562e-05,5.83115e-05,5.80235e-05,5.83323e-05,5.89901e-05,5.90106e-05,5.77422e-05,5.83084e-05
0,0,0,0,0,0,0,0,0,0,0,0,0,0,0,0,0,0,0,0,0,0,0,5.53115e-05,5.60013e-05,5.51545e-05,5.64213e-05,5.68646e-05,5.64546e-05,5.59672e-05,5.44034e-05,5.64219e-05,5.67337e-05,5.67664e-05,5.67266e-05,5.63874e-05,5.66942e-05,5.54136e-05,5.70739e-05,5.57514e-05,5.70558e-05,5.63894e-05,5.60915e-05,5.64109e-05,5.7091e-05,5.7112e-05,5.58005e-05,5.63862e-05
0,0,0,0,0,0,0,0,0,0,0,0,0,0,0,0,0,0,0,0,0,0,0,0,5.63805e-05,5.52828e-05,5.66652e-05,5.69475e-05,5.66983e-05,5.63456e-05,5.47647e-05,5.66658e-05,5.69719e-05,5.70046e-05,5.69649e-05,5.66272e-05,5.69327e-05,5.57837e-05,5.73108e-05,5.59938e-05,5.72928e-05,5.66292e-05,5.63326e-05,5.66506e-05,5.73276e-05,5.73487e-05,5.60427e-05,5.6626e-05
0,0,0,0,0,0,0,0,0,0,0,0,0,0,0,0,0,0,0,0,0,0,0,0,0,5.59733e-05,5.73538e-05,5.76183e-05,5.72279e-05,5.70377e-05,5.5476e-05,5.73543e-05,5.76421e-05,5.76743e-05,5.76352e-05,5.73013e-05,5.76032e-05,5.63434e-05,5.7977e-05,5.66755e-05,5.79591e-05,5.73032e-05,5.70102e-05,5.73245e-05,5.79936e-05,5.80145e-05,5.67238e-05,5.73001e-05
0,0,0,0,0,0,0,0,0,0,0,0,0,0,0,0,0,0,0,0,0,0,0,0,0,0,5.63931e-05,5.68365e-05,5.6285e-05,5.60717e-05,5.44832e-05,5.63934e-05,5.67058e-05,5.67386e-05,5.66988e-05,5.63593e-05,5.66663e-05,5.53851e-05,5.70462e-05,5.5723e-05,5.70281e-05,5.63613e-05,5.60634e-05,5.63829e-05,5.70631e-05,5.70844e-05,5.57721e-05,5.63582e-05
0,0,0,0,0,0,0,0,0,0,0,0,0,0,0,0,0,0,0,0,0,0,0,0,0,0,0,5.78895e-05,5.75013e-05,5.71627e-05,5.57653e-05,5.74702e-05,5.79134e-05,5.79455e-05,5.79065e-05,5.75742e-05,5.78747e-05,5.66209e-05,5.82468e-05,5.69514e-05,5.8229e-05,5.75762e-05,5.72845e-05,5.75973e-05,5.82633e-05,5.82841e-05,5.69995e-05,5.7573e-05
0,0,0,0,0,0,0,0,0,0,0,0,0,0,0,0,0,0,0,0,0,0,0,0,0,0,0,0,5.79213e-05,5.77561e-05,5.60663e-05,5.789e-05,5.83304e-05,5.83622e-05,5.83235e-05,5.79936e-05,5.82919e-05,5.70472e-05,5.86614e-05,5.73754e-05,5.86437e-05,5.79955e-05,5.7706e-05,5.80165e-05,5.86778e-05,5.86984e-05,5.74231e-05,5.79924e-05
0,0,0,0,0,0,0,0,0,0,0,0,0,0,0,0,0,0,0,0,0,0,0,0,0,0,0,0,0,5.73524e-05,5.5799e-05,5.75016e-05,5.79448e-05,5.79769e-05,5.79379e-05,5.76058e-05,5.79061e-05,5.66531e-05,5.8278e-05,5.69834e-05,5.82602e-05,5.76078e-05,5.73163e-05,5.76289e-05,5.82945e-05,5.83153e-05,5.70314e-05,5.76047e-05
0,0,0,0,0,0,0,0,0,0,0,0,0,0,0,0,0,0,0,0,0,0,0,0,0,0,0,0,0,0,5.54405e-05,5.71632e-05,5.76089e-05,5.76411e-05,5.7602e-05,5.72679e-05,5.757e-05,5.63095e-05,5.7944e-05,5.66418e-05,5.79261e-05,5.72699e-05,5.69766e-05,5.72911e-05,5.79606e-05,5.79816e-05,5.66901e-05,5.72667e-05
0,0,0,0,0,0,0,0,0,0,0,0,0,0,0,0,0,0,0,0,0,0,0,0,0,0,0,0,0,0,0,5.57658e-05,5.60906e-05,5.61237e-05,5.60834e-05,5.57403e-05,5.60506e-05,5.47551e-05,5.64347e-05,5.50968e-05,5.64163e-05,5.57423e-05,5.5441e-05,5.57641e-05,5.64518e-05,5.64732e-05,5.51465e-05,5.57391e-05
0,0,0,0,0,0,0,0,0,0,0,0,0,0,0,0,0,0,0,0,0,0,0,0,0,0,0,0,0,0,0,0,5.79139e-05,5.79459e-05,5.79069e-05,5.75746e-05,5.78751e-05,5.66214e-05,5.82472e-05,5.69519e-05,5.82294e-05,5.75766e-05,5.72849e-05,5.75977e-05,5.82637e-05,5.82845e-05,5.69999e-05,5.75735e-05
0,0,0,0,0,0,0,0,0,0,0,0,0,0,0,0,0,0,0,0,0,0,0,0,0,0,0,0,0,0,0,0,0,5.83863e-05,5.83479e-05,5.82015e-05,5.83163e-05,5.70721e-05,5.88969e-05,5.75683e-05,5.86677e-05,5.82032e-05,5.77309e-05,5.80406e-05,5.87018e-05,5.87225e-05,5.76163e-05,5.80171e-05
0,0,0,0,0,0,0,0,0,0,0,0,0,0,0,0,0,0,0,0,0,0,0,0,0,0,0,0,0,0,0,0,0,0,5.85757e-05,5.80498e-05,5.83479e-05,5.72674e-05,5.87168e-05,5.74325e-05,5.89112e-05,5.8052e-05,5.77632e-05,5.80733e-05,5.87337e-05,5.89688e-05,5.76503e-05,5.80488e-05
0,0,0,0,0,0,0,0,0,0,0,0,0,0,0,0,0,0,0,0,0,0,0,0,0,0,0,0,0,0,0,0,0,0,0,5.80112e-05,5.83099e-05,5.70655e-05,5.86788e-05,5.75604e-05,5.86612e-05,5.8196e-05,5.78983e-05,5.82175e-05,5.86948e-05,5.8716e-05,5.7441e-05,5.80101e-05
0,0,0,0,0,0,0,0,0,0,0,0,0,0,0,0,0,0,0,0,0,0,0,0,0,0,0,0,0,0,0,0,0,0,0,0,5.79795e-05,5.68773e-05,5.85504e-05,5.72136e-05,5.83331e-05,5.76818e-05,5.75535e-05,5.77025e-05,5.83672e-05,5.83877e-05,5.71062e-05,5.78493e-05
0,0,0,0,0,0,0,0,0,0,0,0,0,0,0,0,0,0,0,0,0,0,0,0,0,0,0,0,0,0,0,0,0,0,0,0,0,5.7193e-05,5.86474e-05,5.7527e-05,5.86297e-05,5.81632e-05,5.78652e-05,5.81846e-05,5.86634e-05,5.86843e-05,5.74087e-05,5.79785e-05
0,0,0,0,0,0,0,0,0,0,0,0,0,0,0,0,0,0,0,0,0,0,0,0,0,0,0,0,0,0,0,0,0,0,0,0,0,0,5.74104e-05,5.60958e-05,5.75688e-05,5.68794e-05,5.65755e-05,5.69015e-05,5.7427e-05,5.74483e-05,5.61448e-05,5.68763e-05
0,0,0,0,0,0,0,0,0,0,0,0,0,0,0,0,0,0,0,0,0,0,0,0,0,0,0,0,0,0,0,0,0,0,0,0,0,0,0,5.79201e-05,5.89969e-05,5.83528e-05,5.8256e-05,5.83732e-05,5.90305e-05,5.9051e-05,5.77841e-05,5.83495e-05
0,0,0,0,0,0,0,0,0,0,0,0,0,0,0,0,0,0,0,0,0,0,0,0,0,0,0,0,0,0,0,0,0,0,0,0,0,0,0,0,5.77183e-05,5.72158e-05,5.67661e-05,5.70812e-05,5.77529e-05,5.77739e-05,5.66188e-05,5.70568e-05
0,0,0,0,0,0,0,0,0,0,0,0,0,0,0,0,0,0,0,0,0,0,0,0,0,0,0,0,0,0,0,0,0,0,0,0,0,0,0,0,0,5.83348e-05,5.82373e-05,5.83556e-05,5.90132e-05,5.9034e-05,5.79496e-05,5.83319e-05
0,0,0,0,0,0,0,0,0,0,0,0,0,0,0,0,0,0,0,0,0,0,0,0,0,0,0,0,0,0,0,0,0,0,0,0,0,0,0,0,0,0,5.73925e-05,5.77049e-05,5.83691e-05,5.83897e-05,5.7108e-05,5.78514e-05
0,0,0,0,0,0,0,0,0,0,0,0,0,0,0,0,0,0,0,0,0,0,0,0,0,0,0,0,0,0,0,0,0,0,0,0,0,0,0,0,0,0,0,5.74136e-05,5.80814e-05,5.81023e-05,5.69622e-05,5.73892e-05
0,0,0,0,0,0,0,0,0,0,0,0,0,0,0,0,0,0,0,0,0,0,0,0,0,0,0,0,0,0,0,0,0,0,0,0,0,0,0,0,0,0,0,0,5.83903e-05,5.86126e-05,5.71292e-05,5.78731e-05
0,0,0,0,0,0,0,0,0,0,0,0,0,0,0,0,0,0,0,0,0,0,0,0,0,0,0,0,0,0,0,0,0,0,0,0,0,0,0,0,0,0,0,0,0,5.92979e-05,5.79862e-05,5.85661e-05
0,0,0,0,0,0,0,0,0,0,0,0,0,0,0,0,0,0,0,0,0,0,0,0,0,0,0,0,0,0,0,0,0,0,0,0,0,0,0,0,0,0,0,0,0,0,5.80084e-05,5.83873e-05
0,0,0,0,0,0,0,0,0,0,0,0,0,0,0,0,0,0,0,0,0,0,0,0,0,0,0,0,0,0,0,0,0,0,0,0,0,0,0,0,0,0,0,0,0,0,0,5.72612e-05
0,0,0,0,0,0,0,0,0,0,0,0,0,0,0,0,0,0,0,0,0,0,0,0,0,0,0,0,0,0,0,0,0,0,0,0,0,0,0,0,0,0,0,0,0,0,0,0
