# # np.logspace(-2, 2., num = num_time_points)
0,5.80469e-05,5.75591e-05,5.96765e-05,5.79553e-05,5.81832e-05,5.76477e-05,5.90858e-05,5.93639e-05,5.77682e-05,5.85286e-05,5.78069e-05,5.78704e-05,5.81972e-05,5.74885e-05,5.89124e-05,5.78742e-05,5.82092e-05,5.8786e-05,5.82227e-05,5.84685e-05,5.87694e-05,5.71591e-05,5.73617e-05,5.79286e-05,5.71354e-05,5.8157e-05,5.85068e-05,5.81834e-05,5.79006e-05,5.66098e-05,5.81574e-05,5.85269e-05,5.85535e-05,5.85213e-05,5.82446e-05,5.84948e-05,5.74464e-05,5.88034e-05,5.77241e-05,5.87887e-05,5.82462e-05,5.80028e-05,5.83985e-05,5.88171e-05,5.88344e-05,5.77643e-05,5.82438e-05
0,0,5.74361e-05,5.96701e-05,5.7949e-05,5.81769e-05,5.77608e-05,5.90795e-05,5.93575e-05,5.78838e-05,5.8666e-05,5.76796e-05,5.78636e-05,5.83233e-05,5.74815e-05,5.87514e-05,5.78676e-05,5.82026e-05,5.87795e-05,5.82162e-05,5.8462e-05,5.87629e-05,5.71524e-05,5.7355e-05,5.7922e-05,5.71287e-05,5.81504e-05,5.85003e-05,5.81769e-05,5.7894e-05,5.66031e-05,5.81508e-05,5.85203e-05,5.85469e-05,5.85146e-05,5.8238e-05,5.84882e-05,5.74397e-05,5.87969e-05,5.77175e-05,5.87822e-05,5.82397e-05,5.79962e-05,5.82574e-05,5.88106e-05,5.88278e-05,5.77577e-05,5.82371e-05
0,0,0,5.92055e-05,5.74704e-05,5.7823e-05,5.72704e-05,5.86101e-05,5.9086e-05,5.73945e-05,5.80483e-05,5.73102e-05,5.7374e-05,5.77142e-05,5.69891e-05,5.84245e-05,5.73883e-05,5.77262e-05,5.83078e-05,5.77398e-05,5.79877e-05,5.82911e-05,5.66672e-05,5.68715e-05,5.74432e-05,5.66433e-05,5.76735e-05,5.80263e-05,5.77002e-05,5.7415e-05,5.6113e-05,5.76739e-05,5.80465e-05,5.80733e-05,5.80407e-05,5.77619e-05,5.80141e-05,5.69568e-05,5.83253e-05,5.7237e-05,5.83104e-05,5.77635e-05,5.75181e-05,5.77814e-05,5.83391e-05,5.83565e-05,5.72775e-05,5.77609e-05
0,0,0,0,5.9703e-05,5.99242e-05,5.94042e-05,6.08009e-05,6.10712e-05,5.95212e-05,6.02596e-05,5.94418e-05,5.97645e-05,5.99379e-05,5.91379e-05,6.04823e-05,5.96243e-05,5.99496e-05,6.05098e-05,5.99627e-05,6.02014e-05,6.04937e-05,5.89305e-05,5.9127e-05,5.96771e-05,5.89075e-05,5.98989e-05,6.02386e-05,5.99246e-05,5.965e-05,5.83979e-05,5.98993e-05,6.02581e-05,6.02839e-05,6.02525e-05,5.9984e-05,6.02268e-05,5.92091e-05,6.05267e-05,5.94788e-05,6.05124e-05,5.99856e-05,5.97492e-05,6.00026e-05,6.054e-05,6.05567e-05,5.95177e-05,5.9983e-05
0,0,0,0,0,5.83436e-05,5.7796e-05,5.91129e-05,5.93906e-05,5.77959e-05,5.87004e-05,5.78349e-05,5.7776e-05,5.83579e-05,5.74007e-05,5.87849e-05,5.79018e-05,5.82365e-05,5.88131e-05,5.82502e-05,5.84959e-05,5.87966e-05,5.72998e-05,5.73894e-05,5.79561e-05,5.71634e-05,5.81845e-05,5.85341e-05,5.82109e-05,5.79281e-05,5.66379e-05,5.81848e-05,5.85541e-05,5.85807e-05,5.85483e-05,5.8272e-05,5.85219e-05,5.7474e-05,5.88305e-05,5.77516e-05,5.88157e-05,5.82736e-05,5.80303e-05,5.82912e-05,5.90025e-05,5.88616e-05,5.7792e-05,5.82712e-05
0,0,0,0,0,0,5.80308e-05,5.93361e-05,5.96132e-05,5.81531e-05,5.87815e-05,5.79426e-05,5.80046e-05,5.85907e-05,5.77526e-05,5.90096e-05,5.81297e-05,5.84633e-05,5.90376e-05,5.84768e-05,5.87215e-05,5.90211e-05,5.7418e-05,5.76195e-05,5.81839e-05,5.73943e-05,5.84113e-05,5.87596e-05,5.84376e-05,5.81561e-05,5.68711e-05,5.84117e-05,5.87796e-05,5.88061e-05,5.87739e-05,5.84986e-05,5.87476e-05,5.77038e-05,5.90549e-05,5.79802e-05,5.90403e-05,5.85002e-05,5.82578e-05,5.85177e-05,5.90687e-05,5.90857e-05,5.80203e-05,5.84976e-05
0,0,0,0,0,0,0,5.88111e-05,5.90903e-05,5.74873e-05,5.83893e-05,5.75194e-05,5.74673e-05,5.80451e-05,5.71994e-05,5.84815e-05,5.75935e-05,5.79301e-05,5.85097e-05,5.79438e-05,5.81907e-05,5.84931e-05,5.6875e-05,5.70785e-05,5.76482e-05,5.68511e-05,5.78777e-05,5.82292e-05,5.79043e-05,5.76201e-05,5.63229e-05,5.78781e-05,5.82494e-05,5.82761e-05,5.82436e-05,5.79657e-05,5.8217e-05,5.71636e-05,5.85272e-05,5.74426e-05,5.85124e-05,5.79674e-05,5.77228e-05,5.79851e-05,5.85411e-05,5.85582e-05,5.74831e-05,5.79648e-05
0,0,0,0,0,0,0,0,6.04944e-05,5.91016e-05,5.9869e-05,5.90193e-05,5.89097e-05,5.93498e-05,5.85418e-05,5.98997e-05,5.90331e-05,5.93616e-05,5.99273e-05,5.93749e-05,5.96159e-05,5.99111e-05,5.83323e-05,5.85308e-05,5.90865e-05,5.83091e-05,5.93104e-05,5.96535e-05,5.93363e-05,5.9059e-05,5.77941e-05,5.93108e-05,5.96732e-05,5.96992e-05,5.96675e-05,5.93963e-05,5.96416e-05,5.86137e-05,5.99444e-05,5.88859e-05,5.99299e-05,5.93979e-05,5.91592e-05,5.94152e-05,5.99578e-05,5.99747e-05,5.89254e-05,5.93954e-05
0,0,0,0,0,0,0,0,0,5.94096e-05,5.99502e-05,5.91279e-05,5.91887e-05,5.96267e-05,5.88226e-05,6.0174e-05,5.93115e-05,5.96384e-05,6.02016e-05,5.96517e-05,5.98916e-05,6.01854e-05,5.8614e-05,5.88115e-05,5.93646e-05,5.85909e-05,5.95875e-05,5.9929e-05,5.96133e-05,5.93373e-05,5.80784e-05,5.95879e-05,5.99485e-05,5.99745e-05,5.99429e-05,5.9673e-05,5.99171e-05,5.88941e-05,6.02185e-05,5.9165e-05,6.02041e-05,5.96746e-05,5.9437e-05,5.96918e-05,6.02319e-05,6.02487e-05,5.92043e-05,5.96721e-05
0,0,0,0,0,0,0,0,0,0,5.85111e-05,5.75257e-05,5.75882e-05,5.81674e-05,5.73234e-05,5.86003e-05,5.77142e-05,5.80501e-05,5.86285e-05,5.80637e-05,5.83102e-05,5.86119e-05,5.69972e-05,5.72003e-05,5.77688e-05,5.69734e-05,5.79978e-05,5.83486e-05,5.80243e-05,5.77407e-05,5.64463e-05,5.79982e-05,5.83687e-05,5.83954e-05,5.83629e-05,5.80857e-05,5.83364e-05,5.72852e-05,5.8646e-05,5.75636e-05,5.86312e-05,5.80873e-05,5.78432e-05,5.81049e-05,5.86597e-05,5.8677e-05,5.7604e-05,5.80847e-05
0,0,0,0,0,0,0,0,0,0,0,5.82895e-05,5.83508e-05,5.87954e-05,5.79795e-05,5.935e-05,5.84754e-05,5.8807e-05,5.9378e-05,5.88204e-05,5.90638e-05,5.93616e-05,5.77679e-05,5.79682e-05,5.85293e-05,5.77444e-05,5.87554e-05,5.91016e-05,5.87815e-05,5.85016e-05,5.72244e-05,5.87557e-05,5.91215e-05,5.91478e-05,5.91158e-05,5.88421e-05,5.90897e-05,5.8052e-05,5.93952e-05,5.83268e-05,5.93807e-05,5.88437e-05,5.86028e-05,5.88611e-05,5.94089e-05,5.94259e-05,5.83667e-05,5.88411e-05
0,0,0,0,0,0,0,0,0,0,0,0,5.76226e-05,5.79565e-05,5.72391e-05,5.86689e-05,5.76321e-05,5.79685e-05,5.85477e-05,5.79821e-05,5.82289e-05,5.8531e-05,5.69141e-05,5.71174e-05,5.76867e-05,5.68902e-05,5.79161e-05,5.82673e-05,5.79426e-05,5.76586e-05,5.63623e-05,5.79165e-05,5.82875e-05,5.83142e-05,5.82817e-05,5.8004e-05,5.82552e-05,5.72024e-05,5.85651e-05,5.74814e-05,5.85503e-05,5.80057e-05,5.77613e-05,5.80235e-05,5.8579e-05,5.85962e-05,5.75217e-05,5.80031e-05
0,0,0,0,0,0,0,0,0,0,0,0,0,5.81472e-05,5.73031e-05,5.8581e-05,5.76944e-05,5.80305e-05,5.86091e-05,5.80441e-05,5.82906e-05,5.85925e-05,5.69771e-05,5.71803e-05,5.7749e-05,5.69534e-05,5.79781e-05,5.8329e-05,5.80046e-05,5.7721e-05,5.64261e-05,5.79785e-05,5.83493e-05,5.83758e-05,5.83435e-05,5.80661e-05,5.8317e-05,5.72653e-05,5.86266e-05,5.76614e-05,5.86117e-05,5.80678e-05,5.78235e-05,5.80854e-05,5.86402e-05,5.86575e-05,5.75843e-05,5.8065e-05
0,0,0,0,0,0,0,0,0,0,0,0,0,0,5.7645e-05,5.90231e-05,5.81436e-05,5.84771e-05,5.90513e-05,5.84906e-05,5.87353e-05,5.90348e-05,5.74321e-05,5.76335e-05,5.81978e-05,5.74084e-05,5.84252e-05,5.87734e-05,5.84515e-05,5.817e-05,5.68853e-05,5.84255e-05,5.87934e-05,5.88198e-05,5.87876e-05,5.85124e-05,5.87613e-05,5.77178e-05,5.90686e-05,5.79943e-05,5.9054e-05,5.8514e-05,5.82717e-05,5.85315e-05,5.90824e-05,5.90994e-05,5.80343e-05,5.85114e-05
0,0,0,0,0,0,0,0,0,0,0,0,0,0,0,5.83548e-05,5.73186e-05,5.76569e-05,5.82392e-05,5.76706e-05,5.79187e-05,5.82224e-05,5.65966e-05,5.68011e-05,5.73736e-05,5.65726e-05,5.76042e-05,5.79573e-05,5.76309e-05,5.73453e-05,5.60417e-05,5.76046e-05,5.79776e-05,5.80044e-05,5.79718e-05,5.76926e-05,5.79451e-05,5.68866e-05,5.82567e-05,5.71671e-05,5.82418e-05,5.76943e-05,5.74485e-05,5.77121e-05,5.82705e-05,5.82879e-05,5.72077e-05,5.76916e-05
0,0,0,0,0,0,0,0,0,0,0,0,0,0,0,0,5.87048e-05,5.90351e-05,5.9604e-05,5.90485e-05,5.92909e-05,5.95876e-05,5.8e-05,5.81996e-05,5.87585e-05,5.79767e-05,5.89837e-05,5.93286e-05,5.90097e-05,5.87309e-05,5.74588e-05,5.8984e-05,5.93484e-05,5.93746e-05,5.93427e-05,5.90701e-05,5.93167e-05,5.82831e-05,5.96211e-05,5.85568e-05,5.96066e-05,5.90717e-05,5.88317e-05,5.90891e-05,5.96346e-05,5.96516e-05,5.85965e-05,5.90691e-05
0,0,0,0,0,0,0,0,0,0,0,0,0,0,0,0,0,5.82879e-05,5.87334e-05,5.81697e-05,5.84157e-05,5.8717e-05,5.72158e-05,5.74217e-05,5.79998e-05,5.7192e-05,5.81042e-05,5.84541e-05,5.81305e-05,5.79713e-05,5.66599e-05,5.81044e-05,5.84738e-05,5.85005e-05,5.84681e-05,5.81913e-05,5.84417e-05,5.73924e-05,5.87506e-05,5.76702e-05,5.87359e-05,5.8193e-05,5.79493e-05,5.82106e-05,5.87643e-05,5.87815e-05,5.77106e-05,5.81903e-05
0,0,0,0,0,0,0,0,0,0,0,0,0,0,0,0,0,0,5.90635e-05,5.8503e-05,5.87477e-05,5.92094e-05,5.74449e-05,5.76462e-05,5.82103e-05,5.75403e-05,5.85764e-05,5.87856e-05,5.86033e-05,5.81826e-05,5.70111e-05,5.84379e-05,5.88055e-05,5.88319e-05,5.87997e-05,5.85245e-05,5.87734e-05,5.77301e-05,5.90807e-05,5.80064e-05,5.9066e-05,5.85262e-05,5.82839e-05,5.85437e-05,5.90943e-05,5.91114e-05,5.80465e-05,5.85236e-05
0,0,0,0,0,0,0,0,0,0,0,0,0,0,0,0,0,0,0,5.92405e-05,5.93193e-05,5.96158e-05,5.80291e-05,5.82286e-05,5.89429e-05,5.80056e-05,5.90122e-05,5.95301e-05,5.90381e-05,5.87596e-05,5.76238e-05,5.90127e-05,5.93765e-05,5.94027e-05,5.93708e-05,5.90983e-05,5.93448e-05,5.83117e-05,5.96491e-05,5.85853e-05,5.96345e-05,5.90999e-05,5.886e-05,5.91172e-05,5.96626e-05,5.96795e-05,5.8625e-05,5.90973e-05
0,0,0,0,0,0,0,0,0,0,0,0,0,0,0,0,0,0,0,0,5.8761e-05,5.92231e-05,5.75782e-05,5.77825e-05,5.8224e-05,5.74349e-05,5.84511e-05,5.87992e-05,5.84774e-05,5.81959e-05,5.70253e-05,5.85908e-05,5.88189e-05,5.88454e-05,5.88132e-05,5.8538e-05,5.87869e-05,5.77439e-05,5.9094e-05,5.80201e-05,5.90794e-05,5.85397e-05,5.82975e-05,5.85572e-05,5.91077e-05,5.91248e-05,5.80601e-05,5.85371e-05
0,0,0,0,0,0,0,0,0,0,0,0,0,0,0,0,0,0,0,0,0,5.93028e-05,5.78355e-05,5.79079e-05,5.84694e-05,5.78116e-05,5.86959e-05,5.92016e-05,5.88703e-05,5.84421e-05,5.72848e-05,5.86963e-05,5.90622e-05,5.90886e-05,5.90565e-05,5.87825e-05,5.90303e-05,5.79916e-05,5.93362e-05,5.82667e-05,5.93216e-05,5.87841e-05,5.85429e-05,5.88015e-05,5.93498e-05,5.93668e-05,5.83066e-05,5.87815e-05
0,0,0,0,0,0,0,0,0,0,0,0,0,0,0,0,0,0,0,0,0,0,5.81536e-05,5.82117e-05,5.87703e-05,5.81299e-05,5.89958e-05,5.93405e-05,5.90217e-05,5.87428e-05,5.74712e-05,5.89961e-05,5.93601e-05,5.93863e-05,5.93544e-05,5.90818e-05,5.93284e-05,5.8295e-05,5.96328e-05,5.85686e-05,5.96182e-05,5.90834e-05,5.88435e-05,5.91008e-05,5.96462e-05,5.96632e-05,5.86083e-05,5.90808e-05
0,0,0,0,0,0,0,0,0,0,0,0,0,0,0,0,0,0,0,0,0,0,0,5.65858e-05,5.71603e-05,5.64549e-05,5.75095e-05,5.78756e-05,5.75371e-05,5.7132e-05,5.58236e-05,5.751e-05,5.77662e-05,5.77932e-05,5.77604e-05,5.74802e-05,5.77336e-05,5.66712e-05,5.80464e-05,5.69526e-05,5.80314e-05,5.74819e-05,5.72352e-05,5.74997e-05,5.80604e-05,5.80777e-05,5.69935e-05,5.74792e-05
0,0,0,0,0,0,0,0,0,0,0,0,0,0,0,0,0,0,0,0,0,0,0,0,5.74781e-05,5.65618e-05,5.77142e-05,5.79465e-05,5.77416e-05,5.74491e-05,5.61261e-05,5.77147e-05,5.79666e-05,5.79936e-05,5.79608e-05,5.76817e-05,5.79343e-05,5.69812e-05,5.82458e-05,5.71559e-05,5.8231e-05,5.76834e-05,5.74376e-05,5.77011e-05,5.82596e-05,5.8277e-05,5.71966e-05,5.76807e-05
0,0,0,0,0,0,0,0,0,0,0,0,0,0,0,0,0,0,0,0,0,0,0,0,0,5.71367e-05,5.82896e-05,5.85079e-05,5.81845e-05,5.80269e-05,5.67169e-05,5.829e-05,5.85277e-05,5.85543e-05,5.8522e-05,5.82454e-05,5.84955e-05,5.74472e-05,5.88042e-05,5.77249e-05,5.87895e-05,5.82471e-05,5.80037e-05,5.82647e-05,5.88179e-05,5.88351e-05,5.77651e-05,5.82445e-05
0,0,0,0,0,0,0,0,0,0,0,0,0,0,0,0,0,0,0,0,0,0,0,0,0,0,5.74857e-05,5.78519e-05,5.73951e-05,5.72194e-05,5.58911e-05,5.7486e-05,5.77428e-05,5.77697e-05,5.7737e-05,5.74567e-05,5.77102e-05,5.66473e-05,5.8023e-05,5.69289e-05,5.80081e-05,5.74583e-05,5.72115e-05,5.74761e-05,5.80369e-05,5.80544e-05,5.69697e-05,5.74557e-05
0,0,0,0,0,0,0,0,0,0,0,0,0,0,0,0,0,0,0,0,0,0,0,0,0,0,0,5.8734e-05,5.84121e-05,5.81303e-05,5.69562e-05,5.83862e-05,5.87538e-05,5.87803e-05,5.87481e-05,5.84726e-05,5.87218e-05,5.76776e-05,5.90293e-05,5.79541e-05,5.90146e-05,5.84743e-05,5.82318e-05,5.84918e-05,5.90429e-05,5.90601e-05,5.79942e-05,5.84717e-05
0,0,0,0,0,0,0,0,0,0,0,0,0,0,0,0,0,0,0,0,0,0,0,0,0,0,0,0,5.87603e-05,5.86225e-05,5.72027e-05,5.87344e-05,5.91001e-05,5.91264e-05,5.90944e-05,5.88206e-05,5.90682e-05,5.80302e-05,5.93739e-05,5.83051e-05,5.93593e-05,5.88222e-05,5.85812e-05,5.88396e-05,5.93875e-05,5.94045e-05,5.8345e-05,5.88196e-05
0,0,0,0,0,0,0,0,0,0,0,0,0,0,0,0,0,0,0,0,0,0,0,0,0,0,0,0,0,5.82883e-05,5.6984e-05,5.84123e-05,5.878e-05,5.88064e-05,5.87742e-05,5.84989e-05,5.87479e-05,5.77042e-05,5.90553e-05,5.79806e-05,5.90406e-05,5.85005e-05,5.82582e-05,5.8518e-05,5.90689e-05,5.90861e-05,5.80207e-05,5.84979e-05
0,0,0,0,0,0,0,0,0,0,0,0,0,0,0,0,0,0,0,0,0,0,0,0,0,0,0,0,0,0,5.66875e-05,5.81307e-05,5.85e-05,5.85266e-05,5.84943e-05,5.82176e-05,5.84678e-05,5.7419e-05,5.87767e-05,5.76968e-05,5.87619e-05,5.82193e-05,5.79757e-05,5.82369e-05,5.87904e-05,5.88076e-05,5.77371e-05,5.82167e-05
0,0,0,0,0,0,0,0,0,0,0,0,0,0,0,0,0,0,0,0,0,0,0,0,0,0,0,0,0,0,0,5.69566e-05,5.72228e-05,5.725e-05,5.72169e-05,5.6934e-05,5.71899e-05,5.61172e-05,5.75055e-05,5.64013e-05,5.74905e-05,5.69357e-05,5.66866e-05,5.69537e-05,5.75195e-05,5.75372e-05,5.64426e-05,5.6933e-05
0,0,0,0,0,0,0,0,0,0,0,0,0,0,0,0,0,0,0,0,0,0,0,0,0,0,0,0,0,0,0,0,5.87542e-05,5.87807e-05,5.87484e-05,5.8473e-05,5.87221e-05,5.76779e-05,5.90296e-05,5.79544e-05,5.90149e-05,5.84746e-05,5.82322e-05,5.84921e-05,5.90432e-05,5.90604e-05,5.79946e-05,5.8472e-05
0,0,0,0,0,0,0,0,0,0,0,0,0,0,0,0,0,0,0,0,0,0,0,0,0,0,0,0,0,0,0,0,0,5.91464e-05,5.91145e-05,5.89931e-05,5.90884e-05,5.80507e-05,5.95691e-05,5.84654e-05,5.93792e-05,5.89946e-05,5.86016e-05,5.88595e-05,5.94074e-05,5.94244e-05,5.85056e-05,5.884e-05
0,0,0,0,0,0,0,0,0,0,0,0,0,0,0,0,0,0,0,0,0,0,0,0,0,0,0,0,0,0,0,0,0,0,5.93035e-05,5.88671e-05,5.91146e-05,5.82131e-05,5.94199e-05,5.83522e-05,5.95809e-05,5.88689e-05,5.86283e-05,5.88865e-05,5.94338e-05,5.96285e-05,5.85336e-05,5.88662e-05
0,0,0,0,0,0,0,0,0,0,0,0,0,0,0,0,0,0,0,0,0,0,0,0,0,0,0,0,0,0,0,0,0,0,0,5.8835e-05,5.9083e-05,5.80452e-05,5.93883e-05,5.84589e-05,5.93738e-05,5.89886e-05,5.87409e-05,5.90065e-05,5.94016e-05,5.9419e-05,5.83597e-05,5.88341e-05
0,0,0,0,0,0,0,0,0,0,0,0,0,0,0,0,0,0,0,0,0,0,0,0,0,0,0,0,0,0,0,0,0,0,0,0,5.88089e-05,5.78908e-05,5.92813e-05,5.81721e-05,5.91012e-05,5.85619e-05,5.84554e-05,5.85791e-05,5.91293e-05,5.91463e-05,5.80825e-05,5.87013e-05
0,0,0,0,0,0,0,0,0,0,0,0,0,0,0,0,0,0,0,0,0,0,0,0,0,0,0,0,0,0,0,0,0,0,0,0,0,5.81517e-05,5.93623e-05,5.84314e-05,5.93477e-05,5.89614e-05,5.87136e-05,5.89793e-05,5.93756e-05,5.93928e-05,5.83331e-05,5.8808e-05
0,0,0,0,0,0,0,0,0,0,0,0,0,0,0,0,0,0,0,0,0,0,0,0,0,0,0,0,0,0,0,0,0,0,0,0,0,0,5.83295e-05,5.72412e-05,5.84614e-05,5.78926e-05,5.76406e-05,5.79108e-05,5.83431e-05,5.83607e-05,5.7282e-05,5.789e-05
0,0,0,0,0,0,0,0,0,0,0,0,0,0,0,0,0,0,0,0,0,0,0,0,0,0,0,0,0,0,0,0,0,0,0,0,0,0,0,5.87556e-05,5.96518e-05,5.91175e-05,5.90362e-05,5.91345e-05,5.96797e-05,5.96967e-05,5.86428e-05,5.91148e-05
0,0,0,0,0,0,0,0,0,0,0,0,0,0,0,0,0,0,0,0,0,0,0,0,0,0,0,0,0,0,0,0,0,0,0,0,0,0,0,0,5.8588e-05,5.81739e-05,5.78e-05,5.80616e-05,5.86166e-05,5.86338e-05,5.7678e-05,5.80414e-05
0,0,0,0,0,0,0,0,0,0,0,0,0,0,0,0,0,0,0,0,0,0,0,0,0,0,0,0,0,0,0,0,0,0,0,0,0,0,0,0,0,5.91026e-05,5.90207e-05,5.912e-05,5.96653e-05,5.96825e-05,5.87805e-05,5.91002e-05
0,0,0,0,0,0,0,0,0,0,0,0,0,0,0,0,0,0,0,0,0,0,0,0,0,0,0,0,0,0,0,0,0,0,0,0,0,0,0,0,0,0,5.83213e-05,5.85811e-05,5.91309e-05,5.91479e-05,5.80841e-05,5.8703e-05
0,0,0,0,0,0,0,0,0,0,0,0,0,0,0,0,0,0,0,0,0,0,0,0,0,0,0,0,0,0,0,0,0,0,0,0,0,0,0,0,0,0,0,5.83389e-05,5.88911e-05,5.89083e-05,5.79637e-05,5.83186e-05
0,0,0,0,0,0,0,0,0,0,0,0,0,0,0,0,0,0,0,0,0,0,0,0,0,0,0,0,0,0,0,0,0,0,0,0,0,0,0,0,0,0,0,0,5.91485e-05,5.93328e-05,5.81016e-05,5.8721e-05
0,0,0,0,0,0,0,0,0,0,0,0,0,0,0,0,0,0,0,0,0,0,0,0,0,0,0,0,0,0,0,0,0,0,0,0,0,0,0,0,0,0,0,0,0,5.99009e-05,5.88106e-05,5.92944e-05
0,0,0,0,0,0,0,0,0,0,0,0,0,0,0,0,0,0,0,0,0,0,0,0,0,0,0,0,0,0,0,0,0,0,0,0,0,0,0,0,0,0,0,0,0,0,5.88288e-05,5.91459e-05
0,0,0,0,0,0,0,0,0,0,0,0,0,0,0,0,0,0,0,0,0,0,0,0,0,0,0,0,0,0,0,0,0,0,0,0,0,0,0,0,0,0,0,0,0,0,0,5.82118e-05
0,0,0,0,0,0,0,0,0,0,0,0,0,0,0,0,0,0,0,0,0,0,0,0,0,0,0,0,0,0,0,0,0,0,0,0,0,0,0,0,0,0,0,0,0,0,0,0
