# # np.logspace(-2, 2., num = num_time_points)
0,6.22364e-05,6.21559e-05,6.21677e-05,6.21709e-05,6.22897e-05,6.22217e-05,6.21789e-05,6.2202e-05,6.23055e-05,6.2259e-05,6.21213e-05,6.22209e-05,6.21858e-05,6.21896e-05,6.21163e-05,6.21518e-05,6.21387e-05,6.22346e-05,6.21846e-05,6.22208e-05,6.22085e-05,6.22393e-05,6.22773e-05,6.21766e-05,6.22751e-05,6.21809e-05,6.21847e-05,6.22386e-05,6.22543e-05,6.21762e-05,6.22266e-05,6.21777e-05,6.228e-05,6.22441e-05,6.23082e-05,6.22598e-05,6.22084e-05,6.22998e-05,6.21453e-05,6.21962e-05,6.21911e-05,6.22831e-05,6.2241e-05,6.22739e-05,6.21875e-05,6.22236e-05,6.22097e-05
0,0,6.21916e-05,6.22035e-05,6.21722e-05,6.23298e-05,6.23073e-05,6.2219e-05,6.22839e-05,6.23455e-05,6.22506e-05,6.21257e-05,6.23063e-05,6.21859e-05,6.22297e-05,6.21894e-05,6.21919e-05,6.22134e-05,6.22746e-05,6.22247e-05,6.22608e-05,6.22485e-05,6.22794e-05,6.23174e-05,6.22167e-05,6.23151e-05,6.2221e-05,6.22247e-05,6.22787e-05,6.22943e-05,6.22163e-05,6.22666e-05,6.22178e-05,6.232e-05,6.22841e-05,6.23482e-05,6.22998e-05,6.22485e-05,6.23398e-05,6.21854e-05,6.22362e-05,6.22312e-05,6.23231e-05,6.2281e-05,6.23139e-05,6.22276e-05,6.22637e-05,6.22498e-05
0,0,0,6.22007e-05,6.21325e-05,6.22854e-05,6.22178e-05,6.21399e-05,6.22395e-05,6.23012e-05,6.22547e-05,6.2086e-05,6.2262e-05,6.21815e-05,6.21497e-05,6.21124e-05,6.21474e-05,6.2169e-05,6.22303e-05,6.21803e-05,6.22164e-05,6.22041e-05,6.2235e-05,6.2273e-05,6.21723e-05,6.22707e-05,6.21766e-05,6.21803e-05,6.22343e-05,6.22499e-05,6.21719e-05,6.22222e-05,6.21734e-05,6.22757e-05,6.22397e-05,6.23039e-05,6.22554e-05,6.22041e-05,6.22955e-05,6.2141e-05,6.21918e-05,6.21868e-05,6.22788e-05,6.22367e-05,6.22696e-05,6.21832e-05,6.22193e-05,6.22054e-05
0,0,0,0,6.21443e-05,6.22984e-05,6.22759e-05,6.21876e-05,6.22099e-05,6.23142e-05,6.22227e-05,6.20978e-05,6.2275e-05,6.21945e-05,6.21616e-05,6.2158e-05,6.21605e-05,6.2182e-05,6.22433e-05,6.21933e-05,6.22294e-05,6.22172e-05,6.2248e-05,6.2286e-05,6.21853e-05,6.22837e-05,6.21896e-05,6.21933e-05,6.22473e-05,6.2263e-05,6.21849e-05,6.22352e-05,6.21864e-05,6.22887e-05,6.22527e-05,6.23169e-05,6.22684e-05,6.22171e-05,6.23085e-05,6.2154e-05,6.22049e-05,6.21998e-05,6.22918e-05,6.22497e-05,6.22826e-05,6.21962e-05,6.22323e-05,6.22184e-05
0,0,0,0,0,6.22163e-05,6.21984e-05,6.21205e-05,6.22184e-05,6.22801e-05,6.22336e-05,6.20958e-05,6.22408e-05,6.21604e-05,6.21303e-05,6.20929e-05,6.21263e-05,6.21479e-05,6.22091e-05,6.21591e-05,6.21953e-05,6.2183e-05,6.22139e-05,6.22519e-05,6.21512e-05,6.22496e-05,6.21554e-05,6.21592e-05,6.22132e-05,6.22288e-05,6.21508e-05,6.22011e-05,6.21522e-05,6.22546e-05,6.22186e-05,6.22828e-05,6.22343e-05,6.2183e-05,6.22744e-05,6.21198e-05,6.21707e-05,6.21656e-05,6.22577e-05,6.22155e-05,6.22485e-05,6.21621e-05,6.21982e-05,6.21842e-05
0,0,0,0,0,0,6.23606e-05,6.22237e-05,6.23371e-05,6.23988e-05,6.23523e-05,6.21698e-05,6.23596e-05,6.223e-05,6.22831e-05,6.22427e-05,6.22453e-05,6.22668e-05,6.2328e-05,6.2278e-05,6.23141e-05,6.23019e-05,6.23327e-05,6.23707e-05,6.22701e-05,6.23684e-05,6.22743e-05,6.22781e-05,6.2332e-05,6.23476e-05,6.22697e-05,6.23199e-05,6.22712e-05,6.23733e-05,6.23374e-05,6.24014e-05,6.23531e-05,6.23018e-05,6.23931e-05,6.22388e-05,6.22896e-05,6.22845e-05,6.23764e-05,6.23343e-05,6.23672e-05,6.2281e-05,6.2317e-05,6.23031e-05
0,0,0,0,0,0,0,6.22058e-05,6.23147e-05,6.23763e-05,6.23298e-05,6.21519e-05,6.23371e-05,6.22567e-05,6.22606e-05,6.22202e-05,6.22227e-05,6.22443e-05,6.23055e-05,6.22555e-05,6.22916e-05,6.22794e-05,6.23102e-05,6.23482e-05,6.22476e-05,6.23459e-05,6.22518e-05,6.22556e-05,6.23095e-05,6.23251e-05,6.22472e-05,6.22974e-05,6.22487e-05,6.23508e-05,6.23149e-05,6.2379e-05,6.23306e-05,6.22794e-05,6.23706e-05,6.22163e-05,6.22671e-05,6.2262e-05,6.23539e-05,6.23119e-05,6.23447e-05,6.22585e-05,6.22945e-05,6.22806e-05
0,0,0,0,0,0,0,0,6.22264e-05,6.22881e-05,6.2199e-05,6.21039e-05,6.2205e-05,6.21343e-05,6.21722e-05,6.21318e-05,6.21344e-05,6.21559e-05,6.22172e-05,6.21672e-05,6.22034e-05,6.21911e-05,6.2222e-05,6.226e-05,6.21592e-05,6.22577e-05,6.21635e-05,6.21672e-05,6.22213e-05,6.22369e-05,6.21588e-05,6.22092e-05,6.21603e-05,6.22626e-05,6.22267e-05,6.22908e-05,6.22424e-05,6.2191e-05,6.22824e-05,6.21279e-05,6.21788e-05,6.21737e-05,6.22657e-05,6.22236e-05,6.22565e-05,6.21701e-05,6.22062e-05,6.21923e-05
0,0,0,0,0,0,0,0,0,6.22934e-05,6.23064e-05,6.21688e-05,6.23137e-05,6.22333e-05,6.21959e-05,6.21586e-05,6.21993e-05,6.22209e-05,6.22821e-05,6.22321e-05,6.22682e-05,6.2256e-05,6.22868e-05,6.23248e-05,6.22242e-05,6.23225e-05,6.22284e-05,6.22322e-05,6.22861e-05,6.23017e-05,6.22238e-05,6.2274e-05,6.22252e-05,6.23274e-05,6.22915e-05,6.23556e-05,6.23072e-05,6.22559e-05,6.23472e-05,6.21929e-05,6.22437e-05,6.22386e-05,6.23305e-05,6.22885e-05,6.23213e-05,6.22351e-05,6.22711e-05,6.22572e-05
0,0,0,0,0,0,0,0,0,0,6.23681e-05,6.21815e-05,6.23754e-05,6.2295e-05,6.22989e-05,6.22079e-05,6.22611e-05,6.22826e-05,6.23437e-05,6.22938e-05,6.23299e-05,6.23177e-05,6.23485e-05,6.23864e-05,6.22859e-05,6.23841e-05,6.22901e-05,6.22939e-05,6.23478e-05,6.23634e-05,6.22855e-05,6.23357e-05,6.2287e-05,6.23891e-05,6.23532e-05,6.24172e-05,6.23689e-05,6.23176e-05,6.24088e-05,6.22546e-05,6.23054e-05,6.23003e-05,6.23921e-05,6.23501e-05,6.2383e-05,6.22968e-05,6.23328e-05,6.23189e-05
0,0,0,0,0,0,0,0,0,0,0,6.2184e-05,6.23289e-05,6.22053e-05,6.22523e-05,6.21714e-05,6.22145e-05,6.2236e-05,6.22972e-05,6.22472e-05,6.22834e-05,6.22711e-05,6.23019e-05,6.23399e-05,6.22393e-05,6.23376e-05,6.22436e-05,6.22473e-05,6.23013e-05,6.23169e-05,6.22389e-05,6.22892e-05,6.22404e-05,6.23425e-05,6.23067e-05,6.23707e-05,6.23223e-05,6.22711e-05,6.23624e-05,6.2208e-05,6.22588e-05,6.22538e-05,6.23456e-05,6.23036e-05,6.23365e-05,6.22502e-05,6.22862e-05,6.22723e-05
0,0,0,0,0,0,0,0,0,0,0,0,6.21511e-05,6.21107e-05,6.20838e-05,6.20464e-05,6.20766e-05,6.20983e-05,6.21596e-05,6.21095e-05,6.21457e-05,6.21334e-05,6.21643e-05,6.22024e-05,6.21016e-05,6.22001e-05,6.21058e-05,6.21096e-05,6.21636e-05,6.21793e-05,6.21011e-05,6.21515e-05,6.21026e-05,6.2205e-05,6.21691e-05,6.22333e-05,6.21848e-05,6.21334e-05,6.22249e-05,6.20702e-05,6.21211e-05,6.2116e-05,6.22081e-05,6.2166e-05,6.21989e-05,6.21125e-05,6.21486e-05,6.21347e-05
0,0,0,0,0,0,0,0,0,0,0,0,0,6.22114e-05,6.22148e-05,6.22193e-05,6.22218e-05,6.22434e-05,6.23045e-05,6.22546e-05,6.22907e-05,6.22784e-05,6.23093e-05,6.23472e-05,6.22466e-05,6.23449e-05,6.22509e-05,6.22546e-05,6.23086e-05,6.23242e-05,6.22462e-05,6.22965e-05,6.22477e-05,6.23499e-05,6.2314e-05,6.2378e-05,6.23297e-05,6.22784e-05,6.23697e-05,6.22153e-05,6.22661e-05,6.22611e-05,6.23529e-05,6.23109e-05,6.23438e-05,6.22575e-05,6.22935e-05,6.22796e-05
0,0,0,0,0,0,0,0,0,0,0,0,0,0,6.21441e-05,6.21067e-05,6.21412e-05,6.21628e-05,6.22241e-05,6.21741e-05,6.22102e-05,6.21979e-05,6.22288e-05,6.22668e-05,6.21661e-05,6.22645e-05,6.21704e-05,6.21741e-05,6.22281e-05,6.22438e-05,6.21657e-05,6.2216e-05,6.21672e-05,6.22695e-05,6.22336e-05,6.22977e-05,6.22492e-05,6.21979e-05,6.22893e-05,6.21348e-05,6.21856e-05,6.21806e-05,6.22726e-05,6.22305e-05,6.22634e-05,6.2177e-05,6.22131e-05,6.21992e-05
0,0,0,0,0,0,0,0,0,0,0,0,0,0,0,6.21102e-05,6.2145e-05,6.21666e-05,6.22279e-05,6.21779e-05,6.2214e-05,6.22018e-05,6.22326e-05,6.22706e-05,6.21699e-05,6.22684e-05,6.21742e-05,6.21779e-05,6.22319e-05,6.22476e-05,6.21695e-05,6.22198e-05,6.2171e-05,6.22733e-05,6.22374e-05,6.23015e-05,6.22531e-05,6.22017e-05,6.22931e-05,6.21386e-05,6.21895e-05,6.21844e-05,6.22764e-05,6.22343e-05,6.22672e-05,6.21808e-05,6.22169e-05,6.2203e-05
0,0,0,0,0,0,0,0,0,0,0,0,0,0,0,0,6.21047e-05,6.21263e-05,6.21875e-05,6.21375e-05,6.21737e-05,6.21614e-05,6.21923e-05,6.22303e-05,6.21296e-05,6.2228e-05,6.21338e-05,6.21376e-05,6.21916e-05,6.22072e-05,6.21291e-05,6.21795e-05,6.21306e-05,6.2233e-05,6.2197e-05,6.22612e-05,6.22127e-05,6.21614e-05,6.22528e-05,6.20982e-05,6.21491e-05,6.2144e-05,6.22361e-05,6.21939e-05,6.22269e-05,6.21404e-05,6.21765e-05,6.21626e-05
0,0,0,0,0,0,0,0,0,0,0,0,0,0,0,0,0,6.21289e-05,6.21529e-05,6.2108e-05,6.21763e-05,6.21297e-05,6.21949e-05,6.21889e-05,6.21322e-05,6.22306e-05,6.21046e-05,6.21081e-05,6.21565e-05,6.22098e-05,6.21003e-05,6.21458e-05,6.21332e-05,6.22355e-05,6.21996e-05,6.22637e-05,6.22153e-05,6.21639e-05,6.22554e-05,6.21008e-05,6.21517e-05,6.21466e-05,6.22386e-05,6.21965e-05,6.22294e-05,6.2143e-05,6.21791e-05,6.21652e-05
0,0,0,0,0,0,0,0,0,0,0,0,0,0,0,0,0,0,6.22117e-05,6.21281e-05,6.21608e-05,6.21498e-05,6.22164e-05,6.22545e-05,6.21537e-05,6.22522e-05,6.2158e-05,6.21281e-05,6.22158e-05,6.22314e-05,6.21204e-05,6.21659e-05,6.21548e-05,6.22571e-05,6.22212e-05,6.22853e-05,6.22368e-05,6.21855e-05,6.22262e-05,6.21224e-05,6.21732e-05,6.21682e-05,6.22602e-05,6.22181e-05,6.2251e-05,6.21646e-05,6.22007e-05,6.21868e-05
0,0,0,0,0,0,0,0,0,0,0,0,0,0,0,0,0,0,0,6.21834e-05,6.22591e-05,6.22468e-05,6.22323e-05,6.23157e-05,6.2176e-05,6.23133e-05,6.22193e-05,6.2223e-05,6.22318e-05,6.22926e-05,6.21757e-05,6.22648e-05,6.2216e-05,6.23182e-05,6.22823e-05,6.23464e-05,6.2298e-05,6.22467e-05,6.2338e-05,6.21837e-05,6.22345e-05,6.22294e-05,6.23213e-05,6.22793e-05,6.23121e-05,6.22258e-05,6.22619e-05,6.2248e-05
0,0,0,0,0,0,0,0,0,0,0,0,0,0,0,0,0,0,0,0,6.21712e-05,6.21968e-05,6.22277e-05,6.22193e-05,6.21311e-05,6.22634e-05,6.21692e-05,6.21385e-05,6.2227e-05,6.22426e-05,6.21307e-05,6.22149e-05,6.2166e-05,6.22683e-05,6.22324e-05,6.22965e-05,6.22481e-05,6.21967e-05,6.22881e-05,6.21336e-05,6.21845e-05,6.21794e-05,6.22714e-05,6.22293e-05,6.22622e-05,6.21758e-05,6.22119e-05,6.2198e-05
0,0,0,0,0,0,0,0,0,0,0,0,0,0,0,0,0,0,0,0,0,6.2233e-05,6.22638e-05,6.22519e-05,6.21638e-05,6.22501e-05,6.21677e-05,6.22091e-05,6.22631e-05,6.22787e-05,6.22008e-05,6.2251e-05,6.22022e-05,6.23044e-05,6.22685e-05,6.23326e-05,6.22842e-05,6.22329e-05,6.23242e-05,6.21698e-05,6.22206e-05,6.22156e-05,6.23075e-05,6.22654e-05,6.22983e-05,6.2212e-05,6.22481e-05,6.22342e-05
0,0,0,0,0,0,0,0,0,0,0,0,0,0,0,0,0,0,0,0,0,0,6.22515e-05,6.22895e-05,6.21529e-05,6.22391e-05,6.21568e-05,6.21602e-05,6.22086e-05,6.22665e-05,6.21885e-05,6.22388e-05,6.21899e-05,6.22922e-05,6.22562e-05,6.23204e-05,6.22719e-05,6.22206e-05,6.2312e-05,6.21575e-05,6.22084e-05,6.22033e-05,6.22952e-05,6.22532e-05,6.22861e-05,6.21997e-05,6.22358e-05,6.22219e-05
0,0,0,0,0,0,0,0,0,0,0,0,0,0,0,0,0,0,0,0,0,0,0,6.22682e-05,6.22198e-05,6.23181e-05,6.21841e-05,6.22277e-05,6.22817e-05,6.22493e-05,6.21798e-05,6.22696e-05,6.22208e-05,6.2323e-05,6.22871e-05,6.23512e-05,6.23028e-05,6.22515e-05,6.23428e-05,6.21884e-05,6.22392e-05,6.22342e-05,6.23261e-05,6.2284e-05,6.23169e-05,6.22306e-05,6.22666e-05,6.22527e-05
0,0,0,0,0,0,0,0,0,0,0,0,0,0,0,0,0,0,0,0,0,0,0,0,6.22578e-05,6.2356e-05,6.2262e-05,6.22657e-05,6.23197e-05,6.23353e-05,6.22574e-05,6.23076e-05,6.22588e-05,6.23609e-05,6.23251e-05,6.23891e-05,6.23407e-05,6.22895e-05,6.23807e-05,6.22265e-05,6.22772e-05,6.22722e-05,6.2364e-05,6.2322e-05,6.23548e-05,6.22686e-05,6.23046e-05,6.22907e-05
0,0,0,0,0,0,0,0,0,0,0,0,0,0,0,0,0,0,0,0,0,0,0,0,0,6.22555e-05,6.21277e-05,6.21312e-05,6.21796e-05,6.2193e-05,6.21566e-05,6.22069e-05,6.21581e-05,6.22604e-05,6.22244e-05,6.22886e-05,6.22401e-05,6.21888e-05,6.22802e-05,6.21257e-05,6.21765e-05,6.21715e-05,6.22635e-05,6.22214e-05,6.22543e-05,6.21679e-05,6.2204e-05,6.21901e-05
0,0,0,0,0,0,0,0,0,0,0,0,0,0,0,0,0,0,0,0,0,0,0,0,0,0,6.22598e-05,6.22635e-05,6.23174e-05,6.2333e-05,6.22097e-05,6.22552e-05,6.22565e-05,6.23587e-05,6.23228e-05,6.23868e-05,6.23385e-05,6.22872e-05,6.23785e-05,6.22242e-05,6.22749e-05,6.22699e-05,6.23617e-05,6.23197e-05,6.23526e-05,6.22663e-05,6.23023e-05,6.22885e-05
0,0,0,0,0,0,0,0,0,0,0,0,0,0,0,0,0,0,0,0,0,0,0,0,0,0,0,6.21693e-05,6.22233e-05,6.21969e-05,6.21273e-05,6.21729e-05,6.21623e-05,6.22646e-05,6.22287e-05,6.22928e-05,6.22444e-05,6.21931e-05,6.22844e-05,6.21299e-05,6.21808e-05,6.21757e-05,6.22677e-05,6.22256e-05,6.22585e-05,6.21721e-05,6.22082e-05,6.21943e-05
0,0,0,0,0,0,0,0,0,0,0,0,0,0,0,0,0,0,0,0,0,0,0,0,0,0,0,0,6.21869e-05,6.22003e-05,6.21646e-05,6.21763e-05,6.21661e-05,6.22684e-05,6.22324e-05,6.22966e-05,6.22481e-05,6.21968e-05,6.22882e-05,6.21337e-05,6.21845e-05,6.21795e-05,6.22715e-05,6.22294e-05,6.22623e-05,6.21759e-05,6.2212e-05,6.21981e-05
0,0,0,0,0,0,0,0,0,0,0,0,0,0,0,0,0,0,0,0,0,0,0,0,0,0,0,0,0,6.22966e-05,6.21792e-05,6.22689e-05,6.22201e-05,6.23223e-05,6.22864e-05,6.23505e-05,6.23021e-05,6.22508e-05,6.23421e-05,6.21877e-05,6.22385e-05,6.22335e-05,6.23254e-05,6.22833e-05,6.23162e-05,6.22299e-05,6.22659e-05,6.2252e-05
0,0,0,0,0,0,0,0,0,0,0,0,0,0,0,0,0,0,0,0,0,0,0,0,0,0,0,0,0,0,6.22343e-05,6.22381e-05,6.22357e-05,6.23379e-05,6.2302e-05,6.23661e-05,6.23177e-05,6.22664e-05,6.23577e-05,6.22034e-05,6.22542e-05,6.22491e-05,6.2341e-05,6.22989e-05,6.23318e-05,6.22455e-05,6.22816e-05,6.22677e-05
0,0,0,0,0,0,0,0,0,0,0,0,0,0,0,0,0,0,0,0,0,0,0,0,0,0,0,0,0,0,0,6.22065e-05,6.21576e-05,6.226e-05,6.2224e-05,6.22882e-05,6.22397e-05,6.21884e-05,6.22798e-05,6.21252e-05,6.21761e-05,6.2171e-05,6.2263e-05,6.22209e-05,6.22539e-05,6.21675e-05,6.22036e-05,6.21896e-05
0,0,0,0,0,0,0,0,0,0,0,0,0,0,0,0,0,0,0,0,0,0,0,0,0,0,0,0,0,0,0,0,6.2208e-05,6.23102e-05,6.22743e-05,6.23384e-05,6.229e-05,6.22387e-05,6.233e-05,6.21756e-05,6.22264e-05,6.22214e-05,6.23133e-05,6.22712e-05,6.23041e-05,6.22178e-05,6.22538e-05,6.22399e-05
0,0,0,0,0,0,0,0,0,0,0,0,0,0,0,0,0,0,0,0,0,0,0,0,0,0,0,0,0,0,0,0,0,6.22615e-05,6.21853e-05,6.22362e-05,6.21986e-05,6.21899e-05,6.22813e-05,6.20956e-05,6.21776e-05,6.21381e-05,6.22646e-05,6.22225e-05,6.22102e-05,6.21348e-05,6.22051e-05,6.21912e-05
0,0,0,0,0,0,0,0,0,0,0,0,0,0,0,0,0,0,0,0,0,0,0,0,0,0,0,0,0,0,0,0,0,0,6.23277e-05,6.23918e-05,6.23434e-05,6.22431e-05,6.23834e-05,6.2185e-05,6.2232e-05,6.22749e-05,6.23667e-05,6.23247e-05,6.23575e-05,6.22713e-05,6.22566e-05,6.22934e-05
0,0,0,0,0,0,0,0,0,0,0,0,0,0,0,0,0,0,0,0,0,0,0,0,0,0,0,0,0,0,0,0,0,0,0,6.23559e-05,6.23075e-05,6.22562e-05,6.23476e-05,6.21932e-05,6.2244e-05,6.22389e-05,6.23308e-05,6.2242e-05,6.22696e-05,6.21943e-05,6.22714e-05,6.22144e-05
0,0,0,0,0,0,0,0,0,0,0,0,0,0,0,0,0,0,0,0,0,0,0,0,0,0,0,0,0,0,0,0,0,0,0,0,6.23716e-05,6.23203e-05,6.24115e-05,6.22061e-05,6.23081e-05,6.23031e-05,6.23948e-05,6.23528e-05,6.23857e-05,6.22452e-05,6.23355e-05,6.23216e-05
0,0,0,0,0,0,0,0,0,0,0,0,0,0,0,0,0,0,0,0,0,0,0,0,0,0,0,0,0,0,0,0,0,0,0,0,0,6.22265e-05,6.23632e-05,6.22089e-05,6.22154e-05,6.22109e-05,6.23465e-05,6.23045e-05,6.23373e-05,6.22076e-05,6.22871e-05,6.22732e-05
0,0,0,0,0,0,0,0,0,0,0,0,0,0,0,0,0,0,0,0,0,0,0,0,0,0,0,0,0,0,0,0,0,0,0,0,0,0,6.23119e-05,6.21237e-05,6.22084e-05,6.21661e-05,6.22952e-05,6.22532e-05,6.22381e-05,6.21997e-05,6.21954e-05,6.22219e-05
0,0,0,0,0,0,0,0,0,0,0,0,0,0,0,0,0,0,0,0,0,0,0,0,0,0,0,0,0,0,0,0,0,0,0,0,0,0,0,6.2249e-05,6.22997e-05,6.22947e-05,6.23865e-05,6.22869e-05,6.23773e-05,6.22392e-05,6.23271e-05,6.23132e-05
0,0,0,0,0,0,0,0,0,0,0,0,0,0,0,0,0,0,0,0,0,0,0,0,0,0,0,0,0,0,0,0,0,0,0,0,0,0,0,0,6.21453e-05,6.2108e-05,6.21874e-05,6.21525e-05,6.2223e-05,6.21366e-05,6.21727e-05,6.21248e-05
0,0,0,0,0,0,0,0,0,0,0,0,0,0,0,0,0,0,0,0,0,0,0,0,0,0,0,0,0,0,0,0,0,0,0,0,0,0,0,0,0,6.21911e-05,6.22344e-05,6.21995e-05,6.22738e-05,6.21875e-05,6.21843e-05,6.21719e-05
0,0,0,0,0,0,0,0,0,0,0,0,0,0,0,0,0,0,0,0,0,0,0,0,0,0,0,0,0,0,0,0,0,0,0,0,0,0,0,0,0,0,6.22298e-05,6.21949e-05,6.22687e-05,6.21824e-05,6.21796e-05,6.22046e-05
0,0,0,0,0,0,0,0,0,0,0,0,0,0,0,0,0,0,0,0,0,0,0,0,0,0,0,0,0,0,0,0,0,0,0,0,0,0,0,0,0,0,0,6.23278e-05,6.23606e-05,6.22743e-05,6.23104e-05,6.22466e-05
0,0,0,0,0,0,0,0,0,0,0,0,0,0,0,0,0,0,0,0,0,0,0,0,0,0,0,0,0,0,0,0,0,0,0,0,0,0,0,0,0,0,0,0,6.23186e-05,6.22323e-05,6.22683e-05,6.22544e-05
0,0,0,0,0,0,0,0,0,0,0,0,0,0,0,0,0,0,0,0,0,0,0,0,0,0,0,0,0,0,0,0,0,0,0,0,0,0,0,0,0,0,0,0,0,6.22652e-05,6.23012e-05,6.22393e-05
0,0,0,0,0,0,0,0,0,0,0,0,0,0,0,0,0,0,0,0,0,0,0,0,0,0,0,0,0,0,0,0,0,0,0,0,0,0,0,0,0,0,0,0,0,0,6.21763e-05,6.2201e-05
0,0,0,0,0,0,0,0,0,0,0,0,0,0,0,0,0,0,0,0,0,0,0,0,0,0,0,0,0,0,0,0,0,0,0,0,0,0,0,0,0,0,0,0,0,0,0,6.21965e-05
0,0,0,0,0,0,0,0,0,0,0,0,0,0,0,0,0,0,0,0,0,0,0,0,0,0,0,0,0,0,0,0,0,0,0,0,0,0,0,0,0,0,0,0,0,0,0,0
