# # np.logspace(-2, 2., num = num_time_points)
0,8.05635e-06,5.19341e-06,5.39689e-06,6.1694e-06,1.129e-05,7.61619e-06,6.44384e-06,6.82609e-06,1.35404e-05,9.37549e-06,5.59665e-06,7.39205e-06,6.32042e-06,6.78874e-06,4.58879e-06,5.36725e-06,4.76911e-06,7.75242e-06,6.09909e-06,7.39768e-06,6.86973e-06,8.13995e-06,1.05065e-05,5.81544e-06,1.0367e-05,5.91932e-06,6.08661e-06,7.90472e-06,8.83919e-06,5.96645e-06,7.61272e-06,5.92449e-06,1.06753e-05,8.35007e-06,1.32928e-05,9.22468e-06,6.80685e-06,1.28066e-05,5.36914e-06,6.46332e-06,6.25032e-06,1.09253e-05,8.25141e-06,1.02527e-05,6.23039e-06,7.34356e-06,6.84418e-06
0,0,6.19579e-06,6.79087e-06,6.0721e-06,1.29515e-05,1.11649e-05,8.00822e-06,9.54998e-06,1.39341e-05,8.04181e-06,5.88971e-06,1.08832e-05,6.20006e-06,8.22228e-06,7.59247e-06,7.06401e-06,7.3947e-06,9.00363e-06,7.54502e-06,8.57965e-06,8.14303e-06,9.3325e-06,1.14743e-05,7.40919e-06,1.13763e-05,7.49542e-06,7.53646e-06,9.14612e-06,9.96215e-06,7.42749e-06,8.75876e-06,7.47538e-06,1.16084e-05,9.51128e-06,1.40514e-05,1.02889e-05,8.19293e-06,1.33747e-05,7.04309e-06,7.90862e-06,7.73564e-06,1.18387e-05,9.44856e-06,1.1221e-05,7.73579e-06,8.64302e-06,8.22404e-06
0,0,0,6.87607e-06,5.04727e-06,1.17467e-05,8.05022e-06,4.80639e-06,8.47666e-06,1.31799e-05,9.40104e-06,4.38766e-06,1.00417e-05,6.18508e-06,4.88455e-06,4.46118e-06,5.1246e-06,5.69257e-06,7.57757e-06,5.76108e-06,7.05839e-06,6.5219e-06,7.9651e-06,1.03937e-05,5.59074e-06,1.02871e-05,5.70479e-06,5.74997e-06,7.74701e-06,8.69517e-06,5.60565e-06,7.27451e-06,5.67669e-06,1.05403e-05,8.17351e-06,1.31827e-05,9.06671e-06,6.59303e-06,1.24434e-05,5.09397e-06,6.23613e-06,6.01525e-06,1.07935e-05,8.10179e-06,1.01121e-05,6.0165e-06,7.14457e-06,6.63165e-06
0,0,0,0,5.03607e-06,1.18725e-05,1.02062e-05,6.3278e-06,6.93915e-06,1.36211e-05,7.38871e-06,4.61722e-06,1.02116e-05,6.67282e-06,5.38602e-06,6.1842e-06,5.64498e-06,6.18962e-06,7.93864e-06,6.22699e-06,7.44312e-06,6.93655e-06,8.30928e-06,1.06599e-05,6.07126e-06,1.05562e-05,6.17648e-06,6.21672e-06,8.10061e-06,9.01161e-06,6.08335e-06,7.64832e-06,6.15025e-06,1.08028e-05,8.50923e-06,1.33935e-05,9.37048e-06,7.00492e-06,1.26647e-05,5.61687e-06,6.67009e-06,6.46406e-06,1.10499e-05,8.44053e-06,1.03854e-05,6.46537e-06,7.52633e-06,7.04128e-06
0,0,0,0,0,8.88328e-06,7.5772e-06,4.76114e-06,8.16761e-06,1.27753e-05,9.24564e-06,4.89168e-06,9.3029e-06,5.96963e-06,4.6479e-06,3.82665e-06,4.59428e-06,5.07948e-06,7.22997e-06,5.30464e-06,6.69526e-06,6.12564e-06,7.63563e-06,1.01423e-05,5.10913e-06,1.00312e-05,5.23337e-06,5.29244e-06,7.40661e-06,8.3935e-06,5.13609e-06,6.92335e-06,5.20471e-06,1.02938e-05,7.85317e-06,1.29865e-05,8.77895e-06,6.19127e-06,1.22525e-05,4.56211e-06,5.80982e-06,5.57206e-06,1.05529e-05,7.777e-06,9.85488e-06,5.57222e-06,6.77565e-06,6.23238e-06
0,0,0,0,0,0,1.43319e-05,9.1206e-06,1.25459e-05,1.64211e-05,1.36549e-05,8.81559e-06,1.43403e-05,8.89449e-06,1.17668e-05,1.13254e-05,1.09485e-05,1.11836e-05,1.22895e-05,1.12639e-05,1.19813e-05,1.16727e-05,1.25324e-05,1.41996e-05,1.11743e-05,1.41207e-05,1.12317e-05,1.12582e-05,1.23944e-05,1.30082e-05,1.11854e-05,1.21101e-05,1.12181e-05,1.43081e-05,1.26661e-05,1.63526e-05,1.326e-05,1.17085e-05,1.57731e-05,1.09348e-05,1.15114e-05,1.13932e-05,1.44956e-05,1.26192e-05,1.39956e-05,1.13934e-05,1.20278e-05,1.17303e-05
0,0,0,0,0,0,0,7.67563e-06,1.11484e-05,1.50816e-05,1.17458e-05,7.38803e-06,1.27155e-05,9.39701e-06,9.7758e-06,9.46004e-06,9.01294e-06,9.46508e-06,1.06007e-05,9.3819e-06,1.02282e-05,9.86591e-06,1.08808e-05,1.27669e-05,9.28568e-06,1.26812e-05,9.35497e-06,9.37516e-06,1.07229e-05,1.14265e-05,9.28658e-06,1.03783e-05,9.33644e-06,1.28858e-05,1.1034e-05,1.51238e-05,1.17111e-05,9.92032e-06,1.44755e-05,8.99403e-06,9.68676e-06,9.54606e-06,1.30937e-05,1.09819e-05,1.25379e-05,9.54767e-06,1.02951e-05,9.94604e-06
0,0,0,0,0,0,0,0,7.86837e-06,1.2743e-05,7.11029e-06,4.97676e-06,7.46786e-06,5.19921e-06,6.05272e-06,5.10417e-06,4.84692e-06,5.30513e-06,7.39309e-06,5.52503e-06,6.87122e-06,6.31748e-06,7.79027e-06,1.02592e-05,5.33746e-06,1.01494e-05,5.4565e-06,5.51332e-06,7.56592e-06,8.53441e-06,5.36342e-06,7.09366e-06,5.42903e-06,1.0409e-05,8.0036e-06,1.30781e-05,8.91378e-06,6.381e-06,1.23496e-05,4.81646e-06,6.0116e-06,5.78215e-06,1.06653e-05,7.92887e-06,9.97517e-06,5.78229e-06,6.94944e-06,6.4209e-06
0,0,0,0,0,0,0,0,0,1.01722e-05,1.09275e-05,7.92747e-06,1.1406e-05,8.27684e-06,6.63837e-06,6.80389e-06,7.57876e-06,8.04256e-06,9.41207e-06,8.0183e-06,8.99473e-06,8.58037e-06,9.7266e-06,1.17984e-05,7.90129e-06,1.17051e-05,7.9825e-06,8.01036e-06,9.54928e-06,1.03333e-05,7.90693e-06,9.16519e-06,7.96157e-06,1.19273e-05,9.89785e-06,1.43159e-05,1.06474e-05,8.63887e-06,1.36335e-05,7.55713e-06,8.36964e-06,8.20639e-06,1.21516e-05,9.83924e-06,1.15506e-05,8.20781e-06,9.06678e-06,8.66838e-06
0,0,0,0,0,0,0,0,0,0,1.47743e-05,1.03353e-05,1.50323e-05,1.29783e-05,1.35613e-05,1.05264e-05,1.25815e-05,1.27472e-05,1.37645e-05,1.28589e-05,1.34922e-05,1.32188e-05,1.39819e-05,1.54937e-05,1.27785e-05,1.54212e-05,1.28287e-05,1.28538e-05,1.38581e-05,1.44097e-05,1.27903e-05,1.36068e-05,1.28172e-05,1.55934e-05,1.41019e-05,1.74883e-05,1.46377e-05,1.32485e-05,1.69507e-05,1.257e-05,1.30746e-05,1.29707e-05,1.57656e-05,1.40596e-05,1.53072e-05,1.29707e-05,1.35315e-05,1.32678e-05
0,0,0,0,0,0,0,0,0,0,0,8.56976e-06,1.20065e-05,7.56713e-06,9.27404e-06,6.97497e-06,8.46399e-06,8.73755e-06,1.01393e-05,8.86961e-06,9.76492e-06,9.38361e-06,1.04324e-05,1.23855e-05,8.75415e-06,1.22947e-05,8.82724e-06,8.86233e-06,1.0266e-05,1.09993e-05,8.76986e-06,9.92266e-06,8.81027e-06,1.25098e-05,1.05926e-05,1.48048e-05,1.12961e-05,9.42675e-06,1.41643e-05,8.44658e-06,9.18073e-06,9.03215e-06,1.27238e-05,1.05363e-05,1.21512e-05,9.03225e-06,9.82045e-06,9.4538e-06
0,0,0,0,0,0,0,0,0,0,0,0,7.39734e-06,5.24204e-06,4.30498e-06,3.33604e-06,3.74616e-06,4.32695e-06,6.72297e-06,4.58975e-06,6.14452e-06,5.51827e-06,7.15744e-06,9.78732e-06,4.36225e-06,9.67207e-06,4.50713e-06,4.57565e-06,6.91257e-06,7.96094e-06,4.39385e-06,6.39232e-06,4.47382e-06,9.94428e-06,7.38907e-06,1.27113e-05,8.36637e-06,5.59088e-06,1.1961e-05,3.70663e-06,5.16528e-06,4.89632e-06,1.02122e-05,7.30804e-06,9.48919e-06,4.89649e-06,6.23181e-06,5.63637e-06
0,0,0,0,0,0,0,0,0,0,0,0,0,7.71908e-06,7.6489e-06,9.42251e-06,8.99269e-06,9.45783e-06,1.05834e-05,9.36186e-06,1.02096e-05,9.84672e-06,1.08639e-05,1.27526e-05,9.26602e-06,1.26669e-05,9.33547e-06,9.35511e-06,1.07059e-05,1.14106e-05,9.26631e-06,1.036e-05,9.3168e-06,1.28716e-05,1.10174e-05,1.51116e-05,1.16954e-05,9.90185e-06,1.44618e-05,8.97365e-06,9.66784e-06,9.52686e-06,1.30797e-05,1.09653e-05,1.25233e-05,9.52852e-06,1.02773e-05,9.92761e-06
0,0,0,0,0,0,0,0,0,0,0,0,0,0,4.91615e-06,4.31719e-06,5.03055e-06,5.48931e-06,7.51472e-06,5.686e-06,7.00096e-06,6.45848e-06,7.90576e-06,1.03473e-05,5.50474e-06,1.02385e-05,5.62026e-06,5.67464e-06,7.68487e-06,8.64003e-06,5.52906e-06,7.21935e-06,5.59346e-06,1.04957e-05,8.11603e-06,1.31472e-05,9.01487e-06,6.52148e-06,1.24212e-05,5.00107e-06,6.1605e-06,5.93681e-06,1.07499e-05,8.04244e-06,1.00656e-05,5.93702e-06,7.07865e-06,6.56052e-06
0,0,0,0,0,0,0,0,0,0,0,0,0,0,0,4.55783e-06,5.07436e-06,5.50073e-06,7.54419e-06,5.72632e-06,7.03436e-06,6.49446e-06,7.93383e-06,1.03686e-05,5.54482e-06,1.02598e-05,5.65949e-06,5.71502e-06,7.71359e-06,8.66561e-06,5.57059e-06,7.25184e-06,5.63313e-06,1.05169e-05,8.14343e-06,1.31641e-05,9.03954e-06,6.55553e-06,1.24418e-05,5.0454e-06,6.19655e-06,5.9742e-06,1.07706e-05,8.06991e-06,1.00877e-05,5.97427e-06,7.11003e-06,6.59437e-06
0,0,0,0,0,0,0,0,0,0,0,0,0,0,0,0,4.11238e-06,4.76423e-06,6.93343e-06,4.88519e-06,6.36423e-06,5.76334e-06,7.35507e-06,9.93384e-06,4.6805e-06,9.82196e-06,4.81608e-06,4.87205e-06,7.11808e-06,8.13989e-06,4.70114e-06,6.60317e-06,4.78327e-06,1.00873e-05,7.58033e-06,1.28234e-05,8.53582e-06,5.84147e-06,1.20642e-05,4.07475e-06,5.43547e-06,5.18057e-06,1.03515e-05,7.50268e-06,9.63897e-06,5.18172e-06,6.45754e-06,5.88503e-06
0,0,0,0,0,0,0,0,0,0,0,0,0,0,0,0,0,5.05783e-06,5.99005e-06,4.47339e-06,6.67555e-06,5.01316e-06,7.94615e-06,8.18907e-06,5.14127e-06,1.02833e-05,4.20716e-06,4.39326e-06,6.33887e-06,8.43464e-06,4.2166e-06,5.60665e-06,4.80557e-06,1.0098e-05,7.59412e-06,1.28315e-05,8.54823e-06,5.85983e-06,1.20303e-05,4.10087e-06,5.45502e-06,5.20109e-06,1.03619e-05,7.5205e-06,9.65011e-06,5.20517e-06,6.47401e-06,5.90326e-06
0,0,0,0,0,0,0,0,0,0,0,0,0,0,0,0,0,0,7.43608e-06,4.69246e-06,5.49091e-06,5.00732e-06,7.71619e-06,1.05315e-05,5.52069e-06,1.09424e-05,5.73486e-06,4.70763e-06,7.80091e-06,8.70652e-06,4.27975e-06,5.66124e-06,5.28984e-06,1.03469e-05,7.85695e-06,1.29893e-05,8.81265e-06,6.27545e-06,9.65079e-06,4.64981e-06,5.86877e-06,5.63696e-06,1.06049e-05,8.23205e-06,9.9102e-06,5.95423e-06,6.82883e-06,6.31823e-06
0,0,0,0,0,0,0,0,0,0,0,0,0,0,0,0,0,0,0,6.19421e-06,8.65107e-06,8.39922e-06,7.11746e-06,1.21206e-05,6.09808e-06,1.14038e-05,7.82452e-06,7.87792e-06,7.30652e-06,1.02752e-05,6.49597e-06,8.64787e-06,7.366e-06,1.15383e-05,9.4254e-06,1.39934e-05,1.02097e-05,8.09331e-06,1.32916e-05,6.92687e-06,7.80527e-06,7.62996e-06,1.177e-05,9.36423e-06,1.11485e-05,7.63174e-06,8.54856e-06,8.12481e-06
0,0,0,0,0,0,0,0,0,0,0,0,0,0,0,0,0,0,0,0,6.03401e-06,6.62435e-06,8.37245e-06,8.42768e-06,4.68701e-06,1.04606e-05,5.74795e-06,4.69623e-06,8.20346e-06,8.72704e-06,4.62534e-06,7.36234e-06,5.48768e-06,1.04393e-05,8.04559e-06,1.31037e-05,8.95028e-06,6.43042e-06,1.25561e-05,4.8828e-06,6.06528e-06,5.8378e-06,1.06949e-05,7.94898e-06,1.00068e-05,5.82155e-06,6.99583e-06,6.46993e-06
0,0,0,0,0,0,0,0,0,0,0,0,0,0,0,0,0,0,0,0,0,8.24593e-06,9.27222e-06,8.51904e-06,5.6589e-06,8.17884e-06,5.51008e-06,7.10792e-06,8.61307e-06,9.72434e-06,7.32636e-06,8.81558e-06,6.84076e-06,1.12097e-05,9.02365e-06,1.37258e-05,9.83832e-06,7.61758e-06,1.32855e-05,6.36597e-06,7.31252e-06,7.12494e-06,1.1448e-05,8.92797e-06,1.0808e-05,7.10305e-06,8.10096e-06,7.65093e-06
0,0,0,0,0,0,0,0,0,0,0,0,0,0,0,0,0,0,0,0,0,0,8.4235e-06,1.07652e-05,5.31632e-06,8.00535e-06,5.14905e-06,5.51815e-06,6.7326e-06,9.47109e-06,6.87897e-06,8.56669e-06,6.2845e-06,1.08792e-05,8.60938e-06,1.34571e-05,9.45995e-06,7.12234e-06,1.29911e-05,5.764e-06,6.7949e-06,6.59262e-06,1.11246e-05,8.51185e-06,1.04648e-05,6.5718e-06,7.637e-06,7.15802e-06
0,0,0,0,0,0,0,0,0,0,0,0,0,0,0,0,0,0,0,0,0,0,0,8.49814e-06,8.1536e-06,1.16786e-05,6.54426e-06,7.90344e-06,9.72383e-06,7.80432e-06,6.50182e-06,9.3907e-06,7.76452e-06,1.17967e-05,9.74012e-06,1.42073e-05,1.05009e-05,8.4576e-06,1.35312e-05,7.34926e-06,8.18245e-06,8.01539e-06,1.20234e-05,9.67966e-06,1.14157e-05,8.01613e-06,8.89427e-06,8.48774e-06
0,0,0,0,0,0,0,0,0,0,0,0,0,0,0,0,0,0,0,0,0,0,0,0,1.04531e-05,1.36808e-05,1.08481e-05,1.05257e-05,1.15594e-05,1.24874e-05,1.06617e-05,1.12453e-05,1.02398e-05,1.35547e-05,1.18081e-05,1.56975e-05,1.24432e-05,1.07749e-05,1.50547e-05,9.92856e-06,1.05601e-05,1.04312e-05,1.37524e-05,1.17612e-05,1.32244e-05,1.04342e-05,1.11208e-05,1.07986e-05
0,0,0,0,0,0,0,0,0,0,0,0,0,0,0,0,0,0,0,0,0,0,0,0,0,1.04022e-05,4.68412e-06,4.84329e-06,6.41268e-06,6.9834e-06,5.52118e-06,7.28939e-06,5.29993e-06,1.03424e-05,7.91625e-06,1.30248e-05,8.83563e-06,6.27163e-06,1.22433e-05,4.67041e-06,5.89517e-06,5.66102e-06,1.06002e-05,7.84518e-06,9.90557e-06,5.66458e-06,6.84899e-06,6.31222e-06
0,0,0,0,0,0,0,0,0,0,0,0,0,0,0,0,0,0,0,0,0,0,0,0,0,0,1.09893e-05,1.05008e-05,1.18608e-05,1.23136e-05,7.91751e-06,8.21181e-06,1.01299e-05,1.34719e-05,1.17126e-05,1.56259e-05,1.23528e-05,1.06706e-05,1.49255e-05,9.81513e-06,1.04535e-05,1.03233e-05,1.36709e-05,1.167e-05,1.31396e-05,1.033e-05,1.10197e-05,1.06945e-05
0,0,0,0,0,0,0,0,0,0,0,0,0,0,0,0,0,0,0,0,0,0,0,0,0,0,0,5.96164e-06,7.96023e-06,7.34922e-06,4.46652e-06,5.88508e-06,5.41982e-06,1.04043e-05,7.99697e-06,1.3074e-05,8.90805e-06,6.37328e-06,1.22865e-05,4.80602e-06,6.00317e-06,5.7734e-06,1.06607e-05,7.92733e-06,9.97024e-06,5.77748e-06,6.94217e-06,6.41324e-06
0,0,0,0,0,0,0,0,0,0,0,0,0,0,0,0,0,0,0,0,0,0,0,0,0,0,0,0,6.36342e-06,7.10302e-06,5.6657e-06,6.09958e-06,5.4759e-06,1.04331e-05,8.03755e-06,1.30988e-05,8.94306e-06,6.42038e-06,1.25477e-05,4.86956e-06,6.05462e-06,5.82673e-06,1.06888e-05,7.94112e-06,1.00003e-05,5.81067e-06,6.98659e-06,6.45996e-06
0,0,0,0,0,0,0,0,0,0,0,0,0,0,0,0,0,0,0,0,0,0,0,0,0,0,0,0,0,1.02648e-05,6.19197e-06,8.94713e-06,7.53953e-06,1.16499e-05,9.56149e-06,1.40855e-05,1.03356e-05,8.2516e-06,1.33666e-05,7.11109e-06,7.96919e-06,7.79757e-06,1.18794e-05,9.5031e-06,1.12639e-05,7.80081e-06,8.6985e-06,8.2825e-06
0,0,0,0,0,0,0,0,0,0,0,0,0,0,0,0,0,0,0,0,0,0,0,0,0,0,0,0,0,0,8.698e-06,7.68238e-06,8.511e-06,1.23009e-05,1.03449e-05,1.46286e-05,1.10642e-05,9.14775e-06,1.39464e-05,8.13391e-06,8.89387e-06,8.74043e-06,1.25185e-05,1.02903e-05,1.1936e-05,8.74293e-06,9.55284e-06,9.17563e-06
0,0,0,0,0,0,0,0,0,0,0,0,0,0,0,0,0,0,0,0,0,0,0,0,0,0,0,0,0,0,0,7.56287e-06,5.32489e-06,1.03547e-05,7.93559e-06,1.30365e-05,8.85146e-06,6.29203e-06,1.25145e-05,4.6991e-06,5.91843e-06,5.68507e-06,1.06122e-05,7.83566e-06,9.91841e-06,5.66711e-06,6.8689e-06,6.33241e-06
0,0,0,0,0,0,0,0,0,0,0,0,0,0,0,0,0,0,0,0,0,0,0,0,0,0,0,0,0,0,0,0,7.06409e-06,1.13473e-05,9.19421e-06,1.38385e-05,9.99491e-06,7.8187e-06,1.34109e-05,6.6054e-06,7.52189e-06,7.33966e-06,1.15828e-05,9.09899e-06,1.09507e-05,7.31712e-06,8.29042e-06,7.8512e-06
0,0,0,0,0,0,0,0,0,0,0,0,0,0,0,0,0,0,0,0,0,0,0,0,0,0,0,0,0,0,0,0,0,1.04104e-05,6.78085e-06,1.05053e-05,7.356e-06,6.93562e-06,1.24246e-05,4.24886e-06,6.05902e-06,4.88769e-06,1.08873e-05,8.29406e-06,8.11163e-06,5.36403e-06,7.02218e-06,6.80928e-06
0,0,0,0,0,0,0,0,0,0,0,0,0,0,0,0,0,0,0,0,0,0,0,0,0,0,0,0,0,0,0,0,0,0,1.17983e-05,1.60677e-05,1.30977e-05,8.7368e-06,1.51191e-05,8.34697e-06,8.46656e-06,1.10577e-05,1.4339e-05,1.23205e-05,1.36175e-05,1.07565e-05,8.90972e-06,1.15275e-05
0,0,0,0,0,0,0,0,0,0,0,0,0,0,0,0,0,0,0,0,0,0,0,0,0,0,0,0,0,0,0,0,0,0,0,1.48791e-05,1.09901e-05,8.86953e-06,1.44503e-05,7.93737e-06,8.75103e-06,8.48667e-06,1.23443e-05,7.3806e-06,9.02653e-06,6.58802e-06,9.40661e-06,7.0544e-06
0,0,0,0,0,0,0,0,0,0,0,0,0,0,0,0,0,0,0,0,0,0,0,0,0,0,0,0,0,0,0,0,0,0,0,0,1.54809e-05,1.35505e-05,1.75642e-05,1.04774e-05,1.31816e-05,1.35197e-05,1.62318e-05,1.44095e-05,1.57666e-05,1.02894e-05,1.39955e-05,1.36084e-05
0,0,0,0,0,0,0,0,0,0,0,0,0,0,0,0,0,0,0,0,0,0,0,0,0,0,0,0,0,0,0,0,0,0,0,0,0,7.42656e-06,1.44959e-05,8.79874e-06,7.14757e-06,7.44601e-06,1.33481e-05,1.09801e-05,1.2718e-05,7.27074e-06,1.06952e-05,9.53743e-06
0,0,0,0,0,0,0,0,0,0,0,0,0,0,0,0,0,0,0,0,0,0,0,0,0,0,0,0,0,0,0,0,0,0,0,0,0,0,1.27077e-05,5.09723e-06,7.40998e-06,5.7887e-06,1.13785e-05,8.76672e-06,7.98868e-06,6.95332e-06,6.44041e-06,7.6745e-06
0,0,0,0,0,0,0,0,0,0,0,0,0,0,0,0,0,0,0,0,0,0,0,0,0,0,0,0,0,0,0,0,0,0,0,0,0,0,0,1.23454e-05,1.29511e-05,1.2805e-05,1.52942e-05,9.74359e-06,1.48242e-05,9.61145e-06,1.33262e-05,1.2689e-05
0,0,0,0,0,0,0,0,0,0,0,0,0,0,0,0,0,0,0,0,0,0,0,0,0,0,0,0,0,0,0,0,0,0,0,0,0,0,0,0,6.00581e-06,4.79677e-06,8.75683e-06,6.26079e-06,1.00499e-05,5.38787e-06,6.92881e-06,5.00198e-06
0,0,0,0,0,0,0,0,0,0,0,0,0,0,0,0,0,0,0,0,0,0,0,0,0,0,0,0,0,0,0,0,0,0,0,0,0,0,0,0,0,7.01991e-06,8.59772e-06,6.4787e-06,1.03618e-05,6.59665e-06,6.25246e-06,5.94701e-06
0,0,0,0,0,0,0,0,0,0,0,0,0,0,0,0,0,0,0,0,0,0,0,0,0,0,0,0,0,0,0,0,0,0,0,0,0,0,0,0,0,0,8.46675e-06,6.51738e-06,1.04144e-05,6.43561e-06,5.77042e-06,7.10318e-06
0,0,0,0,0,0,0,0,0,0,0,0,0,0,0,0,0,0,0,0,0,0,0,0,0,0,0,0,0,0,0,0,0,0,0,0,0,0,0,0,0,0,0,1.2829e-05,1.38114e-05,1.06885e-05,1.21954e-05,8.89148e-06
0,0,0,0,0,0,0,0,0,0,0,0,0,0,0,0,0,0,0,0,0,0,0,0,0,0,0,0,0,0,0,0,0,0,0,0,0,0,0,0,0,0,0,0,1.179e-05,8.71459e-06,9.26748e-06,9.09409e-06
0,0,0,0,0,0,0,0,0,0,0,0,0,0,0,0,0,0,0,0,0,0,0,0,0,0,0,0,0,0,0,0,0,0,0,0,0,0,0,0,0,0,0,0,0,1.04927e-05,1.1296e-05,8.34404e-06
0,0,0,0,0,0,0,0,0,0,0,0,0,0,0,0,0,0,0,0,0,0,0,0,0,0,0,0,0,0,0,0,0,0,0,0,0,0,0,0,0,0,0,0,0,0,5.70855e-06,6.99762e-06
0,0,0,0,0,0,0,0,0,0,0,0,0,0,0,0,0,0,0,0,0,0,0,0,0,0,0,0,0,0,0,0,0,0,0,0,0,0,0,0,0,0,0,0,0,0,0,6.12462e-06
0,0,0,0,0,0,0,0,0,0,0,0,0,0,0,0,0,0,0,0,0,0,0,0,0,0,0,0,0,0,0,0,0,0,0,0,0,0,0,0,0,0,0,0,0,0,0,0
