# # np.logspace(-2, 2., num = num_time_points)
0,6.07525e-05,6.04103e-05,6.04601e-05,6.04749e-05,6.09805e-05,6.06901e-05,6.05089e-05,6.06061e-05,6.10492e-05,6.0849e-05,6.02666e-05,6.06864e-05,6.05376e-05,6.05545e-05,6.02436e-05,6.03936e-05,6.03376e-05,6.07445e-05,6.05323e-05,6.06857e-05,6.06336e-05,6.07647e-05,6.09274e-05,6.04985e-05,6.09175e-05,6.05165e-05,6.05326e-05,6.07617e-05,6.08285e-05,6.0497e-05,6.07104e-05,6.05031e-05,6.09387e-05,6.07849e-05,6.106e-05,6.0852e-05,6.06332e-05,6.10242e-05,6.03666e-05,6.05812e-05,6.05597e-05,6.0952e-05,6.07718e-05,6.09125e-05,6.05446e-05,6.06977e-05,6.06385e-05
0,0,6.05619e-05,6.06122e-05,6.04802e-05,6.11506e-05,6.10542e-05,6.06796e-05,6.09538e-05,6.12178e-05,6.0812e-05,6.02857e-05,6.10498e-05,6.0538e-05,6.07248e-05,6.0555e-05,6.05645e-05,6.06552e-05,6.09144e-05,6.07026e-05,6.08556e-05,6.08035e-05,6.09345e-05,6.10967e-05,6.06691e-05,6.1087e-05,6.0687e-05,6.07028e-05,6.09316e-05,6.09982e-05,6.06673e-05,6.08801e-05,6.06736e-05,6.1108e-05,6.09547e-05,6.1229e-05,6.10216e-05,6.08034e-05,6.1193e-05,6.05375e-05,6.07515e-05,6.07301e-05,6.11213e-05,6.09416e-05,6.10819e-05,6.0715e-05,6.08677e-05,6.08087e-05
0,0,0,6.06013e-05,6.03122e-05,6.09631e-05,6.06743e-05,6.0343e-05,6.07662e-05,6.10308e-05,6.0831e-05,6.01167e-05,6.08626e-05,6.05196e-05,6.03845e-05,6.02271e-05,6.03752e-05,6.04665e-05,6.07262e-05,6.05137e-05,6.06672e-05,6.0615e-05,6.07464e-05,6.09091e-05,6.04802e-05,6.08993e-05,6.04981e-05,6.0514e-05,6.07434e-05,6.08102e-05,6.04784e-05,6.06918e-05,6.04847e-05,6.09204e-05,6.07666e-05,6.10418e-05,6.08337e-05,6.06149e-05,6.10057e-05,6.03481e-05,6.05628e-05,6.05414e-05,6.09337e-05,6.07535e-05,6.08942e-05,6.05262e-05,6.06793e-05,6.06202e-05
0,0,0,0,6.03617e-05,6.10176e-05,6.09213e-05,6.05454e-05,6.06393e-05,6.10857e-05,6.0694e-05,6.01666e-05,6.09172e-05,6.05748e-05,6.04346e-05,6.04212e-05,6.04306e-05,6.05217e-05,6.07812e-05,6.0569e-05,6.07223e-05,6.06701e-05,6.08014e-05,6.0964e-05,6.05354e-05,6.09542e-05,6.05534e-05,6.05692e-05,6.07985e-05,6.08652e-05,6.05336e-05,6.07469e-05,6.05399e-05,6.09753e-05,6.08216e-05,6.10966e-05,6.08886e-05,6.067e-05,6.10605e-05,6.04035e-05,6.0618e-05,6.05966e-05,6.09886e-05,6.08085e-05,6.09491e-05,6.05814e-05,6.07344e-05,6.06753e-05
0,0,0,0,0,6.06687e-05,6.05922e-05,6.02612e-05,6.06771e-05,6.09419e-05,6.07423e-05,6.01587e-05,6.07731e-05,6.04305e-05,6.03025e-05,6.01444e-05,6.02856e-05,6.03767e-05,6.06371e-05,6.04243e-05,6.0578e-05,6.05257e-05,6.06573e-05,6.08203e-05,6.03907e-05,6.08105e-05,6.04087e-05,6.04246e-05,6.06544e-05,6.07213e-05,6.03889e-05,6.06027e-05,6.03952e-05,6.08316e-05,6.06776e-05,6.09532e-05,6.07448e-05,6.05256e-05,6.0917e-05,6.02585e-05,6.04735e-05,6.0452e-05,6.08449e-05,6.06644e-05,6.08054e-05,6.04368e-05,6.05902e-05,6.05309e-05
0,0,0,0,0,0,6.12817e-05,6.07002e-05,6.11812e-05,6.14446e-05,6.12462e-05,6.04747e-05,6.12777e-05,6.07263e-05,6.09531e-05,6.07838e-05,6.07937e-05,6.08841e-05,6.11422e-05,6.09312e-05,6.10836e-05,6.10318e-05,6.11623e-05,6.13239e-05,6.08979e-05,6.13142e-05,6.09158e-05,6.09315e-05,6.11594e-05,6.12257e-05,6.08961e-05,6.11081e-05,6.09024e-05,6.13352e-05,6.11824e-05,6.14557e-05,6.1249e-05,6.10317e-05,6.14198e-05,6.07668e-05,6.098e-05,6.09587e-05,6.13484e-05,6.11694e-05,6.13092e-05,6.09436e-05,6.10957e-05,6.1037e-05
0,0,0,0,0,0,0,6.06234e-05,6.10853e-05,6.13487e-05,6.11497e-05,6.03978e-05,6.11815e-05,6.08398e-05,6.08564e-05,6.06871e-05,6.06968e-05,6.07876e-05,6.10459e-05,6.08346e-05,6.09872e-05,6.09353e-05,6.10661e-05,6.12279e-05,6.08012e-05,6.12181e-05,6.08191e-05,6.08348e-05,6.10631e-05,6.11295e-05,6.07994e-05,6.10118e-05,6.08057e-05,6.12392e-05,6.10862e-05,6.13599e-05,6.11529e-05,6.09352e-05,6.1324e-05,6.06699e-05,6.08834e-05,6.08621e-05,6.12524e-05,6.10731e-05,6.12131e-05,6.0847e-05,6.09993e-05,6.09405e-05
0,0,0,0,0,0,0,0,6.07104e-05,6.09754e-05,6.05938e-05,6.01925e-05,6.06198e-05,6.03195e-05,6.04805e-05,6.03099e-05,6.03198e-05,6.04109e-05,6.06711e-05,6.04584e-05,6.0612e-05,6.05598e-05,6.06913e-05,6.08542e-05,6.04248e-05,6.08443e-05,6.04428e-05,6.04587e-05,6.06884e-05,6.07552e-05,6.04231e-05,6.06367e-05,6.04294e-05,6.08655e-05,6.07115e-05,6.0987e-05,6.07787e-05,6.05596e-05,6.09508e-05,6.02927e-05,6.05076e-05,6.04861e-05,6.08788e-05,6.06984e-05,6.08393e-05,6.04709e-05,6.06242e-05,6.0565e-05
0,0,0,0,0,0,0,0,0,6.09943e-05,6.10503e-05,6.04697e-05,6.10815e-05,6.07398e-05,6.05803e-05,6.04238e-05,6.05964e-05,6.06873e-05,6.0946e-05,6.07344e-05,6.08873e-05,6.08353e-05,6.09662e-05,6.11283e-05,6.07009e-05,6.11185e-05,6.07188e-05,6.07346e-05,6.09632e-05,6.10298e-05,6.06991e-05,6.09118e-05,6.07054e-05,6.11396e-05,6.09863e-05,6.12606e-05,6.10532e-05,6.08351e-05,6.12245e-05,6.05694e-05,6.07833e-05,6.07619e-05,6.11528e-05,6.09732e-05,6.11135e-05,6.07468e-05,6.08994e-05,6.08405e-05
0,0,0,0,0,0,0,0,0,0,6.13136e-05,6.05253e-05,6.13446e-05,6.10045e-05,6.10212e-05,6.06353e-05,6.08619e-05,6.09522e-05,6.121e-05,6.09993e-05,6.11515e-05,6.10998e-05,6.12301e-05,6.13916e-05,6.0966e-05,6.13818e-05,6.09838e-05,6.09995e-05,6.12272e-05,6.12934e-05,6.09642e-05,6.1176e-05,6.09705e-05,6.14028e-05,6.12502e-05,6.15232e-05,6.13167e-05,6.10996e-05,6.14874e-05,6.0835e-05,6.1048e-05,6.10267e-05,6.1416e-05,6.12371e-05,6.13768e-05,6.10117e-05,6.11636e-05,6.11049e-05
0,0,0,0,0,0,0,0,0,0,0,6.05344e-05,6.11459e-05,6.06209e-05,6.08209e-05,6.04782e-05,6.06613e-05,6.07518e-05,6.10106e-05,6.07991e-05,6.09519e-05,6.08999e-05,6.10307e-05,6.11927e-05,6.07657e-05,6.11829e-05,6.07836e-05,6.07994e-05,6.10278e-05,6.10942e-05,6.07639e-05,6.09764e-05,6.07702e-05,6.12039e-05,6.10508e-05,6.13248e-05,6.11176e-05,6.08998e-05,6.12888e-05,6.06343e-05,6.0848e-05,6.08266e-05,6.12172e-05,6.10378e-05,6.11779e-05,6.08115e-05,6.0964e-05,6.09051e-05
0,0,0,0,0,0,0,0,0,0,0,0,6.03944e-05,6.02218e-05,6.01074e-05,5.99489e-05,6.00764e-05,6.01679e-05,6.04291e-05,6.02156e-05,6.03698e-05,6.03174e-05,6.04495e-05,6.0613e-05,6.01819e-05,6.06031e-05,6.02e-05,6.02159e-05,6.04465e-05,6.05136e-05,6.01801e-05,6.03946e-05,6.01864e-05,6.06243e-05,6.04698e-05,6.07463e-05,6.05372e-05,6.03173e-05,6.071e-05,6.00492e-05,6.02649e-05,6.02434e-05,6.06377e-05,6.04566e-05,6.0598e-05,6.02282e-05,6.03821e-05,6.03226e-05
0,0,0,0,0,0,0,0,0,0,0,0,0,6.06465e-05,6.06612e-05,6.0683e-05,6.06927e-05,6.07835e-05,6.10418e-05,6.08305e-05,6.09831e-05,6.09312e-05,6.1062e-05,6.12238e-05,6.07971e-05,6.1214e-05,6.0815e-05,6.08307e-05,6.1059e-05,6.11254e-05,6.07953e-05,6.10076e-05,6.08016e-05,6.12351e-05,6.1082e-05,6.13558e-05,6.11488e-05,6.09311e-05,6.13199e-05,6.06657e-05,6.08793e-05,6.0858e-05,6.12483e-05,6.1069e-05,6.1209e-05,6.08429e-05,6.09952e-05,6.09364e-05
0,0,0,0,0,0,0,0,0,0,0,0,0,0,6.03604e-05,6.02028e-05,6.03489e-05,6.044e-05,6.07e-05,6.04875e-05,6.0641e-05,6.05888e-05,6.07203e-05,6.0883e-05,6.04539e-05,6.08732e-05,6.04719e-05,6.04877e-05,6.07173e-05,6.07841e-05,6.04521e-05,6.06657e-05,6.04584e-05,6.08944e-05,6.07405e-05,6.10158e-05,6.08076e-05,6.05887e-05,6.09796e-05,6.03218e-05,6.05366e-05,6.05151e-05,6.09077e-05,6.07273e-05,6.08682e-05,6.05e-05,6.06532e-05,6.0594e-05
0,0,0,0,0,0,0,0,0,0,0,0,0,0,0,6.02181e-05,6.03651e-05,6.04561e-05,6.07161e-05,6.05037e-05,6.06571e-05,6.06049e-05,6.07364e-05,6.08991e-05,6.04701e-05,6.08893e-05,6.04881e-05,6.05039e-05,6.07334e-05,6.08002e-05,6.04683e-05,6.06818e-05,6.04746e-05,6.09104e-05,6.07566e-05,6.10318e-05,6.08237e-05,6.06048e-05,6.09957e-05,6.0338e-05,6.05527e-05,6.05313e-05,6.09237e-05,6.07434e-05,6.08842e-05,6.05161e-05,6.06693e-05,6.06101e-05
0,0,0,0,0,0,0,0,0,0,0,0,0,0,0,0,6.01942e-05,6.02857e-05,6.05462e-05,6.03332e-05,6.04871e-05,6.04347e-05,6.05666e-05,6.07297e-05,6.02995e-05,6.07199e-05,6.03175e-05,6.03334e-05,6.05636e-05,6.06306e-05,6.02977e-05,6.05118e-05,6.0304e-05,6.07411e-05,6.05868e-05,6.08628e-05,6.06541e-05,6.04346e-05,6.08266e-05,6.01671e-05,6.03824e-05,6.03609e-05,6.07544e-05,6.05736e-05,6.07148e-05,6.03457e-05,6.04993e-05,6.044e-05
0,0,0,0,0,0,0,0,0,0,0,0,0,0,0,0,0,6.02973e-05,6.03995e-05,6.02088e-05,6.04986e-05,6.03007e-05,6.05784e-05,6.0553e-05,6.03116e-05,6.07315e-05,6.01941e-05,6.02089e-05,6.04149e-05,6.06421e-05,6.01761e-05,6.0369e-05,6.03148e-05,6.07518e-05,6.05975e-05,6.08735e-05,6.06648e-05,6.04453e-05,6.08373e-05,6.01779e-05,6.03931e-05,6.03716e-05,6.07651e-05,6.05844e-05,6.07255e-05,6.03564e-05,6.051e-05,6.04507e-05
0,0,0,0,0,0,0,0,0,0,0,0,0,0,0,0,0,0,6.06482e-05,6.0293e-05,6.04313e-05,6.03846e-05,6.06682e-05,6.08315e-05,6.04023e-05,6.08223e-05,6.04203e-05,6.02933e-05,6.06657e-05,6.07324e-05,6.026e-05,6.04531e-05,6.04059e-05,6.08422e-05,6.06882e-05,6.09638e-05,6.07554e-05,6.05362e-05,6.07107e-05,6.02692e-05,6.04841e-05,6.04627e-05,6.08555e-05,6.06755e-05,6.0816e-05,6.04479e-05,6.06008e-05,6.05416e-05
0,0,0,0,0,0,0,0,0,0,0,0,0,0,0,0,0,0,0,6.05272e-05,6.08486e-05,6.07968e-05,6.07341e-05,6.10903e-05,6.04964e-05,6.10798e-05,6.06805e-05,6.06963e-05,6.0732e-05,6.09913e-05,6.04953e-05,6.08729e-05,6.06661e-05,6.11006e-05,6.09472e-05,6.12216e-05,6.10141e-05,6.07959e-05,6.11856e-05,6.053e-05,6.0744e-05,6.07226e-05,6.11138e-05,6.09341e-05,6.10744e-05,6.07075e-05,6.08602e-05,6.08012e-05
0,0,0,0,0,0,0,0,0,0,0,0,0,0,0,0,0,0,0,0,6.04755e-05,6.05847e-05,6.07163e-05,6.06806e-05,6.03059e-05,6.08689e-05,6.04678e-05,6.03369e-05,6.07136e-05,6.07797e-05,6.03042e-05,6.06614e-05,6.04535e-05,6.08894e-05,6.07355e-05,6.10109e-05,6.08026e-05,6.05837e-05,6.0975e-05,6.03168e-05,6.05316e-05,6.05102e-05,6.09027e-05,6.07224e-05,6.08632e-05,6.0495e-05,6.06482e-05,6.0589e-05
0,0,0,0,0,0,0,0,0,0,0,0,0,0,0,0,0,0,0,0,0,6.07382e-05,6.0869e-05,6.08179e-05,6.04443e-05,6.08098e-05,6.04606e-05,6.0637e-05,6.08656e-05,6.09325e-05,6.06018e-05,6.08147e-05,6.06071e-05,6.10419e-05,6.08884e-05,6.11631e-05,6.09554e-05,6.0737e-05,6.11273e-05,6.04708e-05,6.0685e-05,6.06636e-05,6.10552e-05,6.08753e-05,6.10158e-05,6.06485e-05,6.08013e-05,6.07423e-05
0,0,0,0,0,0,0,0,0,0,0,0,0,0,0,0,0,0,0,0,0,0,6.08165e-05,6.0979e-05,6.0398e-05,6.07635e-05,6.04142e-05,6.04292e-05,6.06339e-05,6.08808e-05,6.05498e-05,6.07631e-05,6.05548e-05,6.09901e-05,6.08364e-05,6.11113e-05,6.09034e-05,6.06849e-05,6.10755e-05,6.04184e-05,6.06329e-05,6.06114e-05,6.10033e-05,6.08233e-05,6.09639e-05,6.05963e-05,6.07493e-05,6.06902e-05
0,0,0,0,0,0,0,0,0,0,0,0,0,0,0,0,0,0,0,0,0,0,0,6.08866e-05,6.06828e-05,6.10999e-05,6.05305e-05,6.07159e-05,6.09449e-05,6.0806e-05,6.05123e-05,6.08935e-05,6.06864e-05,6.11207e-05,6.09674e-05,6.12417e-05,6.10342e-05,6.08161e-05,6.12057e-05,6.05503e-05,6.07642e-05,6.07429e-05,6.11339e-05,6.09543e-05,6.10946e-05,6.07278e-05,6.08804e-05,6.08214e-05
0,0,0,0,0,0,0,0,0,0,0,0,0,0,0,0,0,0,0,0,0,0,0,0,6.08453e-05,6.12618e-05,6.08636e-05,6.08789e-05,6.11067e-05,6.11733e-05,6.08439e-05,6.10554e-05,6.08492e-05,6.12824e-05,6.11295e-05,6.14031e-05,6.11962e-05,6.09786e-05,6.13671e-05,6.07135e-05,6.09269e-05,6.09056e-05,6.12956e-05,6.11164e-05,6.12564e-05,6.08905e-05,6.10427e-05,6.09839e-05
0,0,0,0,0,0,0,0,0,0,0,0,0,0,0,0,0,0,0,0,0,0,0,0,0,6.08355e-05,6.02917e-05,6.03064e-05,6.05117e-05,6.05686e-05,6.04145e-05,6.0628e-05,6.04198e-05,6.08561e-05,6.07021e-05,6.09776e-05,6.07692e-05,6.05502e-05,6.09414e-05,6.02832e-05,6.04981e-05,6.04766e-05,6.08694e-05,6.06889e-05,6.08299e-05,6.04614e-05,6.06147e-05,6.05555e-05
0,0,0,0,0,0,0,0,0,0,0,0,0,0,0,0,0,0,0,0,0,0,0,0,0,0,6.0854e-05,6.08692e-05,6.10973e-05,6.11635e-05,6.06399e-05,6.08314e-05,6.08394e-05,6.12726e-05,6.11197e-05,6.13933e-05,6.11864e-05,6.09688e-05,6.13574e-05,6.07037e-05,6.09171e-05,6.08957e-05,6.12858e-05,6.11066e-05,6.12466e-05,6.08807e-05,6.10329e-05,6.09741e-05
0,0,0,0,0,0,0,0,0,0,0,0,0,0,0,0,0,0,0,0,0,0,0,0,0,0,0,6.04683e-05,6.06978e-05,6.05854e-05,6.02897e-05,6.04827e-05,6.04378e-05,6.08739e-05,6.072e-05,6.09954e-05,6.07871e-05,6.05681e-05,6.09593e-05,6.03012e-05,6.0516e-05,6.04946e-05,6.08872e-05,6.07069e-05,6.08477e-05,6.04794e-05,6.06327e-05,6.05735e-05
0,0,0,0,0,0,0,0,0,0,0,0,0,0,0,0,0,0,0,0,0,0,0,0,0,0,0,0,6.05425e-05,6.05995e-05,6.04483e-05,6.04974e-05,6.04537e-05,6.08897e-05,6.07358e-05,6.10111e-05,6.08029e-05,6.05839e-05,6.09753e-05,6.03171e-05,6.05319e-05,6.05104e-05,6.0903e-05,6.07226e-05,6.08635e-05,6.04952e-05,6.06484e-05,6.05893e-05
0,0,0,0,0,0,0,0,0,0,0,0,0,0,0,0,0,0,0,0,0,0,0,0,0,0,0,0,0,6.10085e-05,6.05097e-05,6.08904e-05,6.06834e-05,6.11177e-05,6.09644e-05,6.12387e-05,6.10313e-05,6.08131e-05,6.12027e-05,6.05473e-05,6.07613e-05,6.07399e-05,6.1131e-05,6.09513e-05,6.10916e-05,6.07248e-05,6.08774e-05,6.08185e-05
0,0,0,0,0,0,0,0,0,0,0,0,0,0,0,0,0,0,0,0,0,0,0,0,0,0,0,0,0,0,6.07446e-05,6.07588e-05,6.07502e-05,6.11841e-05,6.1031e-05,6.1305e-05,6.10977e-05,6.08799e-05,6.1269e-05,6.06143e-05,6.0828e-05,6.08067e-05,6.11973e-05,6.10179e-05,6.1158e-05,6.07916e-05,6.09441e-05,6.08852e-05
0,0,0,0,0,0,0,0,0,0,0,0,0,0,0,0,0,0,0,0,0,0,0,0,0,0,0,0,0,0,0,6.06265e-05,6.04181e-05,6.08543e-05,6.07003e-05,6.09758e-05,6.07675e-05,6.05484e-05,6.09399e-05,6.02814e-05,6.04963e-05,6.04748e-05,6.08676e-05,6.06872e-05,6.08281e-05,6.04596e-05,6.06129e-05,6.05537e-05
0,0,0,0,0,0,0,0,0,0,0,0,0,0,0,0,0,0,0,0,0,0,0,0,0,0,0,0,0,0,0,0,6.06317e-05,6.10664e-05,6.0913e-05,6.11875e-05,6.09799e-05,6.07616e-05,6.11518e-05,6.04955e-05,6.07097e-05,6.06883e-05,6.10797e-05,6.08999e-05,6.10403e-05,6.06732e-05,6.08259e-05,6.07669e-05
0,0,0,0,0,0,0,0,0,0,0,0,0,0,0,0,0,0,0,0,0,0,0,0,0,0,0,0,0,0,0,0,0,6.08608e-05,6.05356e-05,6.07539e-05,6.05924e-05,6.05558e-05,6.09462e-05,6.01562e-05,6.05029e-05,6.03351e-05,6.08744e-05,6.06942e-05,6.0642e-05,6.03218e-05,6.06197e-05,6.05609e-05
0,0,0,0,0,0,0,0,0,0,0,0,0,0,0,0,0,0,0,0,0,0,0,0,0,0,0,0,0,0,0,0,0,0,6.11408e-05,6.14146e-05,6.12082e-05,6.07808e-05,6.13784e-05,6.05368e-05,6.07338e-05,6.09178e-05,6.13076e-05,6.11283e-05,6.1268e-05,6.09022e-05,6.08379e-05,6.09962e-05
0,0,0,0,0,0,0,0,0,0,0,0,0,0,0,0,0,0,0,0,0,0,0,0,0,0,0,0,0,0,0,0,0,0,0,6.12625e-05,6.10549e-05,6.08367e-05,6.12265e-05,6.05713e-05,6.07851e-05,6.07636e-05,6.11544e-05,6.07748e-05,6.08927e-05,6.05732e-05,6.09011e-05,6.06582e-05
0,0,0,0,0,0,0,0,0,0,0,0,0,0,0,0,0,0,0,0,0,0,0,0,0,0,0,0,0,0,0,0,0,0,0,0,6.1329e-05,6.11115e-05,6.14993e-05,6.06279e-05,6.10596e-05,6.10389e-05,6.14278e-05,6.1249e-05,6.13887e-05,6.07914e-05,6.11755e-05,6.11168e-05
0,0,0,0,0,0,0,0,0,0,0,0,0,0,0,0,0,0,0,0,0,0,0,0,0,0,0,0,0,0,0,0,0,0,0,0,0,6.071e-05,6.12927e-05,6.06386e-05,6.0663e-05,6.06441e-05,6.12214e-05,6.10419e-05,6.11821e-05,6.06301e-05,6.09687e-05,6.09089e-05
0,0,0,0,0,0,0,0,0,0,0,0,0,0,0,0,0,0,0,0,0,0,0,0,0,0,0,0,0,0,0,0,0,0,0,0,0,0,6.10751e-05,6.02751e-05,6.06337e-05,6.04539e-05,6.10038e-05,6.08237e-05,6.07593e-05,6.05968e-05,6.05776e-05,6.06909e-05
0,0,0,0,0,0,0,0,0,0,0,0,0,0,0,0,0,0,0,0,0,0,0,0,0,0,0,0,0,0,0,0,0,0,0,0,0,0,0,6.08108e-05,6.10238e-05,6.10026e-05,6.13916e-05,6.09662e-05,6.13524e-05,6.07653e-05,6.11394e-05,6.10804e-05
0,0,0,0,0,0,0,0,0,0,0,0,0,0,0,0,0,0,0,0,0,0,0,0,0,0,0,0,0,0,0,0,0,0,0,0,0,0,0,0,6.03672e-05,6.02088e-05,6.05476e-05,6.03975e-05,6.06994e-05,6.03299e-05,6.0484e-05,6.02797e-05
0,0,0,0,0,0,0,0,0,0,0,0,0,0,0,0,0,0,0,0,0,0,0,0,0,0,0,0,0,0,0,0,0,0,0,0,0,0,0,0,0,6.05605e-05,6.07443e-05,6.05949e-05,6.09123e-05,6.05447e-05,6.05307e-05,6.04781e-05
0,0,0,0,0,0,0,0,0,0,0,0,0,0,0,0,0,0,0,0,0,0,0,0,0,0,0,0,0,0,0,0,0,0,0,0,0,0,0,0,0,0,6.07248e-05,6.05756e-05,6.08913e-05,6.05234e-05,6.05109e-05,6.06175e-05
0,0,0,0,0,0,0,0,0,0,0,0,0,0,0,0,0,0,0,0,0,0,0,0,0,0,0,0,0,0,0,0,0,0,0,0,0,0,0,0,0,0,0,6.11419e-05,6.12812e-05,6.09151e-05,6.10683e-05,6.0796e-05
0,0,0,0,0,0,0,0,0,0,0,0,0,0,0,0,0,0,0,0,0,0,0,0,0,0,0,0,0,0,0,0,0,0,0,0,0,0,0,0,0,0,0,0,6.1102e-05,6.07356e-05,6.0888e-05,6.08293e-05
0,0,0,0,0,0,0,0,0,0,0,0,0,0,0,0,0,0,0,0,0,0,0,0,0,0,0,0,0,0,0,0,0,0,0,0,0,0,0,0,0,0,0,0,0,6.08763e-05,6.10286e-05,6.07645e-05
0,0,0,0,0,0,0,0,0,0,0,0,0,0,0,0,0,0,0,0,0,0,0,0,0,0,0,0,0,0,0,0,0,0,0,0,0,0,0,0,0,0,0,0,0,0,6.04968e-05,6.06021e-05
0,0,0,0,0,0,0,0,0,0,0,0,0,0,0,0,0,0,0,0,0,0,0,0,0,0,0,0,0,0,0,0,0,0,0,0,0,0,0,0,0,0,0,0,0,0,0,6.0582e-05
0,0,0,0,0,0,0,0,0,0,0,0,0,0,0,0,0,0,0,0,0,0,0,0,0,0,0,0,0,0,0,0,0,0,0,0,0,0,0,0,0,0,0,0,0,0,0,0
