# # np.logspace(-2, 2., num = num_time_points)
0,6.23923e-05,6.23396e-05,6.23473e-05,6.23494e-05,6.24272e-05,6.23827e-05,6.23547e-05,6.23698e-05,6.24375e-05,6.24071e-05,6.23169e-05,6.23822e-05,6.23592e-05,6.23617e-05,6.23137e-05,6.23369e-05,6.23284e-05,6.23911e-05,6.23584e-05,6.23821e-05,6.23741e-05,6.23943e-05,6.24191e-05,6.23532e-05,6.24176e-05,6.2356e-05,6.23585e-05,6.23938e-05,6.2404e-05,6.23529e-05,6.23859e-05,6.23539e-05,6.24208e-05,6.23973e-05,6.24393e-05,6.24076e-05,6.2374e-05,6.24338e-05,6.23327e-05,6.2366e-05,6.23627e-05,6.24229e-05,6.23953e-05,6.24168e-05,6.23603e-05,6.2384e-05,6.23749e-05
0,0,6.2363e-05,6.23708e-05,6.23503e-05,6.24534e-05,6.24387e-05,6.23809e-05,6.24234e-05,6.24637e-05,6.24016e-05,6.23198e-05,6.24381e-05,6.23593e-05,6.23879e-05,6.23615e-05,6.23632e-05,6.23773e-05,6.24174e-05,6.23846e-05,6.24083e-05,6.24003e-05,6.24205e-05,6.24453e-05,6.23794e-05,6.24438e-05,6.23822e-05,6.23847e-05,6.242e-05,6.24302e-05,6.23792e-05,6.24121e-05,6.23801e-05,6.2447e-05,6.24236e-05,6.24655e-05,6.24338e-05,6.24003e-05,6.246e-05,6.23589e-05,6.23922e-05,6.23889e-05,6.24491e-05,6.24215e-05,6.2443e-05,6.23866e-05,6.24102e-05,6.24011e-05
0,0,0,6.2369e-05,6.23243e-05,6.24244e-05,6.23802e-05,6.23292e-05,6.23943e-05,6.24347e-05,6.24043e-05,6.22938e-05,6.2409e-05,6.23564e-05,6.23356e-05,6.23111e-05,6.23341e-05,6.23482e-05,6.23883e-05,6.23556e-05,6.23793e-05,6.23712e-05,6.23914e-05,6.24163e-05,6.23504e-05,6.24148e-05,6.23532e-05,6.23556e-05,6.2391e-05,6.24012e-05,6.23501e-05,6.2383e-05,6.23511e-05,6.2418e-05,6.23945e-05,6.24364e-05,6.24048e-05,6.23712e-05,6.2431e-05,6.23299e-05,6.23632e-05,6.23598e-05,6.242e-05,6.23925e-05,6.2414e-05,6.23575e-05,6.23811e-05,6.2372e-05
0,0,0,0,6.2332e-05,6.24329e-05,6.24182e-05,6.23604e-05,6.2375e-05,6.24432e-05,6.23834e-05,6.23016e-05,6.24176e-05,6.23649e-05,6.23434e-05,6.2341e-05,6.23426e-05,6.23567e-05,6.23968e-05,6.23641e-05,6.23878e-05,6.23797e-05,6.23999e-05,6.24248e-05,6.23589e-05,6.24233e-05,6.23617e-05,6.23641e-05,6.23995e-05,6.24097e-05,6.23586e-05,6.23916e-05,6.23596e-05,6.24265e-05,6.2403e-05,6.2445e-05,6.24133e-05,6.23797e-05,6.24395e-05,6.23384e-05,6.23717e-05,6.23684e-05,6.24285e-05,6.2401e-05,6.24225e-05,6.2366e-05,6.23896e-05,6.23805e-05
0,0,0,0,0,6.23791e-05,6.23674e-05,6.23165e-05,6.23805e-05,6.24209e-05,6.23904e-05,6.23002e-05,6.23952e-05,6.23425e-05,6.23229e-05,6.22984e-05,6.23202e-05,6.23344e-05,6.23745e-05,6.23417e-05,6.23654e-05,6.23574e-05,6.23776e-05,6.24024e-05,6.23365e-05,6.2401e-05,6.23393e-05,6.23418e-05,6.23771e-05,6.23874e-05,6.23363e-05,6.23692e-05,6.23372e-05,6.24042e-05,6.23807e-05,6.24226e-05,6.23909e-05,6.23574e-05,6.24171e-05,6.2316e-05,6.23493e-05,6.2346e-05,6.24062e-05,6.23787e-05,6.24002e-05,6.23437e-05,6.23673e-05,6.23582e-05
0,0,0,0,0,0,6.24736e-05,6.2384e-05,6.24583e-05,6.24986e-05,6.24682e-05,6.23487e-05,6.24729e-05,6.23881e-05,6.24228e-05,6.23964e-05,6.23981e-05,6.24122e-05,6.24522e-05,6.24195e-05,6.24432e-05,6.24352e-05,6.24553e-05,6.24802e-05,6.24143e-05,6.24787e-05,6.24171e-05,6.24196e-05,6.24549e-05,6.24651e-05,6.24141e-05,6.2447e-05,6.2415e-05,6.24819e-05,6.24584e-05,6.25003e-05,6.24687e-05,6.24351e-05,6.24948e-05,6.23938e-05,6.24271e-05,6.24238e-05,6.24839e-05,6.24564e-05,6.24779e-05,6.24215e-05,6.24451e-05,6.2436e-05
0,0,0,0,0,0,0,6.23723e-05,6.24436e-05,6.24839e-05,6.24535e-05,6.2337e-05,6.24582e-05,6.24056e-05,6.24081e-05,6.23817e-05,6.23833e-05,6.23975e-05,6.24375e-05,6.24048e-05,6.24285e-05,6.24205e-05,6.24406e-05,6.24655e-05,6.23996e-05,6.2464e-05,6.24024e-05,6.24049e-05,6.24402e-05,6.24504e-05,6.23994e-05,6.24323e-05,6.24003e-05,6.24672e-05,6.24437e-05,6.24856e-05,6.2454e-05,6.24204e-05,6.24801e-05,6.23791e-05,6.24124e-05,6.24091e-05,6.24692e-05,6.24417e-05,6.24632e-05,6.24068e-05,6.24303e-05,6.24213e-05
0,0,0,0,0,0,0,0,6.23858e-05,6.24261e-05,6.23678e-05,6.23055e-05,6.23718e-05,6.23255e-05,6.23503e-05,6.23239e-05,6.23255e-05,6.23397e-05,6.23798e-05,6.2347e-05,6.23707e-05,6.23627e-05,6.23829e-05,6.24077e-05,6.23418e-05,6.24062e-05,6.23446e-05,6.23471e-05,6.23824e-05,6.23926e-05,6.23415e-05,6.23745e-05,6.23425e-05,6.24095e-05,6.2386e-05,6.24279e-05,6.23962e-05,6.23626e-05,6.24224e-05,6.23213e-05,6.23546e-05,6.23513e-05,6.24115e-05,6.23839e-05,6.24055e-05,6.2349e-05,6.23726e-05,6.23635e-05
0,0,0,0,0,0,0,0,0,6.24296e-05,6.24382e-05,6.2348e-05,6.24429e-05,6.23903e-05,6.23658e-05,6.23413e-05,6.2368e-05,6.23822e-05,6.24222e-05,6.23895e-05,6.24132e-05,6.24051e-05,6.24253e-05,6.24502e-05,6.23843e-05,6.24487e-05,6.23871e-05,6.23895e-05,6.24249e-05,6.24351e-05,6.2384e-05,6.2417e-05,6.2385e-05,6.24519e-05,6.24284e-05,6.24703e-05,6.24387e-05,6.24051e-05,6.24649e-05,6.23638e-05,6.23971e-05,6.23938e-05,6.24539e-05,6.24264e-05,6.24479e-05,6.23914e-05,6.2415e-05,6.24059e-05
0,0,0,0,0,0,0,0,0,0,6.24785e-05,6.23563e-05,6.24833e-05,6.24306e-05,6.24332e-05,6.23736e-05,6.24084e-05,6.24225e-05,6.24626e-05,6.24299e-05,6.24535e-05,6.24455e-05,6.24657e-05,6.24905e-05,6.24247e-05,6.2489e-05,6.24275e-05,6.24299e-05,6.24652e-05,6.24754e-05,6.24244e-05,6.24573e-05,6.24254e-05,6.24922e-05,6.24688e-05,6.25106e-05,6.2479e-05,6.24455e-05,6.25052e-05,6.24042e-05,6.24374e-05,6.24341e-05,6.24942e-05,6.24667e-05,6.24882e-05,6.24318e-05,6.24554e-05,6.24463e-05
0,0,0,0,0,0,0,0,0,0,0,6.23579e-05,6.24528e-05,6.2372e-05,6.24027e-05,6.23497e-05,6.23779e-05,6.23921e-05,6.24321e-05,6.23994e-05,6.24231e-05,6.2415e-05,6.24352e-05,6.24601e-05,6.23942e-05,6.24586e-05,6.2397e-05,6.23995e-05,6.24348e-05,6.2445e-05,6.23939e-05,6.24269e-05,6.23949e-05,6.24618e-05,6.24383e-05,6.24802e-05,6.24486e-05,6.2415e-05,6.24747e-05,6.23737e-05,6.2407e-05,6.24037e-05,6.24638e-05,6.24363e-05,6.24578e-05,6.24013e-05,6.24249e-05,6.24158e-05
0,0,0,0,0,0,0,0,0,0,0,0,6.23365e-05,6.231e-05,6.22924e-05,6.22679e-05,6.22877e-05,6.23019e-05,6.2342e-05,6.23092e-05,6.23329e-05,6.23249e-05,6.23451e-05,6.237e-05,6.2304e-05,6.23685e-05,6.23068e-05,6.23093e-05,6.23446e-05,6.23549e-05,6.23038e-05,6.23367e-05,6.23047e-05,6.23717e-05,6.23482e-05,6.23902e-05,6.23585e-05,6.23249e-05,6.23847e-05,6.22835e-05,6.23168e-05,6.23135e-05,6.23737e-05,6.23462e-05,6.23677e-05,6.23112e-05,6.23348e-05,6.23257e-05
0,0,0,0,0,0,0,0,0,0,0,0,0,6.23759e-05,6.23782e-05,6.23811e-05,6.23827e-05,6.23969e-05,6.24369e-05,6.24042e-05,6.24279e-05,6.24198e-05,6.244e-05,6.24649e-05,6.2399e-05,6.24634e-05,6.24018e-05,6.24042e-05,6.24396e-05,6.24498e-05,6.23987e-05,6.24316e-05,6.23997e-05,6.24666e-05,6.24431e-05,6.2485e-05,6.24534e-05,6.24198e-05,6.24795e-05,6.23785e-05,6.24118e-05,6.24085e-05,6.24686e-05,6.24411e-05,6.24626e-05,6.24061e-05,6.24297e-05,6.24206e-05
0,0,0,0,0,0,0,0,0,0,0,0,0,0,6.23319e-05,6.23074e-05,6.233e-05,6.23442e-05,6.23843e-05,6.23515e-05,6.23752e-05,6.23672e-05,6.23874e-05,6.24122e-05,6.23463e-05,6.24107e-05,6.23491e-05,6.23516e-05,6.23869e-05,6.23971e-05,6.2346e-05,6.2379e-05,6.2347e-05,6.24139e-05,6.23905e-05,6.24324e-05,6.24007e-05,6.23671e-05,6.24269e-05,6.23258e-05,6.23591e-05,6.23558e-05,6.2416e-05,6.23884e-05,6.241e-05,6.23534e-05,6.23771e-05,6.2368e-05
0,0,0,0,0,0,0,0,0,0,0,0,0,0,0,6.23097e-05,6.23325e-05,6.23467e-05,6.23868e-05,6.2354e-05,6.23777e-05,6.23697e-05,6.23899e-05,6.24147e-05,6.23488e-05,6.24132e-05,6.23516e-05,6.23541e-05,6.23894e-05,6.23996e-05,6.23485e-05,6.23815e-05,6.23495e-05,6.24164e-05,6.2393e-05,6.24349e-05,6.24032e-05,6.23696e-05,6.24294e-05,6.23283e-05,6.23616e-05,6.23583e-05,6.24185e-05,6.23909e-05,6.24125e-05,6.23559e-05,6.23796e-05,6.23705e-05
0,0,0,0,0,0,0,0,0,0,0,0,0,0,0,0,6.23061e-05,6.23202e-05,6.23603e-05,6.23276e-05,6.23513e-05,6.23432e-05,6.23634e-05,6.23883e-05,6.23224e-05,6.23868e-05,6.23252e-05,6.23276e-05,6.2363e-05,6.23732e-05,6.23221e-05,6.2355e-05,6.23231e-05,6.239e-05,6.23665e-05,6.24085e-05,6.23768e-05,6.23432e-05,6.2403e-05,6.23018e-05,6.23352e-05,6.23318e-05,6.2392e-05,6.23645e-05,6.2386e-05,6.23295e-05,6.23531e-05,6.2344e-05
0,0,0,0,0,0,0,0,0,0,0,0,0,0,0,0,0,6.23219e-05,6.23377e-05,6.23083e-05,6.2353e-05,6.23225e-05,6.23651e-05,6.23612e-05,6.23241e-05,6.23885e-05,6.2306e-05,6.23083e-05,6.234e-05,6.23749e-05,6.23032e-05,6.2333e-05,6.23247e-05,6.23917e-05,6.23682e-05,6.24101e-05,6.23785e-05,6.23449e-05,6.24047e-05,6.23035e-05,6.23368e-05,6.23335e-05,6.23937e-05,6.23662e-05,6.23877e-05,6.23312e-05,6.23548e-05,6.23457e-05
0,0,0,0,0,0,0,0,0,0,0,0,0,0,0,0,0,0,6.23761e-05,6.23214e-05,6.23428e-05,6.23356e-05,6.23792e-05,6.24041e-05,6.23382e-05,6.24026e-05,6.2341e-05,6.23214e-05,6.23788e-05,6.2389e-05,6.23164e-05,6.23462e-05,6.23389e-05,6.24058e-05,6.23823e-05,6.24243e-05,6.23926e-05,6.2359e-05,6.23856e-05,6.23177e-05,6.2351e-05,6.23477e-05,6.24079e-05,6.23803e-05,6.24018e-05,6.23453e-05,6.23689e-05,6.23598e-05
0,0,0,0,0,0,0,0,0,0,0,0,0,0,0,0,0,0,0,6.23576e-05,6.24072e-05,6.23991e-05,6.23897e-05,6.24442e-05,6.23528e-05,6.24427e-05,6.23811e-05,6.23835e-05,6.23893e-05,6.24291e-05,6.23526e-05,6.24109e-05,6.2379e-05,6.24459e-05,6.24224e-05,6.24643e-05,6.24327e-05,6.23991e-05,6.24588e-05,6.23578e-05,6.23911e-05,6.23878e-05,6.24479e-05,6.24204e-05,6.24419e-05,6.23854e-05,6.2409e-05,6.23999e-05
0,0,0,0,0,0,0,0,0,0,0,0,0,0,0,0,0,0,0,0,6.23496e-05,6.23664e-05,6.23866e-05,6.23811e-05,6.23234e-05,6.241e-05,6.23484e-05,6.23282e-05,6.23862e-05,6.23964e-05,6.23232e-05,6.23782e-05,6.23463e-05,6.24132e-05,6.23897e-05,6.24316e-05,6.24e-05,6.23664e-05,6.24261e-05,6.2325e-05,6.23583e-05,6.2355e-05,6.24152e-05,6.23877e-05,6.24092e-05,6.23527e-05,6.23763e-05,6.23672e-05
0,0,0,0,0,0,0,0,0,0,0,0,0,0,0,0,0,0,0,0,0,6.23901e-05,6.24103e-05,6.24025e-05,6.23448e-05,6.24013e-05,6.23474e-05,6.23745e-05,6.24098e-05,6.242e-05,6.2369e-05,6.24019e-05,6.23699e-05,6.24368e-05,6.24133e-05,6.24553e-05,6.24236e-05,6.239e-05,6.24498e-05,6.23487e-05,6.2382e-05,6.23787e-05,6.24389e-05,6.24113e-05,6.24328e-05,6.23764e-05,6.24e-05,6.23909e-05
0,0,0,0,0,0,0,0,0,0,0,0,0,0,0,0,0,0,0,0,0,0,6.24022e-05,6.24271e-05,6.23376e-05,6.23941e-05,6.23402e-05,6.23425e-05,6.23741e-05,6.2412e-05,6.23609e-05,6.23939e-05,6.23619e-05,6.24288e-05,6.24053e-05,6.24472e-05,6.24156e-05,6.2382e-05,6.24418e-05,6.23407e-05,6.2374e-05,6.23707e-05,6.24308e-05,6.24033e-05,6.24248e-05,6.23683e-05,6.23919e-05,6.23828e-05
0,0,0,0,0,0,0,0,0,0,0,0,0,0,0,0,0,0,0,0,0,0,0,6.24132e-05,6.23814e-05,6.24458e-05,6.23581e-05,6.23866e-05,6.2422e-05,6.24008e-05,6.23553e-05,6.24141e-05,6.23821e-05,6.2449e-05,6.24255e-05,6.24674e-05,6.24358e-05,6.24022e-05,6.24619e-05,6.23609e-05,6.23942e-05,6.23909e-05,6.2451e-05,6.24235e-05,6.2445e-05,6.23885e-05,6.24121e-05,6.2403e-05
0,0,0,0,0,0,0,0,0,0,0,0,0,0,0,0,0,0,0,0,0,0,0,0,6.24063e-05,6.24706e-05,6.24091e-05,6.24115e-05,6.24468e-05,6.2457e-05,6.2406e-05,6.24389e-05,6.2407e-05,6.24738e-05,6.24504e-05,6.24922e-05,6.24606e-05,6.24271e-05,6.24868e-05,6.23858e-05,6.2419e-05,6.24157e-05,6.24758e-05,6.24483e-05,6.24698e-05,6.24134e-05,6.2437e-05,6.24279e-05
0,0,0,0,0,0,0,0,0,0,0,0,0,0,0,0,0,0,0,0,0,0,0,0,0,6.24048e-05,6.23212e-05,6.23235e-05,6.23551e-05,6.23639e-05,6.23401e-05,6.2373e-05,6.23411e-05,6.2408e-05,6.23845e-05,6.24264e-05,6.23948e-05,6.23612e-05,6.24209e-05,6.23198e-05,6.23531e-05,6.23498e-05,6.241e-05,6.23825e-05,6.2404e-05,6.23475e-05,6.23711e-05,6.2362e-05
0,0,0,0,0,0,0,0,0,0,0,0,0,0,0,0,0,0,0,0,0,0,0,0,0,0,6.24076e-05,6.241e-05,6.24453e-05,6.24555e-05,6.23749e-05,6.24046e-05,6.24055e-05,6.24723e-05,6.24489e-05,6.24908e-05,6.24591e-05,6.24256e-05,6.24853e-05,6.23843e-05,6.24175e-05,6.24142e-05,6.24743e-05,6.24468e-05,6.24683e-05,6.24119e-05,6.24355e-05,6.24264e-05
0,0,0,0,0,0,0,0,0,0,0,0,0,0,0,0,0,0,0,0,0,0,0,0,0,0,0,6.23484e-05,6.23837e-05,6.23665e-05,6.23209e-05,6.23507e-05,6.23438e-05,6.24108e-05,6.23873e-05,6.24292e-05,6.23975e-05,6.2364e-05,6.24237e-05,6.23226e-05,6.23559e-05,6.23526e-05,6.24128e-05,6.23853e-05,6.24068e-05,6.23503e-05,6.23739e-05,6.23648e-05
0,0,0,0,0,0,0,0,0,0,0,0,0,0,0,0,0,0,0,0,0,0,0,0,0,0,0,0,6.23599e-05,6.23687e-05,6.23453e-05,6.2353e-05,6.23463e-05,6.24132e-05,6.23897e-05,6.24317e-05,6.24e-05,6.23664e-05,6.24262e-05,6.23251e-05,6.23584e-05,6.23551e-05,6.24152e-05,6.23877e-05,6.24092e-05,6.23527e-05,6.23763e-05,6.23672e-05
0,0,0,0,0,0,0,0,0,0,0,0,0,0,0,0,0,0,0,0,0,0,0,0,0,0,0,0,0,6.24317e-05,6.23549e-05,6.24136e-05,6.23816e-05,6.24485e-05,6.24251e-05,6.2467e-05,6.24353e-05,6.24017e-05,6.24615e-05,6.23604e-05,6.23937e-05,6.23904e-05,6.24506e-05,6.2423e-05,6.24445e-05,6.23881e-05,6.24117e-05,6.24026e-05
0,0,0,0,0,0,0,0,0,0,0,0,0,0,0,0,0,0,0,0,0,0,0,0,0,0,0,0,0,0,6.23909e-05,6.23934e-05,6.23919e-05,6.24587e-05,6.24353e-05,6.24772e-05,6.24455e-05,6.2412e-05,6.24717e-05,6.23707e-05,6.24039e-05,6.24006e-05,6.24608e-05,6.24333e-05,6.24548e-05,6.23983e-05,6.24219e-05,6.24128e-05
0,0,0,0,0,0,0,0,0,0,0,0,0,0,0,0,0,0,0,0,0,0,0,0,0,0,0,0,0,0,0,6.23728e-05,6.23408e-05,6.24077e-05,6.23842e-05,6.24262e-05,6.23945e-05,6.23609e-05,6.24207e-05,6.23196e-05,6.23529e-05,6.23495e-05,6.24097e-05,6.23822e-05,6.24037e-05,6.23472e-05,6.23708e-05,6.23617e-05
0,0,0,0,0,0,0,0,0,0,0,0,0,0,0,0,0,0,0,0,0,0,0,0,0,0,0,0,0,0,0,0,6.23737e-05,6.24406e-05,6.24171e-05,6.2459e-05,6.24274e-05,6.23938e-05,6.24536e-05,6.23525e-05,6.23858e-05,6.23825e-05,6.24426e-05,6.24151e-05,6.24366e-05,6.23801e-05,6.24037e-05,6.23947e-05
0,0,0,0,0,0,0,0,0,0,0,0,0,0,0,0,0,0,0,0,0,0,0,0,0,0,0,0,0,0,0,0,0,6.24087e-05,6.23588e-05,6.23922e-05,6.23676e-05,6.23619e-05,6.24217e-05,6.23002e-05,6.23538e-05,6.2328e-05,6.24107e-05,6.23832e-05,6.23752e-05,6.23258e-05,6.23718e-05,6.23627e-05
0,0,0,0,0,0,0,0,0,0,0,0,0,0,0,0,0,0,0,0,0,0,0,0,0,0,0,0,0,0,0,0,0,0,6.24521e-05,6.2494e-05,6.24623e-05,6.23967e-05,6.24885e-05,6.23586e-05,6.23894e-05,6.24175e-05,6.24776e-05,6.24501e-05,6.24716e-05,6.24151e-05,6.24055e-05,6.24296e-05
0,0,0,0,0,0,0,0,0,0,0,0,0,0,0,0,0,0,0,0,0,0,0,0,0,0,0,0,0,0,0,0,0,0,0,6.24705e-05,6.24389e-05,6.24053e-05,6.2465e-05,6.2364e-05,6.23973e-05,6.2394e-05,6.24541e-05,6.2396e-05,6.2414e-05,6.23647e-05,6.24152e-05,6.23779e-05
0,0,0,0,0,0,0,0,0,0,0,0,0,0,0,0,0,0,0,0,0,0,0,0,0,0,0,0,0,0,0,0,0,0,0,0,6.24808e-05,6.24472e-05,6.25069e-05,6.23724e-05,6.24392e-05,6.24359e-05,6.2496e-05,6.24685e-05,6.249e-05,6.23981e-05,6.24571e-05,6.2448e-05
0,0,0,0,0,0,0,0,0,0,0,0,0,0,0,0,0,0,0,0,0,0,0,0,0,0,0,0,0,0,0,0,0,0,0,0,0,6.23859e-05,6.24753e-05,6.23743e-05,6.23786e-05,6.23756e-05,6.24644e-05,6.24369e-05,6.24584e-05,6.23735e-05,6.24255e-05,6.24164e-05
0,0,0,0,0,0,0,0,0,0,0,0,0,0,0,0,0,0,0,0,0,0,0,0,0,0,0,0,0,0,0,0,0,0,0,0,0,0,6.24417e-05,6.23185e-05,6.2374e-05,6.23463e-05,6.24308e-05,6.24033e-05,6.23935e-05,6.23683e-05,6.23655e-05,6.23828e-05
0,0,0,0,0,0,0,0,0,0,0,0,0,0,0,0,0,0,0,0,0,0,0,0,0,0,0,0,0,0,0,0,0,0,0,0,0,0,0,6.24005e-05,6.24337e-05,6.24304e-05,6.24905e-05,6.24254e-05,6.24845e-05,6.23941e-05,6.24517e-05,6.24426e-05
0,0,0,0,0,0,0,0,0,0,0,0,0,0,0,0,0,0,0,0,0,0,0,0,0,0,0,0,0,0,0,0,0,0,0,0,0,0,0,0,6.23326e-05,6.23082e-05,6.23602e-05,6.23374e-05,6.23835e-05,6.2327e-05,6.23506e-05,6.23193e-05
0,0,0,0,0,0,0,0,0,0,0,0,0,0,0,0,0,0,0,0,0,0,0,0,0,0,0,0,0,0,0,0,0,0,0,0,0,0,0,0,0,6.23626e-05,6.2391e-05,6.23682e-05,6.24168e-05,6.23603e-05,6.23582e-05,6.23501e-05
0,0,0,0,0,0,0,0,0,0,0,0,0,0,0,0,0,0,0,0,0,0,0,0,0,0,0,0,0,0,0,0,0,0,0,0,0,0,0,0,0,0,6.2388e-05,6.23651e-05,6.24135e-05,6.2357e-05,6.23552e-05,6.23715e-05
0,0,0,0,0,0,0,0,0,0,0,0,0,0,0,0,0,0,0,0,0,0,0,0,0,0,0,0,0,0,0,0,0,0,0,0,0,0,0,0,0,0,0,6.24521e-05,6.24736e-05,6.24171e-05,6.24407e-05,6.2399e-05
0,0,0,0,0,0,0,0,0,0,0,0,0,0,0,0,0,0,0,0,0,0,0,0,0,0,0,0,0,0,0,0,0,0,0,0,0,0,0,0,0,0,0,0,6.24461e-05,6.23896e-05,6.24132e-05,6.24041e-05
0,0,0,0,0,0,0,0,0,0,0,0,0,0,0,0,0,0,0,0,0,0,0,0,0,0,0,0,0,0,0,0,0,0,0,0,0,0,0,0,0,0,0,0,0,6.24111e-05,6.24347e-05,6.23942e-05
0,0,0,0,0,0,0,0,0,0,0,0,0,0,0,0,0,0,0,0,0,0,0,0,0,0,0,0,0,0,0,0,0,0,0,0,0,0,0,0,0,0,0,0,0,0,6.2353e-05,6.23691e-05
0,0,0,0,0,0,0,0,0,0,0,0,0,0,0,0,0,0,0,0,0,0,0,0,0,0,0,0,0,0,0,0,0,0,0,0,0,0,0,0,0,0,0,0,0,0,0,6.23662e-05
0,0,0,0,0,0,0,0,0,0,0,0,0,0,0,0,0,0,0,0,0,0,0,0,0,0,0,0,0,0,0,0,0,0,0,0,0,0,0,0,0,0,0,0,0,0,0,0
