# # np.logspace(-2, 2., num = num_time_points)
0,5.76387e-05,5.6766e-05,5.68908e-05,5.69352e-05,5.82274e-05,5.74786e-05,5.70204e-05,5.72635e-05,5.84108e-05,5.78876e-05,5.64174e-05,5.74678e-05,5.70912e-05,5.71372e-05,5.63488e-05,5.67276e-05,5.65813e-05,5.76158e-05,5.70765e-05,5.74664e-05,5.73333e-05,5.76679e-05,5.80889e-05,5.69905e-05,5.80634e-05,5.70358e-05,5.70771e-05,5.76602e-05,5.78324e-05,5.69875e-05,5.75294e-05,5.70019e-05,5.81184e-05,5.77199e-05,5.84362e-05,5.78931e-05,5.73314e-05,5.83435e-05,5.66602e-05,5.71993e-05,5.71449e-05,5.8153e-05,5.76861e-05,5.80502e-05,5.71067e-05,5.74959e-05,5.7345e-05
0,0,5.71509e-05,5.72788e-05,5.69473e-05,5.86609e-05,5.84106e-05,5.74579e-05,5.81497e-05,5.88335e-05,5.77852e-05,5.64671e-05,5.83979e-05,5.70906e-05,5.75719e-05,5.71474e-05,5.71659e-05,5.7392e-05,5.80474e-05,5.75107e-05,5.78975e-05,5.77654e-05,5.80991e-05,5.8517e-05,5.74268e-05,5.84916e-05,5.74717e-05,5.75113e-05,5.80914e-05,5.82623e-05,5.74224e-05,5.796e-05,5.74381e-05,5.85462e-05,5.81507e-05,5.88617e-05,5.83226e-05,5.77651e-05,5.87675e-05,5.70989e-05,5.76339e-05,5.758e-05,5.85806e-05,5.81171e-05,5.84786e-05,5.7542e-05,5.79283e-05,5.77786e-05
0,0,0,5.72553e-05,5.65223e-05,5.81875e-05,5.74424e-05,5.65966e-05,5.76759e-05,5.8364e-05,5.78437e-05,5.60359e-05,5.79266e-05,5.70471e-05,5.6701e-05,5.63082e-05,5.66807e-05,5.69103e-05,5.75696e-05,5.70285e-05,5.74185e-05,5.72853e-05,5.76217e-05,5.80431e-05,5.69438e-05,5.80175e-05,5.69891e-05,5.70291e-05,5.7614e-05,5.77863e-05,5.69394e-05,5.74815e-05,5.69552e-05,5.80726e-05,5.76737e-05,5.83907e-05,5.78471e-05,5.7285e-05,5.82957e-05,5.66132e-05,5.71527e-05,5.70983e-05,5.81073e-05,5.76399e-05,5.80044e-05,5.70601e-05,5.74496e-05,5.72986e-05
0,0,0,0,5.66446e-05,5.8323e-05,5.80735e-05,5.71117e-05,5.73471e-05,5.85023e-05,5.74864e-05,5.61612e-05,5.8063e-05,5.7187e-05,5.68283e-05,5.68044e-05,5.68218e-05,5.7051e-05,5.77086e-05,5.71688e-05,5.75578e-05,5.7425e-05,5.77606e-05,5.81809e-05,5.70843e-05,5.81554e-05,5.71295e-05,5.71694e-05,5.77529e-05,5.79248e-05,5.70799e-05,5.76207e-05,5.70957e-05,5.82104e-05,5.78125e-05,5.85277e-05,5.79854e-05,5.74246e-05,5.84329e-05,5.67545e-05,5.72927e-05,5.72385e-05,5.8245e-05,5.77787e-05,5.81423e-05,5.72003e-05,5.75888e-05,5.74382e-05
0,0,0,0,0,5.7434e-05,5.7236e-05,5.63923e-05,5.74526e-05,5.81416e-05,5.76229e-05,5.61444e-05,5.77006e-05,5.68236e-05,5.64952e-05,5.60977e-05,5.64536e-05,5.66826e-05,5.7346e-05,5.68028e-05,5.71943e-05,5.70606e-05,5.73984e-05,5.78213e-05,5.67178e-05,5.77957e-05,5.67633e-05,5.68034e-05,5.73906e-05,5.75636e-05,5.67133e-05,5.72576e-05,5.67292e-05,5.78509e-05,5.74506e-05,5.81702e-05,5.76246e-05,5.70602e-05,5.80749e-05,5.63858e-05,5.69275e-05,5.68729e-05,5.78858e-05,5.74166e-05,5.77825e-05,5.68345e-05,5.72255e-05,5.70739e-05
0,0,0,0,0,0,5.89963e-05,5.75132e-05,5.87348e-05,5.94143e-05,5.89039e-05,5.69575e-05,5.89859e-05,5.75768e-05,5.81625e-05,5.77422e-05,5.7763e-05,5.79869e-05,5.86356e-05,5.81044e-05,5.84872e-05,5.83564e-05,5.86868e-05,5.91005e-05,5.80213e-05,5.90754e-05,5.80658e-05,5.81049e-05,5.86792e-05,5.88484e-05,5.80169e-05,5.85491e-05,5.80325e-05,5.91295e-05,5.87378e-05,5.94419e-05,5.8908e-05,5.83561e-05,5.93486e-05,5.76968e-05,5.82263e-05,5.81729e-05,5.91635e-05,5.87046e-05,5.90625e-05,5.81354e-05,5.85177e-05,5.83695e-05
0,0,0,0,0,0,0,5.73136e-05,5.84876e-05,5.91675e-05,5.86525e-05,5.67573e-05,5.8737e-05,5.78663e-05,5.791e-05,5.74897e-05,5.75094e-05,5.77362e-05,5.83857e-05,5.78522e-05,5.82367e-05,5.81054e-05,5.84371e-05,5.88526e-05,5.77687e-05,5.88274e-05,5.78134e-05,5.78528e-05,5.84295e-05,5.85994e-05,5.77643e-05,5.82988e-05,5.778e-05,5.88817e-05,5.84884e-05,5.91954e-05,5.86593e-05,5.8105e-05,5.91017e-05,5.74428e-05,5.79747e-05,5.79211e-05,5.89159e-05,5.8455e-05,5.88144e-05,5.78833e-05,5.82673e-05,5.81184e-05
0,0,0,0,0,0,0,0,5.75325e-05,5.82236e-05,5.72357e-05,5.62281e-05,5.7303e-05,5.65393e-05,5.69487e-05,5.6519e-05,5.65401e-05,5.67687e-05,5.74312e-05,5.68887e-05,5.72797e-05,5.71462e-05,5.74834e-05,5.79058e-05,5.68038e-05,5.78802e-05,5.68493e-05,5.68893e-05,5.74757e-05,5.76484e-05,5.67994e-05,5.73429e-05,5.68153e-05,5.79353e-05,5.75356e-05,5.82542e-05,5.77093e-05,5.71458e-05,5.8159e-05,5.64724e-05,5.70133e-05,5.69588e-05,5.79701e-05,5.75016e-05,5.7867e-05,5.69204e-05,5.73108e-05,5.71595e-05
0,0,0,0,0,0,0,0,0,5.82523e-05,5.83984e-05,5.69407e-05,5.84793e-05,5.76083e-05,5.71988e-05,5.68121e-05,5.72483e-05,5.74759e-05,5.81285e-05,5.75926e-05,5.79788e-05,5.78469e-05,5.81802e-05,5.85975e-05,5.75088e-05,5.85722e-05,5.75537e-05,5.75932e-05,5.81725e-05,5.83432e-05,5.75044e-05,5.80413e-05,5.75201e-05,5.86267e-05,5.82317e-05,5.89418e-05,5.84034e-05,5.78466e-05,5.88477e-05,5.71814e-05,5.77157e-05,5.76618e-05,5.86611e-05,5.81982e-05,5.85591e-05,5.76239e-05,5.80096e-05,5.78601e-05
0,0,0,0,0,0,0,0,0,0,5.90776e-05,5.70923e-05,5.9157e-05,5.82973e-05,5.83421e-05,5.73617e-05,5.79428e-05,5.81659e-05,5.88126e-05,5.8283e-05,5.86647e-05,5.85344e-05,5.88637e-05,5.92762e-05,5.82002e-05,5.92512e-05,5.82446e-05,5.82836e-05,5.88561e-05,5.90248e-05,5.81958e-05,5.87264e-05,5.82114e-05,5.93051e-05,5.89146e-05,5.96166e-05,5.90843e-05,5.8534e-05,5.95236e-05,5.78768e-05,5.84046e-05,5.83514e-05,5.9339e-05,5.88815e-05,5.92383e-05,5.83139e-05,5.86951e-05,5.85473e-05
0,0,0,0,0,0,0,0,0,0,0,5.71078e-05,5.86442e-05,5.73057e-05,5.78182e-05,5.69497e-05,5.74167e-05,5.76419e-05,5.82945e-05,5.77601e-05,5.81452e-05,5.80137e-05,5.83459e-05,5.87621e-05,5.76765e-05,5.87368e-05,5.77213e-05,5.77607e-05,5.83383e-05,5.85085e-05,5.76721e-05,5.82075e-05,5.76878e-05,5.87912e-05,5.83973e-05,5.91054e-05,5.85685e-05,5.80133e-05,5.90116e-05,5.73501e-05,5.78828e-05,5.78291e-05,5.88255e-05,5.83639e-05,5.87238e-05,5.77913e-05,5.81759e-05,5.80268e-05
0,0,0,0,0,0,0,0,0,0,0,0,5.67484e-05,5.63033e-05,5.60121e-05,5.5611e-05,5.593e-05,5.61611e-05,5.68307e-05,5.62824e-05,5.66775e-05,5.65426e-05,5.68835e-05,5.73102e-05,5.61966e-05,5.72843e-05,5.62426e-05,5.6283e-05,5.68756e-05,5.70502e-05,5.61921e-05,5.67414e-05,5.62082e-05,5.73401e-05,5.69361e-05,5.76622e-05,5.71117e-05,5.65423e-05,5.7566e-05,5.58616e-05,5.64083e-05,5.63532e-05,5.73752e-05,5.69019e-05,5.7271e-05,5.63144e-05,5.6709e-05,5.65561e-05
0,0,0,0,0,0,0,0,0,0,0,0,0,5.73708e-05,5.7407e-05,5.7479e-05,5.74986e-05,5.77254e-05,5.83751e-05,5.78415e-05,5.8226e-05,5.80947e-05,5.84265e-05,5.88421e-05,5.7758e-05,5.88169e-05,5.78027e-05,5.7842e-05,5.84189e-05,5.85888e-05,5.77536e-05,5.82882e-05,5.77693e-05,5.88712e-05,5.84778e-05,5.91849e-05,5.86487e-05,5.80944e-05,5.90912e-05,5.74321e-05,5.7964e-05,5.79104e-05,5.89054e-05,5.84444e-05,5.88039e-05,5.78726e-05,5.82567e-05,5.81078e-05
0,0,0,0,0,0,0,0,0,0,0,0,0,0,5.66403e-05,5.62454e-05,5.66139e-05,5.68422e-05,5.75039e-05,5.69621e-05,5.73525e-05,5.72192e-05,5.7556e-05,5.79779e-05,5.68773e-05,5.79523e-05,5.69227e-05,5.69627e-05,5.75483e-05,5.77208e-05,5.68729e-05,5.74157e-05,5.68888e-05,5.80074e-05,5.76081e-05,5.83258e-05,5.77816e-05,5.72189e-05,5.82307e-05,5.65463e-05,5.70865e-05,5.7032e-05,5.80421e-05,5.75742e-05,5.79391e-05,5.69937e-05,5.73837e-05,5.72325e-05
0,0,0,0,0,0,0,0,0,0,0,0,0,0,0,5.62866e-05,5.6655e-05,5.68832e-05,5.75443e-05,5.7003e-05,5.73931e-05,5.72599e-05,5.75965e-05,5.8018e-05,5.69183e-05,5.79924e-05,5.69636e-05,5.70035e-05,5.75888e-05,5.77612e-05,5.69138e-05,5.74562e-05,5.69297e-05,5.80475e-05,5.76485e-05,5.83657e-05,5.78219e-05,5.72595e-05,5.82707e-05,5.65875e-05,5.71272e-05,5.70729e-05,5.80822e-05,5.76147e-05,5.79793e-05,5.70346e-05,5.74242e-05,5.72732e-05
0,0,0,0,0,0,0,0,0,0,0,0,0,0,0,0,5.62238e-05,5.64551e-05,5.71198e-05,5.65743e-05,5.69675e-05,5.68332e-05,5.71723e-05,5.7597e-05,5.6489e-05,5.75712e-05,5.65347e-05,5.65749e-05,5.71646e-05,5.73382e-05,5.64845e-05,5.7031e-05,5.65005e-05,5.76267e-05,5.72247e-05,5.79472e-05,5.73994e-05,5.68329e-05,5.78515e-05,5.61557e-05,5.66996e-05,5.66448e-05,5.76616e-05,5.71906e-05,5.75579e-05,5.66062e-05,5.69988e-05,5.68466e-05
0,0,0,0,0,0,0,0,0,0,0,0,0,0,0,0,0,5.64875e-05,5.67475e-05,5.62621e-05,5.69995e-05,5.64943e-05,5.72066e-05,5.71427e-05,5.65247e-05,5.76037e-05,5.62237e-05,5.62623e-05,5.67881e-05,5.73701e-05,5.61793e-05,5.6668e-05,5.65274e-05,5.76531e-05,5.72513e-05,5.79734e-05,5.74259e-05,5.68596e-05,5.78778e-05,5.61828e-05,5.67264e-05,5.66716e-05,5.7688e-05,5.72172e-05,5.75844e-05,5.6633e-05,5.70255e-05,5.68733e-05
0,0,0,0,0,0,0,0,0,0,0,0,0,0,0,0,0,0,5.73758e-05,5.64713e-05,5.68202e-05,5.67013e-05,5.74265e-05,5.78519e-05,5.67506e-05,5.78307e-05,5.67964e-05,5.64721e-05,5.74223e-05,5.7594e-05,5.63864e-05,5.68759e-05,5.67561e-05,5.78773e-05,5.74771e-05,5.81965e-05,5.76511e-05,5.7087e-05,5.75411e-05,5.64129e-05,5.69543e-05,5.68997e-05,5.79121e-05,5.74463e-05,5.78089e-05,5.6864e-05,5.72522e-05,5.71007e-05
0,0,0,0,0,0,0,0,0,0,0,0,0,0,0,0,0,0,0,5.70648e-05,5.78818e-05,5.77516e-05,5.75849e-05,5.85049e-05,5.69871e-05,5.84747e-05,5.74592e-05,5.74989e-05,5.75819e-05,5.82477e-05,5.69867e-05,5.79424e-05,5.74187e-05,5.85272e-05,5.81315e-05,5.88429e-05,5.83035e-05,5.77458e-05,5.87486e-05,5.70795e-05,5.76146e-05,5.75607e-05,5.85617e-05,5.8098e-05,5.84596e-05,5.75227e-05,5.79091e-05,5.77593e-05
0,0,0,0,0,0,0,0,0,0,0,0,0,0,0,0,0,0,0,0,5.69333e-05,5.72125e-05,5.755e-05,5.74597e-05,5.6504e-05,5.7944e-05,5.69158e-05,5.65813e-05,5.75445e-05,5.77119e-05,5.64994e-05,5.74078e-05,5.68762e-05,5.7995e-05,5.75957e-05,5.83135e-05,5.77692e-05,5.72063e-05,5.82205e-05,5.65336e-05,5.70739e-05,5.70195e-05,5.80298e-05,5.75618e-05,5.79267e-05,5.69811e-05,5.73712e-05,5.722e-05
0,0,0,0,0,0,0,0,0,0,0,0,0,0,0,0,0,0,0,0,0,5.76031e-05,5.79349e-05,5.78018e-05,5.68538e-05,5.77794e-05,5.68934e-05,5.73453e-05,5.79242e-05,5.80976e-05,5.72585e-05,5.77969e-05,5.72672e-05,5.83786e-05,5.79819e-05,5.8695e-05,5.81543e-05,5.75951e-05,5.86028e-05,5.6927e-05,5.74636e-05,5.74095e-05,5.84131e-05,5.79482e-05,5.83107e-05,5.73714e-05,5.77589e-05,5.76087e-05
0,0,0,0,0,0,0,0,0,0,0,0,0,0,0,0,0,0,0,0,0,0,5.77998e-05,5.822e-05,5.67369e-05,5.76632e-05,5.67761e-05,5.6816e-05,5.73335e-05,5.79678e-05,5.71264e-05,5.76677e-05,5.71337e-05,5.82476e-05,5.785e-05,5.85647e-05,5.80228e-05,5.74624e-05,5.84722e-05,5.67927e-05,5.73305e-05,5.72763e-05,5.82822e-05,5.78162e-05,5.81796e-05,5.72382e-05,5.76265e-05,5.74759e-05
0,0,0,0,0,0,0,0,0,0,0,0,0,0,0,0,0,0,0,0,0,0,0,5.79736e-05,5.74657e-05,5.8526e-05,5.70737e-05,5.75465e-05,5.81282e-05,5.77681e-05,5.70283e-05,5.79971e-05,5.7471e-05,5.85785e-05,5.81831e-05,5.88938e-05,5.8355e-05,5.77978e-05,5.87997e-05,5.7132e-05,5.76667e-05,5.76128e-05,5.86129e-05,5.81496e-05,5.85109e-05,5.75749e-05,5.79609e-05,5.78113e-05
0,0,0,0,0,0,0,0,0,0,0,0,0,0,0,0,0,0,0,0,0,0,0,0,5.78864e-05,5.89417e-05,5.79333e-05,5.79698e-05,5.85436e-05,5.87142e-05,5.7884e-05,5.84132e-05,5.78934e-05,5.8993e-05,5.86005e-05,5.93062e-05,5.87711e-05,5.82178e-05,5.92126e-05,5.7557e-05,5.80877e-05,5.80342e-05,5.90272e-05,5.85672e-05,5.89259e-05,5.79966e-05,5.83798e-05,5.82312e-05
0,0,0,0,0,0,0,0,0,0,0,0,0,0,0,0,0,0,0,0,0,0,0,0,0,5.78609e-05,5.64682e-05,5.65065e-05,5.70275e-05,5.71725e-05,5.67816e-05,5.73244e-05,5.67913e-05,5.79118e-05,5.75118e-05,5.82307e-05,5.76857e-05,5.71219e-05,5.81355e-05,5.64482e-05,5.69893e-05,5.69348e-05,5.79466e-05,5.74779e-05,5.78434e-05,5.68964e-05,5.7287e-05,5.71356e-05
0,0,0,0,0,0,0,0,0,0,0,0,0,0,0,0,0,0,0,0,0,0,0,0,0,0,5.79099e-05,5.7945e-05,5.85209e-05,5.86887e-05,5.73551e-05,5.78339e-05,5.78678e-05,5.89679e-05,5.85751e-05,5.92811e-05,5.87458e-05,5.81924e-05,5.91876e-05,5.75312e-05,5.80622e-05,5.80087e-05,5.9002e-05,5.85418e-05,5.89007e-05,5.7971e-05,5.83544e-05,5.82058e-05
0,0,0,0,0,0,0,0,0,0,0,0,0,0,0,0,0,0,0,0,0,0,0,0,0,0,0,5.69187e-05,5.75035e-05,5.72162e-05,5.6462e-05,5.69512e-05,5.68367e-05,5.79564e-05,5.75567e-05,5.82751e-05,5.77304e-05,5.71671e-05,5.81799e-05,5.6494e-05,5.70346e-05,5.69801e-05,5.79911e-05,5.75228e-05,5.7888e-05,5.69418e-05,5.73321e-05,5.71808e-05
0,0,0,0,0,0,0,0,0,0,0,0,0,0,0,0,0,0,0,0,0,0,0,0,0,0,0,0,5.71041e-05,5.72499e-05,5.68667e-05,5.6989e-05,5.68767e-05,5.79956e-05,5.75962e-05,5.83141e-05,5.77698e-05,5.72069e-05,5.82211e-05,5.65342e-05,5.70745e-05,5.70201e-05,5.80303e-05,5.75624e-05,5.79273e-05,5.69817e-05,5.73718e-05,5.72206e-05
0,0,0,0,0,0,0,0,0,0,0,0,0,0,0,0,0,0,0,0,0,0,0,0,0,0,0,0,0,5.82911e-05,5.70214e-05,5.79884e-05,5.74633e-05,5.85709e-05,5.81755e-05,5.88863e-05,5.83474e-05,5.77901e-05,5.87921e-05,5.71243e-05,5.7659e-05,5.76051e-05,5.86053e-05,5.8142e-05,5.85033e-05,5.75672e-05,5.79533e-05,5.78036e-05
0,0,0,0,0,0,0,0,0,0,0,0,0,0,0,0,0,0,0,0,0,0,0,0,0,0,0,0,0,0,5.76243e-05,5.76499e-05,5.7636e-05,5.87404e-05,5.83462e-05,5.90549e-05,5.85175e-05,5.79619e-05,5.8961e-05,5.7298e-05,5.78312e-05,5.77774e-05,5.87747e-05,5.83127e-05,5.8673e-05,5.77396e-05,5.81246e-05,5.79753e-05
0,0,0,0,0,0,0,0,0,0,0,0,0,0,0,0,0,0,0,0,0,0,0,0,0,0,0,0,0,0,0,5.73217e-05,5.67868e-05,5.79074e-05,5.75074e-05,5.82264e-05,5.76813e-05,5.71175e-05,5.81332e-05,5.64437e-05,5.69849e-05,5.69303e-05,5.79422e-05,5.74735e-05,5.7839e-05,5.68919e-05,5.72826e-05,5.71311e-05
0,0,0,0,0,0,0,0,0,0,0,0,0,0,0,0,0,0,0,0,0,0,0,0,0,0,0,0,0,0,0,0,5.73304e-05,5.84406e-05,5.80443e-05,5.87567e-05,5.82165e-05,5.7658e-05,5.86646e-05,5.69906e-05,5.75266e-05,5.74726e-05,5.84751e-05,5.80107e-05,5.83728e-05,5.74346e-05,5.78216e-05,5.76715e-05
0,0,0,0,0,0,0,0,0,0,0,0,0,0,0,0,0,0,0,0,0,0,0,0,0,0,0,0,0,0,0,0,0,5.79247e-05,5.70881e-05,5.76545e-05,5.72339e-05,5.71407e-05,5.81489e-05,5.61289e-05,5.70028e-05,5.65767e-05,5.79615e-05,5.74946e-05,5.73615e-05,5.65453e-05,5.73016e-05,5.71527e-05
0,0,0,0,0,0,0,0,0,0,0,0,0,0,0,0,0,0,0,0,0,0,0,0,0,0,0,0,0,0,0,0,0,0,5.86296e-05,5.93375e-05,5.88053e-05,5.77107e-05,5.92415e-05,5.71047e-05,5.75921e-05,5.80701e-05,5.90611e-05,5.86007e-05,5.89577e-05,5.80284e-05,5.78543e-05,5.82671e-05
0,0,0,0,0,0,0,0,0,0,0,0,0,0,0,0,0,0,0,0,0,0,0,0,0,0,0,0,0,0,0,0,0,0,0,5.89499e-05,5.84105e-05,5.78524e-05,5.88564e-05,5.71899e-05,5.77229e-05,5.76688e-05,5.86665e-05,5.76872e-05,5.79917e-05,5.71801e-05,5.80166e-05,5.7394e-05
0,0,0,0,0,0,0,0,0,0,0,0,0,0,0,0,0,0,0,0,0,0,0,0,0,0,0,0,0,0,0,0,0,0,0,0,5.91197e-05,5.85664e-05,5.95565e-05,5.73437e-05,5.8435e-05,5.83861e-05,5.93714e-05,5.89138e-05,5.9271e-05,5.77459e-05,5.87279e-05,5.85797e-05
0,0,0,0,0,0,0,0,0,0,0,0,0,0,0,0,0,0,0,0,0,0,0,0,0,0,0,0,0,0,0,0,0,0,0,0,0,5.75266e-05,5.90232e-05,5.73646e-05,5.74074e-05,5.73628e-05,5.88394e-05,5.83773e-05,5.87377e-05,5.73264e-05,5.81934e-05,5.80378e-05
0,0,0,0,0,0,0,0,0,0,0,0,0,0,0,0,0,0,0,0,0,0,0,0,0,0,0,0,0,0,0,0,0,0,0,0,0,0,5.84697e-05,5.64304e-05,5.73369e-05,5.68776e-05,5.82858e-05,5.78193e-05,5.76524e-05,5.72419e-05,5.71898e-05,5.74815e-05
0,0,0,0,0,0,0,0,0,0,0,0,0,0,0,0,0,0,0,0,0,0,0,0,0,0,0,0,0,0,0,0,0,0,0,0,0,0,0,5.78144e-05,5.83431e-05,5.82898e-05,5.92755e-05,5.81789e-05,5.91747e-05,5.76764e-05,5.86334e-05,5.8483e-05
0,0,0,0,0,0,0,0,0,0,0,0,0,0,0,0,0,0,0,0,0,0,0,0,0,0,0,0,0,0,0,0,0,0,0,0,0,0,0,0,5.66668e-05,5.62637e-05,5.71342e-05,5.6743e-05,5.75237e-05,5.65694e-05,5.69656e-05,5.64413e-05
0,0,0,0,0,0,0,0,0,0,0,0,0,0,0,0,0,0,0,0,0,0,0,0,0,0,0,0,0,0,0,0,0,0,0,0,0,0,0,0,0,5.71522e-05,5.76191e-05,5.72325e-05,5.80512e-05,5.71094e-05,5.70717e-05,5.69379e-05
0,0,0,0,0,0,0,0,0,0,0,0,0,0,0,0,0,0,0,0,0,0,0,0,0,0,0,0,0,0,0,0,0,0,0,0,0,0,0,0,0,0,5.75702e-05,5.71853e-05,5.79996e-05,5.70564e-05,5.702e-05,5.72954e-05
0,0,0,0,0,0,0,0,0,0,0,0,0,0,0,0,0,0,0,0,0,0,0,0,0,0,0,0,0,0,0,0,0,0,0,0,0,0,0,0,0,0,0,5.86375e-05,5.89919e-05,5.80607e-05,5.84506e-05,5.77494e-05
0,0,0,0,0,0,0,0,0,0,0,0,0,0,0,0,0,0,0,0,0,0,0,0,0,0,0,0,0,0,0,0,0,0,0,0,0,0,0,0,0,0,0,0,5.85317e-05,5.75985e-05,5.79829e-05,5.78352e-05
0,0,0,0,0,0,0,0,0,0,0,0,0,0,0,0,0,0,0,0,0,0,0,0,0,0,0,0,0,0,0,0,0,0,0,0,0,0,0,0,0,0,0,0,0,5.79623e-05,5.8346e-05,5.76671e-05
0,0,0,0,0,0,0,0,0,0,0,0,0,0,0,0,0,0,0,0,0,0,0,0,0,0,0,0,0,0,0,0,0,0,0,0,0,0,0,0,0,0,0,0,0,0,5.69836e-05,5.72554e-05
0,0,0,0,0,0,0,0,0,0,0,0,0,0,0,0,0,0,0,0,0,0,0,0,0,0,0,0,0,0,0,0,0,0,0,0,0,0,0,0,0,0,0,0,0,0,0,5.71991e-05
0,0,0,0,0,0,0,0,0,0,0,0,0,0,0,0,0,0,0,0,0,0,0,0,0,0,0,0,0,0,0,0,0,0,0,0,0,0,0,0,0,0,0,0,0,0,0,0
