# # np.logspace(-2, 2., num = num_time_points)
0,2.232e-10,2.05793e-10,2.03768e-10,4.44351e-10,1.51255e-09,2.7188e-10,5.55939e-10,7.58194e-10,5.10473e-09,3.48926e-10,4.80438e-10,3.08751e-10,4.933e-10,3.8304e-10,1.32578e-10,2.30482e-10,3.01341e-10,2.95506e-10,2.60461e-10,7.1319e-10,4.95244e-10,7.30603e-10,1.36597e-09,2.26429e-10,1.68995e-09,2.21087e-10,2.41355e-10,2.33383e-10,3.47551e-10,3.47203e-10,6.36984e-10,3.31978e-10,1.08403e-09,7.85387e-10,4.58486e-09,7.91398e-10,3.77545e-10,5.45568e-09,3.19325e-10,5.41711e-10,3.52475e-10,1.42437e-09,1.40278e-09,9.57386e-10,7.791e-10,3.66095e-10,3.10217e-10
0,0,1.21481e-10,2.62318e-10,6.08247e-11,2.38298e-09,8.75429e-10,2.22092e-10,9.09015e-10,4.75827e-09,1.94553e-10,1.76737e-10,8.63168e-10,1.23487e-10,2.58714e-10,2.74321e-10,1.77336e-10,4.361e-10,2.57747e-10,1.8088e-10,5.80596e-10,3.64563e-10,6.7534e-10,1.42798e-09,1.70132e-10,1.85571e-09,2.16178e-10,1.68911e-10,2.04778e-10,3.38129e-10,2.28547e-10,5.00133e-10,3.06762e-10,1.09661e-09,6.78066e-10,4.50737e-09,7.52472e-10,3.46151e-10,5.09337e-09,2.54245e-10,4.81607e-10,2.79774e-10,1.43714e-09,1.53702e-09,9.62964e-10,8.52513e-10,3.03221e-10,2.84369e-10
0,0,0,1.01641e-10,1.81435e-10,2.05846e-09,6.19404e-10,1.72424e-10,1.00606e-09,4.62341e-09,4.07054e-10,2.54034e-10,8.36717e-10,1.82035e-10,7.36802e-11,7.68209e-11,6.33904e-11,4.10839e-10,2.02042e-10,7.45513e-11,5.43575e-10,3.15345e-10,6.54448e-10,1.42833e-09,4.95225e-11,1.87287e-09,1.46553e-10,4.18224e-11,1.27972e-10,3.01464e-10,1.53022e-10,4.5972e-10,2.60224e-10,1.08548e-09,6.50173e-10,4.49297e-09,7.30945e-10,3.03297e-10,5.04269e-09,1.90967e-10,4.48548e-10,2.23549e-10,1.4282e-09,1.54641e-09,9.49643e-10,8.44267e-10,2.52347e-10,2.34317e-10
0,0,0,0,1.0226e-10,2.20831e-09,7.79948e-10,1.7693e-10,8.06391e-10,5.11248e-09,2.45853e-10,1.75731e-10,8.6908e-10,1.62798e-10,1.65258e-10,1.24181e-10,1.03969e-10,4.29257e-10,2.18014e-10,1.06365e-10,5.38093e-10,3.19036e-10,6.58355e-10,1.43381e-09,9.23065e-11,1.88312e-09,1.70329e-10,8.66958e-11,1.51477e-10,3.14846e-10,1.66674e-10,4.60587e-10,2.72962e-10,1.09055e-09,6.5229e-10,4.49063e-09,7.35469e-10,3.14149e-10,5.0267e-09,2.06094e-10,4.53691e-10,2.36049e-10,1.43306e-09,1.5556e-09,9.54927e-10,8.54633e-10,2.6301e-10,2.48382e-10
0,0,0,0,0,1.31039e-09,2.79936e-10,4.68196e-10,1.12248e-09,4.30559e-09,3.83322e-10,5.53407e-10,4.56187e-10,4.87063e-10,1.48892e-10,1.25837e-10,1.75865e-10,3.93593e-10,2.57758e-10,1.82812e-10,5.94607e-10,3.77803e-10,6.81038e-10,1.42085e-09,1.66922e-10,1.8357e-09,2.07322e-10,1.69839e-10,2.00639e-10,3.36824e-10,2.37526e-10,5.1524e-10,3.05275e-10,1.09325e-09,6.87071e-10,4.5111e-09,7.54054e-10,3.44074e-10,5.13521e-09,2.53945e-10,4.83078e-10,2.79714e-10,1.43392e-09,1.52329e-09,9.61963e-10,8.43177e-10,3.04663e-10,2.82928e-10
0,0,0,0,0,0,3.19063e-09,1.2775e-09,1.86633e-09,5.92751e-09,2.26296e-09,1.14103e-09,3.26645e-09,1.23719e-09,2.09336e-09,2.13956e-09,1.98425e-09,2.11823e-09,1.98989e-09,1.96816e-09,2.02056e-09,1.97536e-09,2.07989e-09,2.44784e-09,1.98017e-09,2.74997e-09,1.99395e-09,1.96897e-09,1.98979e-09,2.00529e-09,1.95971e-09,2.00216e-09,1.99393e-09,2.25796e-09,2.07199e-09,4.91654e-09,2.10558e-09,2.00133e-09,5.38697e-09,1.9834e-09,2.0242e-09,1.98714e-09,2.4463e-09,2.52923e-09,2.19393e-09,2.16686e-09,1.9905e-09,1.99308e-09
0,0,0,0,0,0,0,2.58163e-10,1.09149e-09,4.9168e-09,7.33535e-10,2.13093e-10,1.66821e-09,2.86747e-10,6.21512e-10,7.52693e-10,6.25657e-10,8.52822e-10,6.49056e-10,6.05327e-10,7.69513e-10,6.42395e-10,8.8443e-10,1.5758e-09,6.21021e-10,2.02595e-09,6.52589e-10,6.06319e-10,6.40026e-10,6.9012e-10,5.97948e-10,7.14402e-10,6.69221e-10,1.25284e-09,8.62604e-10,4.52192e-09,9.43056e-10,6.87715e-10,4.98025e-09,6.36383e-10,7.47889e-10,6.41749e-10,1.56135e-09,1.71002e-09,1.13207e-09,1.07853e-09,6.57374e-10,6.64093e-10
0,0,0,0,0,0,0,0,1.0064e-09,4.4418e-09,1.76872e-10,5.78257e-10,3.03538e-10,5.54941e-10,2.63302e-10,1.95859e-10,2.16874e-10,3.92198e-10,2.89632e-10,2.30473e-10,6.18932e-10,4.10055e-10,6.96357e-10,1.42229e-09,2.13303e-10,1.82851e-09,2.43532e-10,2.19106e-10,2.38269e-10,3.57142e-10,2.79899e-10,5.42249e-10,3.32739e-10,1.102e-09,7.03852e-10,4.51615e-09,7.66433e-10,3.67355e-10,5.1622e-09,2.88158e-10,5.02705e-10,3.13164e-10,1.44089e-09,1.52107e-09,9.7001e-10,8.49028e-10,3.33597e-10,3.11324e-10
0,0,0,0,0,0,0,0,0,2.26949e-09,1.0922e-09,1.47384e-09,1.37457e-09,1.05884e-09,7.11591e-10,1.25725e-09,9.94303e-10,1.14217e-09,1.00929e-09,9.81868e-10,1.09518e-09,1.0076e-09,1.17565e-09,1.74813e-09,9.91408e-10,2.15187e-09,1.01085e-09,9.82431e-10,1.00376e-09,1.03808e-09,9.7766e-10,1.05578e-09,1.02232e-09,1.46927e-09,1.16334e-09,4.59217e-09,1.22158e-09,1.03403e-09,5.07717e-09,1.00141e-09,1.0767e-09,1.0052e-09,1.73842e-09,1.86465e-09,1.37092e-09,1.32286e-09,1.01489e-09,1.0186e-09
0,0,0,0,0,0,0,0,0,0,4.68752e-09,3.5146e-09,4.66511e-09,4.39764e-09,5.31697e-09,4.0091e-09,4.59714e-09,4.50798e-09,4.605e-09,4.61308e-09,4.67129e-09,4.64536e-09,4.65354e-09,4.79862e-09,4.59626e-09,4.90998e-09,4.58934e-09,4.61026e-09,4.59548e-09,4.60227e-09,4.62876e-09,4.66227e-09,4.60789e-09,4.72137e-09,4.66305e-09,6.45896e-09,4.66238e-09,4.61089e-09,6.97132e-09,4.61124e-09,4.63031e-09,4.61301e-09,4.82285e-09,4.81398e-09,4.69574e-09,4.65513e-09,4.61245e-09,4.6049e-09
0,0,0,0,0,0,0,0,0,0,0,3.66605e-10,9.91088e-10,2.66463e-10,3.14091e-10,2.40744e-10,3.24107e-10,5.07458e-10,3.74591e-10,3.24539e-10,6.43157e-10,4.56009e-10,7.32844e-10,1.452e-09,3.18726e-10,1.87209e-09,3.44038e-10,3.17735e-10,3.38848e-10,4.29711e-10,3.5542e-10,5.71067e-10,4.07637e-10,1.12865e-09,7.3113e-10,4.51412e-09,7.96526e-10,4.39568e-10,5.10563e-09,3.72273e-10,5.52488e-10,3.87812e-10,1.46176e-09,1.55993e-09,9.99494e-10,8.91806e-10,4.07846e-10,3.93764e-10
0,0,0,0,0,0,0,0,0,0,0,0,3.65942e-10,5.8177e-10,2.03947e-10,2.92724e-10,2.68114e-10,4.3932e-10,3.28267e-10,2.76535e-10,6.3117e-10,4.32295e-10,7.12763e-10,1.43318e-09,2.64592e-10,1.84231e-09,2.91802e-10,2.67043e-10,2.84933e-10,3.95426e-10,3.18005e-10,5.56706e-10,3.67867e-10,1.11105e-09,7.21848e-10,4.51834e-09,7.8216e-10,3.9983e-10,5.14674e-09,3.26064e-10,5.26066e-10,3.49492e-10,1.44775e-09,1.53329e-09,9.82524e-10,8.65481e-10,3.67074e-10,3.48219e-10
0,0,0,0,0,0,0,0,0,0,0,0,0,3.77842e-10,6.04884e-10,8.66108e-10,7.41822e-10,9.7984e-10,7.5958e-10,7.17151e-10,8.45324e-10,7.36037e-10,9.69071e-10,1.63162e-09,7.37302e-10,2.08441e-09,7.69654e-10,7.19399e-10,7.55846e-10,7.97835e-10,7.03043e-10,7.9656e-10,7.77021e-10,1.3161e-09,9.42419e-10,4.53316e-09,1.01946e-09,7.9279e-10,4.96329e-09,7.45691e-10,8.40889e-10,7.49388e-10,1.61332e-09,1.77221e-09,1.19899e-09,1.1594e-09,7.63615e-10,7.73605e-10
0,0,0,0,0,0,0,0,0,0,0,0,0,0,2.05235e-10,1.64579e-10,2.05541e-10,4.03806e-10,2.80238e-10,2.14245e-10,6.02639e-10,3.92611e-10,6.89089e-10,1.42536e-09,1.99348e-10,1.84092e-09,2.35611e-10,2.03069e-10,2.28835e-10,3.5355e-10,2.61937e-10,5.24974e-10,3.24177e-10,1.10008e-09,6.93397e-10,4.51057e-09,7.60736e-10,3.60607e-10,5.12923e-09,2.7754e-10,4.9315e-10,3.01807e-10,1.43921e-09,1.52994e-09,9.67469e-10,8.50353e-10,3.23286e-10,3.0342e-10
0,0,0,0,0,0,0,0,0,0,0,0,0,0,0,5.88643e-11,1.04978e-10,3.69963e-10,2.18719e-10,1.23184e-10,5.81938e-10,3.54605e-10,6.68506e-10,1.40948e-09,9.87899e-11,1.82262e-09,1.57571e-10,1.02211e-10,1.46947e-10,3.0578e-10,1.96328e-10,4.99959e-10,2.7246e-10,1.08441e-09,6.75947e-10,4.51202e-09,7.41731e-10,3.15064e-10,5.15049e-09,2.14981e-10,4.6462e-10,2.47069e-10,1.42689e-09,1.51084e-09,9.50177e-10,8.27005e-10,2.72954e-10,2.46952e-10
0,0,0,0,0,0,0,0,0,0,0,0,0,0,0,0,9.87211e-11,4.34769e-10,2.15616e-10,9.82046e-11,5.44429e-10,3.19493e-10,6.60252e-10,1.43133e-09,8.55454e-11,1.87801e-09,1.64214e-10,7.92798e-11,1.49758e-10,3.14225e-10,1.65883e-10,4.62778e-10,2.71455e-10,1.08905e-09,6.55551e-10,4.49471e-09,7.37225e-10,3.12927e-10,5.03522e-09,2.04454e-10,4.54029e-10,2.3546e-10,1.43179e-09,1.55295e-09,9.53373e-10,8.51078e-10,2.62891e-10,2.46624e-10
0,0,0,0,0,0,0,0,0,0,0,0,0,0,0,0,0,4.24975e-10,1.06702e-10,1.62353e-10,5.89242e-10,2.77992e-10,8.50524e-10,1.15358e-09,7.52811e-11,1.95653e-09,1.33344e-10,4.5611e-11,1.82934e-10,2.47286e-10,1.05232e-10,4.37909e-10,2.66677e-10,1.09206e-09,6.379e-10,4.47838e-09,7.30817e-10,3.07049e-10,4.98032e-09,1.91917e-10,4.44425e-10,2.22545e-10,1.4348e-09,1.57647e-09,9.55099e-10,8.62362e-10,2.50381e-10,2.41326e-10
0,0,0,0,0,0,0,0,0,0,0,0,0,0,0,0,0,0,4.90715e-10,3.61408e-10,2.16584e-10,1.54676e-10,6.01278e-10,1.82627e-09,4.30887e-10,2.71105e-09,6.21373e-10,3.98483e-10,5.24223e-10,6.22542e-10,2.24251e-10,1.64023e-10,5.66858e-10,1.30542e-09,2.99309e-10,4.06245e-09,7.21025e-10,5.18263e-10,3.52412e-09,3.60326e-10,4.22382e-10,3.26809e-10,1.61289e-09,2.3749e-09,1.14482e-09,1.41725e-09,3.68026e-10,5.53176e-10
0,0,0,0,0,0,0,0,0,0,0,0,0,0,0,0,0,0,0,8.53962e-11,4.3796e-10,3.89651e-10,3.50852e-10,1.99164e-09,1.63681e-10,1.93031e-09,3.36059e-10,2.26688e-10,1.27526e-10,5.81596e-10,3.1214e-10,4.13752e-10,3.25353e-10,1.10469e-09,6.73951e-10,4.4982e-09,7.56477e-10,3.57622e-10,5.03906e-09,2.71261e-10,4.87631e-10,2.94196e-10,1.44375e-09,1.56169e-09,9.71048e-10,8.71718e-10,3.17004e-10,3.01872e-10
0,0,0,0,0,0,0,0,0,0,0,0,0,0,0,0,0,0,0,0,6.57127e-10,3.20301e-10,8.95082e-10,1.10526e-09,8.16436e-11,1.84061e-09,1.01615e-10,5.27261e-11,1.96379e-10,2.13748e-10,1.32729e-10,5.05705e-10,2.5646e-10,1.07289e-09,6.99768e-10,4.54272e-09,7.4456e-10,3.04677e-10,5.24329e-09,2.07194e-10,4.68302e-10,2.43709e-10,1.41734e-09,1.46641e-09,9.40618e-10,7.99798e-10,2.69037e-10,2.29493e-10
0,0,0,0,0,0,0,0,0,0,0,0,0,0,0,0,0,0,0,0,0,1.15467e-09,1.30922e-09,7.12218e-10,5.09851e-10,8.4604e-10,2.86469e-10,5.03707e-10,4.50023e-10,4.35607e-10,8.65218e-10,1.35728e-09,5.86578e-10,1.17884e-09,1.00777e-09,4.65318e-09,9.56818e-10,6.22321e-10,5.79848e-09,6.14504e-10,7.62624e-10,6.38854e-10,1.49696e-09,1.35822e-09,1.06785e-09,8.25957e-10,6.40988e-10,5.70313e-10
0,0,0,0,0,0,0,0,0,0,0,0,0,0,0,0,0,0,0,0,0,0,7.95203e-10,1.21004e-09,2.76273e-10,1.01802e-09,1.33499e-10,2.97913e-10,2.01327e-10,3.69382e-10,6.63262e-10,1.0787e-09,3.8943e-10,1.09512e-09,8.60711e-10,4.61927e-09,8.33135e-10,4.33033e-10,5.68657e-09,4.0066e-10,6.03321e-10,4.32025e-10,1.4314e-09,1.34052e-09,9.72983e-10,7.55859e-10,4.39847e-10,3.64779e-10
0,0,0,0,0,0,0,0,0,0,0,0,0,0,0,0,0,0,0,0,0,0,0,4.54744e-10,7.15675e-10,1.6466e-09,4.77736e-10,6.22554e-10,7.55367e-10,3.44323e-10,6.30511e-10,1.08442e-09,7.03317e-10,1.26265e-09,9.51524e-10,4.56561e-09,9.90477e-10,7.22643e-10,5.26772e-09,6.90374e-10,8.05081e-10,7.00026e-10,1.56702e-09,1.61615e-09,1.14961e-09,1.03154e-09,7.10196e-10,6.93963e-10
0,0,0,0,0,0,0,0,0,0,0,0,0,0,0,0,0,0,0,0,0,0,0,0,1.40163e-09,3.14269e-09,1.8301e-09,1.50441e-09,1.35986e-09,1.91931e-09,1.40917e-09,1.04617e-09,1.45192e-09,1.80301e-09,1.49699e-09,4.66962e-09,1.57862e-09,1.45519e-09,4.9214e-09,1.41618e-09,1.46227e-09,1.41654e-09,2.02889e-09,2.23585e-09,1.71908e-09,1.74603e-09,1.42805e-09,1.4508e-09
0,0,0,0,0,0,0,0,0,0,0,0,0,0,0,0,0,0,0,0,0,0,0,0,0,1.96624e-09,1.60419e-10,4.4238e-11,1.4398e-10,2.31761e-10,1.22348e-10,4.43906e-10,2.60762e-10,1.09088e-09,6.37663e-10,4.47961e-09,7.27561e-10,3.01067e-10,4.98226e-09,1.86974e-10,4.42959e-10,2.17467e-10,1.43203e-09,1.57052e-09,9.53984e-10,8.5792e-10,2.46416e-10,2.34017e-10
0,0,0,0,0,0,0,0,0,0,0,0,0,0,0,0,0,0,0,0,0,0,0,0,0,0,2.46348e-09,1.94741e-09,2.19345e-09,2.12458e-09,1.25553e-09,9.05439e-10,1.89435e-09,2.18772e-09,1.79065e-09,4.72656e-09,1.94371e-09,1.88673e-09,4.44208e-09,1.81999e-09,1.83485e-09,1.8114e-09,2.37821e-09,2.80632e-09,2.11836e-09,2.29114e-09,1.82751e-09,1.89979e-09
0,0,0,0,0,0,0,0,0,0,0,0,0,0,0,0,0,0,0,0,0,0,0,0,0,0,0,1.65994e-10,2.54403e-10,4.36635e-10,5.65399e-11,2.33638e-10,2.98429e-10,1.10691e-09,6.18837e-10,4.4567e-09,7.30979e-10,3.32041e-10,4.79278e-09,2.20075e-10,4.4971e-10,2.43e-10,1.44735e-09,1.64267e-09,9.69851e-10,9.0906e-10,2.71325e-10,2.77847e-10
0,0,0,0,0,0,0,0,0,0,0,0,0,0,0,0,0,0,0,0,0,0,0,0,0,0,0,0,1.04265e-10,2.82176e-10,1.42603e-10,4.42031e-10,2.50397e-10,1.07301e-09,6.88139e-10,4.53601e-09,7.3952e-10,2.98463e-10,5.1919e-09,1.94424e-10,4.60276e-10,2.31284e-10,1.41771e-09,1.48131e-09,9.40114e-10,8.07521e-10,2.58287e-10,2.22962e-10
0,0,0,0,0,0,0,0,0,0,0,0,0,0,0,0,0,0,0,0,0,0,0,0,0,0,0,0,0,3.10631e-10,6.62481e-11,3.52061e-10,2.8859e-10,1.09993e-09,6.31693e-10,4.47371e-09,7.33208e-10,3.23541e-10,4.91067e-09,2.15111e-10,4.4811e-10,2.40607e-10,1.44119e-09,1.59753e-09,9.63402e-10,8.85844e-10,2.64781e-10,2.6391e-10
0,0,0,0,0,0,0,0,0,0,0,0,0,0,0,0,0,0,0,0,0,0,0,0,0,0,0,0,0,0,3.20922e-10,3.16845e-10,3.9743e-10,1.13199e-09,6.88977e-10,4.48539e-09,7.78842e-10,4.26474e-10,4.94157e-09,3.4526e-10,5.26258e-10,3.5717e-10,1.46524e-09,1.61924e-09,1.00036e-09,9.26763e-10,3.82026e-10,3.84559e-10
0,0,0,0,0,0,0,0,0,0,0,0,0,0,0,0,0,0,0,0,0,0,0,0,0,0,0,0,0,0,0,8.17764e-10,2.8252e-10,1.06925e-09,7.65569e-10,4.58568e-09,7.70996e-10,3.30709e-10,5.51773e-09,2.6282e-10,5.09081e-10,2.9871e-10,1.41075e-09,1.37901e-09,9.4057e-10,7.56484e-10,3.1633e-10,2.55441e-10
0,0,0,0,0,0,0,0,0,0,0,0,0,0,0,0,0,0,0,0,0,0,0,0,0,0,0,0,0,0,0,0,5.10129e-10,1.14225e-09,9.57068e-10,4.64371e-09,9.07767e-10,5.49613e-10,5.7787e-09,5.38304e-10,7.08141e-10,5.63589e-10,1.4678e-09,1.33617e-09,1.02712e-09,7.85842e-10,5.66957e-10,4.9357e-10
0,0,0,0,0,0,0,0,0,0,0,0,0,0,0,0,0,0,0,0,0,0,0,0,0,0,0,0,0,0,0,0,0,9.38693e-10,5.28027e-10,3.24921e-09,3.6435e-10,6.27299e-10,4.57879e-09,4.69505e-10,6.43662e-10,3.42599e-10,1.259e-09,1.69794e-09,6.66267e-10,1.31407e-09,1.92372e-10,4.93702e-10
0,0,0,0,0,0,0,0,0,0,0,0,0,0,0,0,0,0,0,0,0,0,0,0,0,0,0,0,0,0,0,0,0,0,8.645e-10,5.24061e-09,1.88036e-09,6.75089e-10,4.57779e-09,6.87481e-10,4.80651e-10,9.84799e-10,2.41695e-09,2.57478e-09,1.91638e-09,1.4104e-09,9.03926e-10,1.22005e-09
0,0,0,0,0,0,0,0,0,0,0,0,0,0,0,0,0,0,0,0,0,0,0,0,0,0,0,0,0,0,0,0,0,0,0,5.54479e-09,1.12205e-09,8.43955e-10,7.18486e-09,7.59287e-10,1.10501e-09,8.68351e-10,1.40348e-09,7.13669e-10,6.21621e-10,3.19944e-10,8.88443e-10,5.65969e-10
0,0,0,0,0,0,0,0,0,0,0,0,0,0,0,0,0,0,0,0,0,0,0,0,0,0,0,0,0,0,0,0,0,0,0,0,6.00215e-09,4.01586e-09,9.03822e-09,3.63036e-09,3.99795e-09,4.4818e-09,5.57281e-09,4.11373e-09,5.00957e-09,2.49281e-09,5.03702e-09,4.1645e-09
0,0,0,0,0,0,0,0,0,0,0,0,0,0,0,0,0,0,0,0,0,0,0,0,0,0,0,0,0,0,0,0,0,0,0,0,0,3.17898e-10,5.58373e-09,4.87859e-10,2.52903e-10,4.80251e-10,2.54397e-09,1.819e-09,1.79998e-09,4.95232e-10,1.1723e-09,4.74741e-10
0,0,0,0,0,0,0,0,0,0,0,0,0,0,0,0,0,0,0,0,0,0,0,0,0,0,0,0,0,0,0,0,0,0,0,0,0,0,5.01428e-09,4.66884e-10,8.47345e-10,4.72243e-10,1.11722e-09,1.43897e-09,4.42832e-10,1.05353e-09,2.70222e-10,5.45156e-10
0,0,0,0,0,0,0,0,0,0,0,0,0,0,0,0,0,0,0,0,0,0,0,0,0,0,0,0,0,0,0,0,0,0,0,0,0,0,0,5.47057e-09,5.92844e-09,5.70096e-09,4.70984e-09,2.13367e-09,4.69168e-09,2.96173e-09,5.54373e-09,4.65656e-09
0,0,0,0,0,0,0,0,0,0,0,0,0,0,0,0,0,0,0,0,0,0,0,0,0,0,0,0,0,0,0,0,0,0,0,0,0,0,0,0,7.82455e-10,4.16223e-10,1.03669e-09,1.2438e-09,8.66276e-10,9.72748e-10,3.11475e-10,2.92122e-10
0,0,0,0,0,0,0,0,0,0,0,0,0,0,0,0,0,0,0,0,0,0,0,0,0,0,0,0,0,0,0,0,0,0,0,0,0,0,0,0,0,8.4742e-10,6.16172e-10,9.54227e-10,6.35493e-10,9.62306e-10,3.99593e-10,6.15418e-10
0,0,0,0,0,0,0,0,0,0,0,0,0,0,0,0,0,0,0,0,0,0,0,0,0,0,0,0,0,0,0,0,0,0,0,0,0,0,0,0,0,0,8.21122e-10,1.14784e-09,7.99419e-10,8.22639e-10,1.41921e-10,4.66788e-10
0,0,0,0,0,0,0,0,0,0,0,0,0,0,0,0,0,0,0,0,0,0,0,0,0,0,0,0,0,0,0,0,0,0,0,0,0,0,0,0,0,0,0,2.95502e-09,2.2749e-09,1.376e-09,1.91075e-09,1.03355e-09
0,0,0,0,0,0,0,0,0,0,0,0,0,0,0,0,0,0,0,0,0,0,0,0,0,0,0,0,0,0,0,0,0,0,0,0,0,0,0,0,0,0,0,0,2.32318e-09,2.76661e-09,1.44688e-09,1.68155e-09
0,0,0,0,0,0,0,0,0,0,0,0,0,0,0,0,0,0,0,0,0,0,0,0,0,0,0,0,0,0,0,0,0,0,0,0,0,0,0,0,0,0,0,0,0,1.28119e-09,1.20962e-09,6.80665e-10
0,0,0,0,0,0,0,0,0,0,0,0,0,0,0,0,0,0,0,0,0,0,0,0,0,0,0,0,0,0,0,0,0,0,0,0,0,0,0,0,0,0,0,0,0,0,6.06126e-10,1.11257e-09
0,0,0,0,0,0,0,0,0,0,0,0,0,0,0,0,0,0,0,0,0,0,0,0,0,0,0,0,0,0,0,0,0,0,0,0,0,0,0,0,0,0,0,0,0,0,0,4.67671e-11
0,0,0,0,0,0,0,0,0,0,0,0,0,0,0,0,0,0,0,0,0,0,0,0,0,0,0,0,0,0,0,0,0,0,0,0,0,0,0,0,0,0,0,0,0,0,0,0
