# # np.logspace(-2, 2., num = num_time_points)
0,3.51972e-12,8.56883e-13,2.59092e-12,4.62456e-12,2.2165e-11,9.34055e-12,5.11465e-12,1.04057e-11,2.05464e-11,2.62752e-12,5.98104e-12,9.55439e-12,6.88962e-12,2.29161e-12,5.71094e-13,2.18715e-12,9.90757e-12,4.724e-12,9.23898e-13,7.27274e-13,1.26243e-12,5.70578e-12,1.39261e-11,8.34305e-13,3.33822e-12,1.76494e-12,1.73027e-12,1.30116e-12,3.87007e-12,1.87032e-12,1.23573e-12,1.77259e-11,1.13153e-11,2.37748e-11,1.07133e-10,3.07486e-11,1.01688e-11,7.27988e-11,7.54273e-12,5.98196e-12,6.81433e-13,1.93118e-11,2.99106e-11,9.53148e-12,3.61545e-11,1.32082e-11,8.10634e-12
0,0,3.39696e-12,3.94925e-12,5.81526e-12,2.33285e-11,9.22091e-12,5.58319e-12,9.77518e-12,1.981e-11,4.05503e-12,7.31866e-12,9.84442e-12,6.14694e-12,4.14099e-12,3.58498e-12,4.22221e-12,1.05566e-11,5.367e-12,3.61648e-12,4.06257e-12,3.80909e-12,9.11856e-12,1.4334e-11,3.95124e-12,5.17227e-12,3.81052e-12,4.32253e-12,3.71466e-12,5.16695e-12,4.29577e-12,3.3695e-12,1.82908e-11,1.18236e-11,2.51056e-11,1.0814e-10,3.07235e-11,1.03491e-11,6.93119e-11,7.66086e-12,7.07048e-12,3.72794e-12,1.82895e-11,2.84127e-11,9.98579e-12,3.6366e-11,1.2359e-11,1.00964e-11
0,0,0,2.54482e-12,4.58252e-12,2.47323e-11,9.52978e-12,4.68517e-12,8.91443e-12,2.26561e-11,3.01528e-12,6.37134e-12,8.5235e-12,4.59601e-12,2.02684e-12,5.69023e-13,2.51878e-12,1.05519e-11,4.79802e-12,9.68565e-13,1.48813e-12,5.83387e-13,6.99619e-12,1.35409e-11,9.02624e-13,1.71524e-12,2.07485e-12,1.91138e-12,1.34235e-12,4.06721e-12,2.63374e-12,9.32541e-13,1.66146e-11,1.16574e-11,2.40699e-11,1.0614e-10,3.05636e-11,9.75823e-12,7.43059e-11,7.42708e-12,6.54854e-12,3.29272e-13,1.92652e-11,2.89349e-11,1.0232e-11,3.32203e-11,1.30181e-11,9.12412e-12
0,0,0,0,5.2905e-12,2.18283e-11,9.59501e-12,4.98618e-12,1.04642e-11,2.144e-11,3.46295e-12,6.39448e-12,8.68439e-12,5.70395e-12,3.0733e-12,2.61852e-12,3.44966e-12,1.01753e-11,4.98849e-12,3.00092e-12,3.29017e-12,2.85981e-12,8.80745e-12,1.43355e-11,2.7504e-12,4.27919e-12,2.3924e-12,3.06534e-12,2.88034e-12,4.52369e-12,2.71804e-12,2.47198e-12,1.79597e-11,1.15839e-11,2.42534e-11,1.05994e-10,3.02279e-11,8.80428e-12,7.37244e-11,7.23568e-12,6.07191e-12,2.57115e-12,1.94317e-11,2.8977e-11,1.03592e-11,3.84913e-11,1.26242e-11,9.41504e-12
0,0,0,0,0,2.6132e-11,1.06804e-11,6.62003e-12,1.20705e-11,2.61944e-11,5.30471e-12,8.43711e-12,1.0783e-11,7.03685e-12,5.12735e-12,4.81453e-12,4.82119e-12,1.12131e-11,6.25776e-12,4.48408e-12,5.12474e-12,4.79283e-12,9.80755e-12,1.58605e-11,4.45028e-12,5.55859e-12,4.76861e-12,4.72415e-12,4.56568e-12,5.61361e-12,4.7381e-12,4.63516e-12,1.85102e-11,1.13807e-11,2.52126e-11,1.05989e-10,3.01044e-11,1.07389e-11,7.55339e-11,6.96723e-12,7.31382e-12,4.54044e-12,1.85695e-11,2.9464e-11,1.00888e-11,3.75516e-11,1.32128e-11,1.023e-11
0,0,0,0,0,0,2.23416e-11,2.90626e-11,2.57399e-11,4.05304e-11,2.26201e-11,2.45036e-11,2.22358e-11,3.04818e-11,2.11736e-11,2.92428e-11,2.31046e-11,2.45739e-11,2.39926e-11,2.13578e-11,2.17394e-11,2.35116e-11,2.37908e-11,2.58473e-11,2.30009e-11,2.24971e-11,2.18211e-11,2.13875e-11,2.15681e-11,2.23866e-11,2.30145e-11,2.25536e-11,2.9027e-11,2.43461e-11,3.34717e-11,1.10352e-10,3.7388e-11,2.60411e-11,7.74538e-11,2.39046e-11,2.43294e-11,2.15387e-11,2.97693e-11,3.57594e-11,2.46127e-11,4.36307e-11,2.44521e-11,2.35562e-11
0,0,0,0,0,0,0,1.12114e-11,1.33547e-11,2.14623e-11,1.01427e-11,1.13814e-11,1.18636e-11,1.19449e-11,1.04576e-11,9.95102e-12,1.00035e-11,1.37308e-11,1.03961e-11,9.39607e-12,9.5792e-12,9.68241e-12,1.25999e-11,1.71397e-11,9.47065e-12,8.93996e-12,9.75647e-12,9.63326e-12,9.56418e-12,9.4372e-12,1.06133e-11,9.21094e-12,2.01632e-11,1.42452e-11,2.4185e-11,1.08098e-10,3.10315e-11,1.40109e-11,7.60337e-11,1.26656e-11,1.1373e-11,9.69122e-12,2.03461e-11,2.83589e-11,1.36105e-11,3.77302e-11,1.48585e-11,1.34342e-11
0,0,0,0,0,0,0,0,1.13085e-11,2.24971e-11,5.53423e-12,8.55902e-12,1.0932e-11,7.24854e-12,5.27074e-12,4.8242e-12,4.51737e-12,1.11686e-11,6.33307e-12,4.33687e-12,4.53516e-12,4.89354e-12,9.10933e-12,1.57524e-11,5.05793e-12,7.51549e-12,4.9259e-12,4.50448e-12,4.64174e-12,5.92358e-12,5.06739e-12,4.71544e-12,1.7167e-11,1.29384e-11,2.33016e-11,1.07239e-10,2.98129e-11,1.10065e-11,7.32607e-11,7.67114e-12,7.83823e-12,4.70009e-12,2.17575e-11,2.69089e-11,1.18551e-11,3.58383e-11,1.32393e-11,1.03419e-11
0,0,0,0,0,0,0,0,0,2.53064e-11,1.03068e-11,1.32899e-11,1.32845e-11,1.20941e-11,9.13774e-12,1.11549e-11,1.08442e-11,1.41643e-11,9.95292e-12,1.05815e-11,8.8643e-12,8.95309e-12,1.24828e-11,1.64733e-11,1.06019e-11,1.03479e-11,1.06465e-11,1.07117e-11,1.04749e-11,9.77919e-12,1.07356e-11,6.54943e-12,2.06696e-11,1.45464e-11,2.6258e-11,1.08139e-10,3.14956e-11,1.42596e-11,7.47442e-11,1.45161e-11,1.1276e-11,1.07274e-11,2.09308e-11,2.96197e-11,1.36264e-11,3.73107e-11,1.55978e-11,1.29966e-11
0,0,0,0,0,0,0,0,0,0,3.46422e-11,2.53096e-11,3.60652e-11,2.24782e-11,2.1031e-11,2.20273e-11,3.26646e-11,2.49266e-11,2.21138e-11,2.19437e-11,2.09681e-11,1.96043e-11,2.20189e-11,2.42049e-11,2.20534e-11,2.20875e-11,2.0364e-11,2.24907e-11,2.2089e-11,2.06716e-11,2.20228e-11,1.99335e-11,2.69588e-11,2.52697e-11,3.25003e-11,1.0822e-10,3.6415e-11,2.2913e-11,7.45926e-11,3.42276e-11,2.07479e-11,1.97426e-11,2.8394e-11,3.53178e-11,2.33824e-11,4.20926e-11,2.29898e-11,2.25361e-11
0,0,0,0,0,0,0,0,0,0,0,6.2153e-12,9.81852e-12,5.78869e-12,3.2727e-12,2.6187e-12,3.47327e-12,1.02424e-11,4.85558e-12,2.56693e-12,3.82672e-12,2.98348e-12,7.8025e-12,1.25718e-11,3.09171e-12,3.47926e-12,3.01581e-12,3.34833e-12,2.76903e-12,4.2246e-12,3.07811e-12,2.29645e-12,1.82446e-11,1.15242e-11,2.43499e-11,1.06592e-10,3.0026e-11,1.02753e-11,7.40037e-11,8.13065e-12,6.43671e-12,3.01659e-12,1.91152e-11,2.844e-11,8.73067e-12,3.61229e-11,1.32493e-11,9.68617e-12
0,0,0,0,0,0,0,0,0,0,0,0,1.10274e-11,8.58579e-12,6.2339e-12,6.41701e-12,6.61624e-12,1.17658e-11,7.51371e-12,4.32407e-12,7.04881e-12,6.45106e-12,1.00952e-11,1.39504e-11,6.765e-12,6.8443e-12,6.42258e-12,6.81385e-12,6.54196e-12,6.94383e-12,6.10668e-12,6.42503e-12,1.9068e-11,1.14962e-11,2.82636e-11,1.08526e-10,3.11387e-11,1.21111e-11,7.83549e-11,1.00443e-11,9.26409e-12,5.87867e-12,1.84995e-11,2.94793e-11,1.07292e-11,3.78852e-11,1.35517e-11,1.13654e-11
0,0,0,0,0,0,0,0,0,0,0,0,0,1.11821e-11,8.94623e-12,1.0159e-11,9.65719e-12,1.34222e-11,9.88587e-12,9.32431e-12,8.98009e-12,9.00252e-12,1.22194e-11,1.68653e-11,9.19349e-12,8.07867e-12,9.59492e-12,9.45839e-12,8.99352e-12,9.20083e-12,5.88205e-12,8.72788e-12,1.99937e-11,1.38883e-11,2.63344e-11,1.10434e-10,3.06785e-11,1.39094e-11,8.04117e-11,1.23157e-11,1.12895e-11,8.231e-12,2.02404e-11,3.05997e-11,1.35971e-11,3.77869e-11,1.46568e-11,1.33814e-11
0,0,0,0,0,0,0,0,0,0,0,0,0,0,5.3782e-12,5.50228e-12,4.44766e-12,1.14335e-11,6.68324e-12,5.20762e-12,6.1003e-12,5.38902e-12,8.44945e-12,1.66438e-11,5.23257e-12,7.35648e-12,5.56064e-12,5.38853e-12,5.14273e-12,6.28823e-12,5.50452e-12,4.94344e-12,1.72206e-11,1.40766e-11,2.47225e-11,1.0701e-10,3.13619e-11,1.11994e-11,7.42994e-11,8.74418e-12,7.0948e-12,5.42865e-12,2.17156e-11,2.55675e-11,1.29439e-11,3.64061e-11,1.34324e-11,1.05792e-11
0,0,0,0,0,0,0,0,0,0,0,0,0,0,0,2.26108e-12,3.20476e-12,7.75826e-12,4.77188e-12,2.36122e-12,2.7129e-12,2.73791e-12,7.01542e-12,1.44456e-11,2.56807e-12,3.42644e-12,2.1849e-12,3.01596e-12,2.74226e-12,4.20045e-12,2.5517e-12,2.47591e-12,1.68598e-11,1.36957e-11,2.23324e-11,1.07235e-10,3.07699e-11,1.03762e-11,7.31631e-11,7.77915e-12,6.01328e-12,2.21692e-12,2.22655e-11,2.7345e-11,1.22863e-11,3.28311e-11,1.25109e-11,9.63022e-12
0,0,0,0,0,0,0,0,0,0,0,0,0,0,0,0,2.12341e-12,8.84377e-12,4.32612e-12,1.04015e-12,2.31242e-12,1.28908e-12,8.70189e-12,1.36266e-11,7.98689e-13,5.26313e-12,3.23261e-12,1.77513e-12,1.4428e-12,3.59796e-12,2.42603e-12,6.07757e-13,1.79211e-11,1.12459e-11,2.43282e-11,1.17726e-10,3.04525e-11,1.00788e-11,8.48924e-11,6.62573e-12,4.84282e-12,8.67279e-13,1.91126e-11,2.86638e-11,9.9461e-12,3.64602e-11,1.23353e-11,9.35319e-12
0,0,0,0,0,0,0,0,0,0,0,0,0,0,0,0,0,9.83783e-12,4.97754e-12,2.49964e-12,3.10274e-12,2.41007e-12,8.40331e-12,1.44697e-11,2.30937e-12,3.79805e-12,2.79279e-12,2.95158e-12,2.44371e-12,4.38246e-12,3.46465e-12,2.28384e-12,1.80991e-11,1.14101e-11,2.45117e-11,1.18775e-10,3.06854e-11,1.01186e-11,8.27356e-11,6.62198e-12,4.36156e-12,2.28231e-12,1.93097e-11,2.87542e-11,1.01534e-11,3.73868e-11,1.22354e-11,9.48951e-12
0,0,0,0,0,0,0,0,0,0,0,0,0,0,0,0,0,0,1.08319e-11,9.40891e-12,1.00117e-11,9.96093e-12,1.30422e-11,1.67982e-11,8.5069e-12,1.01926e-11,9.34794e-12,1.00477e-11,1.01942e-11,1.12914e-11,1.00383e-11,9.59319e-12,2.02836e-11,1.45605e-11,2.66251e-11,1.08771e-10,3.28375e-11,1.33326e-11,8.02817e-11,1.20405e-11,1.1376e-11,9.96165e-12,2.04811e-11,3.19111e-11,1.36581e-11,3.9709e-11,1.55029e-11,1.2303e-11
0,0,0,0,0,0,0,0,0,0,0,0,0,0,0,0,0,0,0,4.72924e-12,4.74044e-12,4.5736e-12,9.10921e-12,1.40478e-11,4.60643e-12,4.12723e-12,4.66032e-12,4.44628e-12,4.38255e-12,5.4047e-12,5.24758e-12,4.14531e-12,1.84319e-11,1.08233e-11,2.33304e-11,1.07827e-10,3.07204e-11,1.07161e-11,7.59931e-11,8.22062e-12,6.59925e-12,4.58279e-12,1.87977e-11,2.74847e-11,9.39612e-12,3.63008e-11,1.31065e-11,1.0435e-11
0,0,0,0,0,0,0,0,0,0,0,0,0,0,0,0,0,0,0,0,2.71676e-12,1.68855e-12,9.22586e-12,1.49808e-11,1.13223e-12,5.96821e-12,1.90925e-12,1.98023e-12,1.42804e-12,4.13154e-12,2.28112e-12,1.37555e-12,1.66577e-11,1.19439e-11,2.25555e-11,1.06897e-10,2.94457e-11,1.00365e-11,7.30972e-11,7.47161e-12,6.2031e-12,1.11368e-12,2.0687e-11,2.87469e-11,1.05915e-11,3.49705e-11,1.22084e-11,9.08583e-12
0,0,0,0,0,0,0,0,0,0,0,0,0,0,0,0,0,0,0,0,0,3.68216e-12,9.66349e-12,1.40614e-11,2.72186e-12,5.3003e-12,2.46629e-12,3.31422e-12,3.03201e-12,4.09663e-12,3.35838e-12,3.66761e-12,1.78869e-11,1.11729e-11,2.42821e-11,1.05534e-10,3.05567e-11,1.08651e-11,7.30893e-11,6.98501e-12,6.40457e-12,2.00068e-12,1.92847e-11,2.64195e-11,9.59299e-12,3.616e-11,1.28751e-11,8.80803e-12
0,0,0,0,0,0,0,0,0,0,0,0,0,0,0,0,0,0,0,0,0,0,8.72005e-12,1.37622e-11,1.62282e-12,2.83609e-12,1.8931e-12,2.65702e-12,2.04291e-12,3.54585e-12,1.53778e-12,1.13938e-12,1.77982e-11,1.15784e-11,2.56405e-11,1.05448e-10,3.04152e-11,1.02301e-11,7.231e-11,7.58277e-12,6.15194e-12,9.81889e-13,1.95494e-11,2.44739e-11,1.03645e-11,3.6109e-11,1.23043e-11,9.30306e-12
0,0,0,0,0,0,0,0,0,0,0,0,0,0,0,0,0,0,0,0,0,0,0,1.6373e-11,8.5221e-12,9.03999e-12,8.71922e-12,9.52518e-12,7.87477e-12,9.07922e-12,1.12221e-11,8.86226e-12,1.95533e-11,1.3342e-11,2.5488e-11,1.06361e-10,3.09782e-11,1.32945e-11,7.20646e-11,1.09039e-11,9.3514e-12,6.28918e-12,1.95244e-11,3.04289e-11,1.23197e-11,3.70244e-11,1.45788e-11,1.28328e-11
0,0,0,0,0,0,0,0,0,0,0,0,0,0,0,0,0,0,0,0,0,0,0,0,1.396e-11,1.29583e-11,1.2219e-11,1.50324e-11,1.38242e-11,1.21742e-11,1.40246e-11,1.3989e-11,2.40378e-11,1.55298e-11,2.78334e-11,1.08734e-10,3.2824e-11,1.79604e-11,7.70784e-11,1.54212e-11,1.51655e-11,1.42362e-11,2.12423e-11,3.17071e-11,1.61097e-11,3.80487e-11,1.88542e-11,1.75551e-11
0,0,0,0,0,0,0,0,0,0,0,0,0,0,0,0,0,0,0,0,0,0,0,0,0,3.47208e-12,2.11572e-12,1.93121e-12,1.02923e-12,4.30075e-12,2.00031e-12,9.87848e-13,1.67716e-11,1.08108e-11,2.46184e-11,1.08095e-10,2.94031e-11,1.01588e-11,7.52178e-11,6.67338e-12,5.78601e-12,8.9933e-13,1.90954e-11,2.91899e-11,9.97219e-12,3.39582e-11,1.20661e-11,9.46497e-12
0,0,0,0,0,0,0,0,0,0,0,0,0,0,0,0,0,0,0,0,0,0,0,0,0,0,1.90991e-12,2.89659e-12,2.62142e-12,4.07466e-12,4.03711e-12,3.7738e-12,1.85456e-11,1.04052e-11,2.47546e-11,1.08201e-10,2.98054e-11,1.11694e-11,7.6045e-11,7.9857e-12,7.27101e-12,3.65888e-12,1.73486e-11,2.95943e-11,8.3486e-12,3.52423e-11,1.19672e-11,1.04419e-11
0,0,0,0,0,0,0,0,0,0,0,0,0,0,0,0,0,0,0,0,0,0,0,0,0,0,0,2.48221e-12,2.12975e-12,3.76483e-12,2.47058e-12,1.36857e-12,1.64384e-11,1.22504e-11,2.47636e-11,1.0645e-10,2.94809e-11,9.89329e-12,7.52094e-11,7.65749e-12,5.97893e-12,1.84785e-12,2.14718e-11,2.91303e-11,1.00404e-11,3.35015e-11,1.22128e-11,9.75787e-12
0,0,0,0,0,0,0,0,0,0,0,0,0,0,0,0,0,0,0,0,0,0,0,0,0,0,0,0,2.12974e-12,4.41711e-12,2.78109e-12,1.73121e-12,1.67028e-11,1.17977e-11,2.25081e-11,1.07915e-10,2.94909e-11,1.01513e-11,7.64114e-11,7.62376e-12,6.31489e-12,1.6783e-12,2.06816e-11,2.88226e-11,1.03947e-11,3.61143e-11,1.23769e-11,9.24866e-12
0,0,0,0,0,0,0,0,0,0,0,0,0,0,0,0,0,0,0,0,0,0,0,0,0,0,0,0,0,3.76382e-12,2.54709e-12,1.49803e-12,1.79416e-11,1.16814e-11,2.49987e-11,1.07876e-10,3.04535e-11,9.86544e-12,7.60751e-11,6.19367e-12,5.86676e-12,1.47102e-12,1.82853e-11,2.81191e-11,9.47255e-12,3.67143e-11,1.24622e-11,9.47213e-12
0,0,0,0,0,0,0,0,0,0,0,0,0,0,0,0,0,0,0,0,0,0,0,0,0,0,0,0,0,0,4.19253e-12,3.45272e-12,1.82073e-11,1.12274e-11,2.4799e-11,1.05991e-10,3.00316e-11,1.06563e-11,7.35482e-11,8.38867e-12,7.00617e-12,3.5483e-12,1.85658e-11,3.0424e-11,1.00202e-11,3.66321e-11,1.28691e-11,1.00926e-11
0,0,0,0,0,0,0,0,0,0,0,0,0,0,0,0,0,0,0,0,0,0,0,0,0,0,0,0,0,0,0,1.85688e-12,1.65326e-11,1.19872e-11,2.45303e-11,1.0771e-10,2.92918e-11,1.03027e-11,7.45733e-11,6.67544e-12,4.7166e-12,1.77187e-12,1.83887e-11,2.86235e-11,1.0237e-11,3.46859e-11,1.23458e-11,9.57444e-12
0,0,0,0,0,0,0,0,0,0,0,0,0,0,0,0,0,0,0,0,0,0,0,0,0,0,0,0,0,0,0,0,1.77712e-11,9.71899e-12,2.42912e-11,1.07307e-10,3.05443e-11,1.04208e-11,7.26836e-11,7.53259e-12,5.42215e-12,3.10706e-13,1.7448e-11,2.72369e-11,9.43901e-12,3.58507e-11,1.28562e-11,9.44653e-12
0,0,0,0,0,0,0,0,0,0,0,0,0,0,0,0,0,0,0,0,0,0,0,0,0,0,0,0,0,0,0,0,0,2.15706e-11,3.05553e-11,1.0959e-10,3.56232e-11,2.12331e-11,7.69318e-11,1.99473e-11,1.9372e-11,1.62996e-11,2.5866e-11,3.34492e-11,2.0291e-11,4.23047e-11,2.13199e-11,2.03594e-11
0,0,0,0,0,0,0,0,0,0,0,0,0,0,0,0,0,0,0,0,0,0,0,0,0,0,0,0,0,0,0,0,0,0,2.65804e-11,1.05186e-10,3.02059e-11,1.55204e-11,7.42734e-11,1.38044e-11,1.27789e-11,1.13412e-11,2.04389e-11,3.07195e-11,1.60138e-11,3.84515e-11,1.49911e-11,1.48113e-11
0,0,0,0,0,0,0,0,0,0,0,0,0,0,0,0,0,0,0,0,0,0,0,0,0,0,0,0,0,0,0,0,0,0,0,1.06149e-10,3.71827e-11,2.59723e-11,7.10406e-11,2.52855e-11,2.52926e-11,2.42006e-11,2.95733e-11,3.58702e-11,2.55644e-11,4.32761e-11,2.64367e-11,2.69231e-11
0,0,0,0,0,0,0,0,0,0,0,0,0,0,0,0,0,0,0,0,0,0,0,0,0,0,0,0,0,0,0,0,0,0,0,0,1.07475e-10,1.07297e-10,1.39442e-10,1.23577e-10,1.06741e-10,1.07452e-10,1.06095e-10,1.11135e-10,1.05456e-10,1.15153e-10,1.0594e-10,1.07128e-10
0,0,0,0,0,0,0,0,0,0,0,0,0,0,0,0,0,0,0,0,0,0,0,0,0,0,0,0,0,0,0,0,0,0,0,0,0,3.25443e-11,7.80062e-11,3.13748e-11,3.09646e-11,3.06247e-11,3.31245e-11,4.08859e-11,2.9913e-11,4.67861e-11,3.26241e-11,3.18937e-11
0,0,0,0,0,0,0,0,0,0,0,0,0,0,0,0,0,0,0,0,0,0,0,0,0,0,0,0,0,0,0,0,0,0,0,0,0,0,8.44885e-11,1.30752e-11,1.29267e-11,1.0848e-11,2.21392e-11,3.04239e-11,1.45291e-11,3.88735e-11,1.5929e-11,1.46892e-11
0,0,0,0,0,0,0,0,0,0,0,0,0,0,0,0,0,0,0,0,0,0,0,0,0,0,0,0,0,0,0,0,0,0,0,0,0,0,0,8.03781e-11,7.10028e-11,7.18662e-11,8.52863e-11,8.61994e-11,7.38317e-11,9.52604e-11,7.20897e-11,8.61072e-11
0,0,0,0,0,0,0,0,0,0,0,0,0,0,0,0,0,0,0,0,0,0,0,0,0,0,0,0,0,0,0,0,0,0,0,0,0,0,0,0,9.87013e-12,7.92632e-12,1.98209e-11,2.75208e-11,1.23656e-11,3.82814e-11,1.44867e-11,1.22917e-11
0,0,0,0,0,0,0,0,0,0,0,0,0,0,0,0,0,0,0,0,0,0,0,0,0,0,0,0,0,0,0,0,0,0,0,0,0,0,0,0,0,6.25346e-12,2.06164e-11,2.67477e-11,1.15023e-11,3.76043e-11,1.362e-11,1.18748e-11
0,0,0,0,0,0,0,0,0,0,0,0,0,0,0,0,0,0,0,0,0,0,0,0,0,0,0,0,0,0,0,0,0,0,0,0,0,0,0,0,0,0,1.91147e-11,2.82227e-11,9.58028e-12,3.69916e-11,1.22991e-11,9.75723e-12
0,0,0,0,0,0,0,0,0,0,0,0,0,0,0,0,0,0,0,0,0,0,0,0,0,0,0,0,0,0,0,0,0,0,0,0,0,0,0,0,0,0,0,3.41262e-11,1.84909e-11,4.10332e-11,2.13062e-11,2.11373e-11
0,0,0,0,0,0,0,0,0,0,0,0,0,0,0,0,0,0,0,0,0,0,0,0,0,0,0,0,0,0,0,0,0,0,0,0,0,0,0,0,0,0,0,0,3.05088e-11,4.89975e-11,3.02264e-11,3.06513e-11
0,0,0,0,0,0,0,0,0,0,0,0,0,0,0,0,0,0,0,0,0,0,0,0,0,0,0,0,0,0,0,0,0,0,0,0,0,0,0,0,0,0,0,0,0,3.68187e-11,1.54335e-11,1.34929e-11
0,0,0,0,0,0,0,0,0,0,0,0,0,0,0,0,0,0,0,0,0,0,0,0,0,0,0,0,0,0,0,0,0,0,0,0,0,0,0,0,0,0,0,0,0,0,3.76737e-11,3.69585e-11
0,0,0,0,0,0,0,0,0,0,0,0,0,0,0,0,0,0,0,0,0,0,0,0,0,0,0,0,0,0,0,0,0,0,0,0,0,0,0,0,0,0,0,0,0,0,0,1.55097e-11
0,0,0,0,0,0,0,0,0,0,0,0,0,0,0,0,0,0,0,0,0,0,0,0,0,0,0,0,0,0,0,0,0,0,0,0,0,0,0,0,0,0,0,0,0,0,0,0
