# # np.logspace(-2, 2., num = num_time_points)
0,4.44469e-05,4.16543e-05,4.20196e-05,4.22624e-05,4.6455e-05,4.39234e-05,4.25146e-05,4.32217e-05,4.71826e-05,4.52918e-05,4.08069e-05,4.38664e-05,4.27023e-05,4.28955e-05,4.04412e-05,4.15897e-05,4.10748e-05,4.43364e-05,4.26361e-05,4.3865e-05,4.34361e-05,4.45127e-05,4.59632e-05,4.23617e-05,4.58729e-05,4.24983e-05,4.26376e-05,4.44831e-05,4.50669e-05,4.23683e-05,4.40699e-05,4.23984e-05,4.60679e-05,4.46866e-05,4.72266e-05,4.52766e-05,4.34165e-05,4.69074e-05,4.14005e-05,4.30029e-05,4.28332e-05,4.61917e-05,4.45738e-05,4.58267e-05,4.27177e-05,4.39442e-05,4.34597e-05
0,0,4.28561e-05,4.32662e-05,4.22792e-05,4.78402e-05,4.69602e-05,4.39459e-05,4.60463e-05,4.84162e-05,4.48361e-05,4.09867e-05,4.68952e-05,4.26785e-05,4.42914e-05,4.30653e-05,4.30325e-05,4.36789e-05,4.56921e-05,4.40259e-05,4.52141e-05,4.47991e-05,4.5863e-05,4.72725e-05,4.3779e-05,4.71853e-05,4.39113e-05,4.40274e-05,4.58348e-05,4.64015e-05,4.37667e-05,4.54124e-05,4.38137e-05,4.73737e-05,4.60316e-05,4.85012e-05,4.66046e-05,4.47996e-05,4.81612e-05,4.28488e-05,4.43989e-05,4.42346e-05,4.74941e-05,4.59226e-05,4.71392e-05,4.41231e-05,4.53113e-05,4.48415e-05
0,0,0,4.32517e-05,4.09747e-05,4.63985e-05,4.38744e-05,4.11451e-05,4.46008e-05,4.70294e-05,4.51801e-05,3.95989e-05,4.54842e-05,4.25868e-05,4.14558e-05,4.0331e-05,4.14389e-05,4.213e-05,4.41945e-05,4.24693e-05,4.36998e-05,4.32703e-05,4.43711e-05,4.58265e-05,4.22135e-05,4.57366e-05,4.23507e-05,4.24709e-05,4.4342e-05,4.49274e-05,4.22005e-05,4.39049e-05,4.22495e-05,4.59309e-05,4.45454e-05,4.70929e-05,4.51372e-05,4.32711e-05,4.67424e-05,4.1248e-05,4.28561e-05,4.26858e-05,4.60551e-05,4.44327e-05,4.5689e-05,4.25703e-05,4.38006e-05,4.33144e-05
0,0,0,0,4.13059e-05,4.67782e-05,4.59096e-05,4.27748e-05,4.34697e-05,4.74464e-05,4.3915e-05,3.99705e-05,4.58753e-05,4.30238e-05,4.18573e-05,4.19358e-05,4.18916e-05,4.25766e-05,4.46193e-05,4.29112e-05,4.41294e-05,4.37041e-05,4.47942e-05,4.62363e-05,4.26581e-05,4.61472e-05,4.27938e-05,4.29128e-05,4.47654e-05,4.53454e-05,4.26452e-05,4.43325e-05,4.26937e-05,4.63398e-05,4.49669e-05,4.74919e-05,4.55532e-05,4.37049e-05,4.71443e-05,4.17029e-05,4.3294e-05,4.31255e-05,4.64629e-05,4.48553e-05,4.61001e-05,4.30112e-05,4.42292e-05,4.37478e-05
0,0,0,0,0,4.39422e-05,4.32589e-05,4.05622e-05,4.39458e-05,4.63836e-05,4.45583e-05,3.99653e-05,4.47903e-05,4.19313e-05,4.08512e-05,3.96629e-05,4.07353e-05,4.14171e-05,4.35355e-05,4.17834e-05,4.30334e-05,4.25972e-05,4.37147e-05,4.51913e-05,4.15231e-05,4.51001e-05,4.16625e-05,4.17849e-05,4.36852e-05,4.42793e-05,4.15101e-05,4.32417e-05,4.15597e-05,4.52971e-05,4.38916e-05,4.64751e-05,4.44922e-05,4.25978e-05,4.61202e-05,4.05412e-05,4.21762e-05,4.20031e-05,4.54231e-05,4.37773e-05,4.50519e-05,4.18857e-05,4.31356e-05,4.26419e-05
0,0,0,0,0,0,4.89307e-05,4.41817e-05,4.80076e-05,5.03181e-05,4.86048e-05,4.26976e-05,4.88985e-05,4.43329e-05,4.63278e-05,4.51547e-05,4.51534e-05,4.57703e-05,4.76949e-05,4.61011e-05,4.72371e-05,4.684e-05,4.78586e-05,4.92109e-05,4.58653e-05,4.91272e-05,4.59916e-05,4.61025e-05,4.78316e-05,4.83748e-05,4.58536e-05,4.74269e-05,4.58985e-05,4.93082e-05,4.80202e-05,5.03924e-05,4.85697e-05,4.68406e-05,5.00653e-05,4.49783e-05,4.64574e-05,4.63004e-05,4.94239e-05,4.79157e-05,4.90829e-05,4.61939e-05,4.73301e-05,4.68806e-05
0,0,0,0,0,0,0,4.34757e-05,4.71714e-05,4.94874e-05,4.77092e-05,4.19843e-05,4.80383e-05,4.52546e-05,4.5418e-05,4.42474e-05,4.42303e-05,4.48864e-05,4.68219e-05,4.51971e-05,4.63552e-05,4.59505e-05,4.69886e-05,4.83654e-05,4.49569e-05,4.82802e-05,4.50857e-05,4.51986e-05,4.69612e-05,4.75144e-05,4.49446e-05,4.65486e-05,4.49907e-05,4.84643e-05,4.71533e-05,4.9567e-05,4.77128e-05,4.59514e-05,4.9234e-05,4.40516e-05,4.55608e-05,4.54006e-05,4.8582e-05,4.70468e-05,4.82351e-05,4.52921e-05,4.64503e-05,4.59922e-05
0,0,0,0,0,0,0,0,4.4125e-05,4.65924e-05,4.31901e-05,4.01957e-05,4.34204e-05,4.10101e-05,4.22911e-05,4.09975e-05,4.1002e-05,4.16795e-05,4.37851e-05,4.20434e-05,4.32859e-05,4.28523e-05,4.39633e-05,4.54318e-05,4.17847e-05,4.53411e-05,4.19233e-05,4.20449e-05,4.39339e-05,4.45248e-05,4.17718e-05,4.3493e-05,4.18211e-05,4.55371e-05,4.41392e-05,4.6709e-05,4.47364e-05,4.28529e-05,4.63559e-05,4.08091e-05,4.24338e-05,4.22618e-05,4.56624e-05,4.40255e-05,4.52931e-05,4.21451e-05,4.33875e-05,4.28967e-05
0,0,0,0,0,0,0,0,0,4.63694e-05,4.68901e-05,4.25668e-05,4.71671e-05,4.4383e-05,4.30293e-05,4.19867e-05,4.33161e-05,4.39824e-05,4.59593e-05,4.43029e-05,4.54837e-05,4.50712e-05,4.61291e-05,4.75307e-05,4.40577e-05,4.74441e-05,4.41892e-05,4.43043e-05,4.61011e-05,4.66645e-05,4.40453e-05,4.56809e-05,4.40922e-05,4.76314e-05,4.62968e-05,4.8753e-05,4.68665e-05,4.50721e-05,4.84144e-05,4.31336e-05,4.46738e-05,4.45104e-05,4.77512e-05,4.61884e-05,4.73982e-05,4.43997e-05,4.55807e-05,4.51137e-05
0,0,0,0,0,0,0,0,0,0,4.91967e-05,4.32265e-05,4.94531e-05,4.68214e-05,4.70014e-05,4.39242e-05,4.58263e-05,4.64335e-05,4.83324e-05,4.67604e-05,4.78807e-05,4.74891e-05,4.8494e-05,4.98291e-05,4.6528e-05,4.97465e-05,4.66525e-05,4.67618e-05,4.84673e-05,4.90036e-05,4.65164e-05,4.8068e-05,4.65607e-05,4.99251e-05,4.86535e-05,5.09963e-05,4.91959e-05,4.74896e-05,5.06731e-05,4.56538e-05,4.71117e-05,4.69569e-05,5.00394e-05,4.85504e-05,4.97027e-05,4.68519e-05,4.79726e-05,4.75291e-05
0,0,0,0,0,0,0,0,0,0,0,4.31322e-05,4.77061e-05,4.34309e-05,4.51009e-05,4.24068e-05,4.39023e-05,4.4536e-05,4.65122e-05,4.48765e-05,4.60427e-05,4.56352e-05,4.66801e-05,4.80656e-05,4.46343e-05,4.79799e-05,4.4764e-05,4.4878e-05,4.66524e-05,4.72092e-05,4.46222e-05,4.62374e-05,4.46683e-05,4.81652e-05,4.68458e-05,4.92746e-05,4.74089e-05,4.56358e-05,4.894e-05,4.37223e-05,4.52425e-05,4.50812e-05,4.82836e-05,4.67387e-05,4.79346e-05,4.49719e-05,4.61382e-05,4.56769e-05
0,0,0,0,0,0,0,0,0,0,0,0,4.19536e-05,4.0443e-05,3.95213e-05,3.82881e-05,3.92073e-05,3.99151e-05,4.21092e-05,4.02952e-05,4.159e-05,4.11385e-05,4.22945e-05,4.3819e-05,4.00252e-05,4.3725e-05,4.01698e-05,4.02968e-05,4.2264e-05,4.28779e-05,4.00117e-05,4.18055e-05,4.00632e-05,4.39281e-05,4.24774e-05,4.51418e-05,4.30976e-05,4.11391e-05,4.47763e-05,3.90056e-05,4.07023e-05,4.0523e-05,4.4058e-05,4.23592e-05,4.36752e-05,4.04013e-05,4.16957e-05,4.11847e-05
0,0,0,0,0,0,0,0,0,0,0,0,0,4.36319e-05,4.37277e-05,4.421e-05,4.41926e-05,4.48495e-05,4.67863e-05,4.51603e-05,4.63193e-05,4.59143e-05,4.69532e-05,4.83309e-05,4.49198e-05,4.82457e-05,4.50488e-05,4.51617e-05,4.69257e-05,4.74793e-05,4.49076e-05,4.65128e-05,4.49537e-05,4.84299e-05,4.7118e-05,4.95334e-05,4.76779e-05,4.59151e-05,4.92002e-05,4.40138e-05,4.55242e-05,4.53639e-05,4.85477e-05,4.70114e-05,4.82006e-05,4.52553e-05,4.64145e-05,4.5956e-05
0,0,0,0,0,0,0,0,0,0,0,0,0,0,4.12734e-05,4.0121e-05,4.12312e-05,4.19054e-05,4.39999e-05,4.2267e-05,4.35032e-05,4.30717e-05,4.41772e-05,4.56388e-05,4.20097e-05,4.55486e-05,4.21475e-05,4.22685e-05,4.4148e-05,4.4736e-05,4.19969e-05,4.37093e-05,4.20459e-05,4.57437e-05,4.43523e-05,4.69104e-05,4.49467e-05,4.30723e-05,4.65588e-05,4.10395e-05,4.26554e-05,4.24843e-05,4.58684e-05,4.42391e-05,4.55008e-05,4.23682e-05,4.36042e-05,4.31159e-05
0,0,0,0,0,0,0,0,0,0,0,0,0,0,0,4.02822e-05,4.13583e-05,4.20297e-05,4.4119e-05,4.2391e-05,4.36237e-05,4.31934e-05,4.42959e-05,4.57537e-05,4.21345e-05,4.56637e-05,4.22719e-05,4.23925e-05,4.42667e-05,4.48532e-05,4.21217e-05,4.38292e-05,4.21706e-05,4.58583e-05,4.44705e-05,4.70221e-05,4.50633e-05,4.3194e-05,4.66714e-05,4.11671e-05,4.27782e-05,4.26076e-05,4.59826e-05,4.43576e-05,4.5616e-05,4.24919e-05,4.37244e-05,4.32374e-05
0,0,0,0,0,0,0,0,0,0,0,0,0,0,0,0,4.00471e-05,4.07591e-05,4.28922e-05,4.11125e-05,4.23824e-05,4.19394e-05,4.30742e-05,4.45719e-05,4.08482e-05,4.44795e-05,4.09899e-05,4.11141e-05,4.30442e-05,4.36471e-05,4.08348e-05,4.25938e-05,4.08854e-05,4.46793e-05,4.32537e-05,4.58731e-05,4.38629e-05,4.19402e-05,4.55132e-05,3.98496e-05,4.15119e-05,4.1336e-05,4.48069e-05,4.31376e-05,4.44306e-05,4.12168e-05,4.24863e-05,4.19849e-05
0,0,0,0,0,0,0,0,0,0,0,0,0,0,0,0,0,4.09065e-05,4.17339e-05,4.01965e-05,4.25247e-05,4.09045e-05,4.32489e-05,4.30681e-05,4.1036e-05,4.4631e-05,4.00573e-05,4.01931e-05,4.18885e-05,4.3788e-05,3.99391e-05,4.14517e-05,4.09628e-05,4.47501e-05,4.33269e-05,4.59421e-05,4.39351e-05,4.20157e-05,4.55815e-05,3.99291e-05,4.15881e-05,4.14126e-05,4.48776e-05,4.32111e-05,4.45019e-05,4.12936e-05,4.25608e-05,4.20603e-05
0,0,0,0,0,0,0,0,0,0,0,0,0,0,0,0,0,0,4.36532e-05,4.0781e-05,4.18395e-05,4.14586e-05,4.38112e-05,4.53224e-05,4.16802e-05,4.52933e-05,4.18248e-05,4.07858e-05,4.38288e-05,4.44062e-05,4.04943e-05,4.20188e-05,4.16415e-05,4.53725e-05,4.39683e-05,4.65479e-05,4.45684e-05,4.2678e-05,4.42935e-05,4.06249e-05,4.22566e-05,4.20839e-05,4.54982e-05,4.3899e-05,4.51277e-05,4.20039e-05,4.32143e-05,4.27219e-05
0,0,0,0,0,0,0,0,0,0,0,0,0,0,0,0,0,0,0,4.26195e-05,4.51952e-05,4.48058e-05,4.41676e-05,4.73062e-05,4.23876e-05,4.71504e-05,4.39338e-05,4.40515e-05,4.41922e-05,4.63995e-05,4.24269e-05,4.53669e-05,4.37484e-05,4.73133e-05,4.59695e-05,4.84422e-05,4.65432e-05,4.47358e-05,4.81012e-05,4.2782e-05,4.43345e-05,4.41699e-05,4.74339e-05,4.58603e-05,4.70785e-05,4.40583e-05,4.52482e-05,4.47777e-05
0,0,0,0,0,0,0,0,0,0,0,0,0,0,0,0,0,0,0,0,4.22096e-05,4.31048e-05,4.42243e-05,4.395e-05,4.08791e-05,4.55649e-05,4.21774e-05,4.1099e-05,4.42212e-05,4.47413e-05,4.08603e-05,4.37278e-05,4.20052e-05,4.57062e-05,4.43137e-05,4.68739e-05,4.49086e-05,4.30326e-05,4.65504e-05,4.09978e-05,4.26152e-05,4.2444e-05,4.5831e-05,4.42e-05,4.54632e-05,4.23275e-05,4.3565e-05,4.30762e-05
0,0,0,0,0,0,0,0,0,0,0,0,0,0,0,0,0,0,0,0,0,4.43483e-05,4.5387e-05,4.4916e-05,4.19516e-05,4.48177e-05,4.2048e-05,4.35233e-05,4.53144e-05,4.59169e-05,4.32944e-05,4.49514e-05,4.32489e-05,4.68518e-05,4.54943e-05,4.79916e-05,4.6074e-05,4.42474e-05,4.76791e-05,4.22711e-05,4.38416e-05,4.36752e-05,4.69735e-05,4.53835e-05,4.66147e-05,4.35619e-05,4.47653e-05,4.42898e-05
0,0,0,0,0,0,0,0,0,0,0,0,0,0,0,0,0,0,0,0,0,0,4.49296e-05,4.63693e-05,4.15971e-05,4.44731e-05,4.1688e-05,4.18421e-05,4.34268e-05,4.55314e-05,4.28796e-05,4.45733e-05,4.28149e-05,4.64514e-05,4.50819e-05,4.76008e-05,4.56668e-05,4.38232e-05,4.72847e-05,4.18269e-05,4.34135e-05,4.32454e-05,4.65742e-05,4.49701e-05,4.62123e-05,4.3131e-05,4.43462e-05,4.38661e-05
0,0,0,0,0,0,0,0,0,0,0,0,0,0,0,0,0,0,0,0,0,0,0,4.54112e-05,4.39718e-05,4.7317e-05,4.26607e-05,4.41679e-05,4.59991e-05,4.47553e-05,4.25296e-05,4.55804e-05,4.39268e-05,4.74783e-05,4.61393e-05,4.86034e-05,4.67109e-05,4.49103e-05,4.82638e-05,4.29644e-05,4.45105e-05,4.43466e-05,4.75985e-05,4.60305e-05,4.72443e-05,4.42354e-05,4.54207e-05,4.4952e-05
0,0,0,0,0,0,0,0,0,0,0,0,0,0,0,0,0,0,0,0,0,0,0,0,4.54172e-05,4.86976e-05,4.55787e-05,4.56504e-05,4.73729e-05,4.79383e-05,4.54322e-05,4.69637e-05,4.53965e-05,4.88412e-05,4.75406e-05,4.99356e-05,4.80956e-05,4.63487e-05,4.96046e-05,4.44659e-05,4.59615e-05,4.58028e-05,4.8958e-05,4.7435e-05,4.86138e-05,4.56952e-05,4.68435e-05,4.63892e-05
0,0,0,0,0,0,0,0,0,0,0,0,0,0,0,0,0,0,0,0,0,0,0,0,0,4.53294e-05,4.0776e-05,4.09068e-05,4.25395e-05,4.30042e-05,4.17752e-05,4.34893e-05,4.17463e-05,4.54684e-05,4.40684e-05,4.6642e-05,4.46665e-05,4.27799e-05,4.62871e-05,4.07325e-05,4.23601e-05,4.21878e-05,4.55939e-05,4.39545e-05,4.52241e-05,4.20709e-05,4.33154e-05,4.28238e-05
0,0,0,0,0,0,0,0,0,0,0,0,0,0,0,0,0,0,0,0,0,0,0,0,0,0,4.55181e-05,4.55711e-05,4.7324e-05,4.78486e-05,4.36017e-05,4.49796e-05,4.53057e-05,4.87569e-05,4.7454e-05,4.98531e-05,4.80099e-05,4.62599e-05,4.95207e-05,4.43733e-05,4.58719e-05,4.57128e-05,4.88739e-05,4.73482e-05,4.85291e-05,4.5605e-05,4.67555e-05,4.63004e-05
0,0,0,0,0,0,0,0,0,0,0,0,0,0,0,0,0,0,0,0,0,0,0,0,0,0,0,4.22101e-05,4.40793e-05,4.31578e-05,4.07344e-05,4.22553e-05,4.1885e-05,4.55958e-05,4.41998e-05,4.67662e-05,4.47962e-05,4.29152e-05,4.64122e-05,4.08746e-05,4.24968e-05,4.2325e-05,4.57209e-05,4.40862e-05,4.53521e-05,4.22086e-05,4.34491e-05,4.2959e-05
0,0,0,0,0,0,0,0,0,0,0,0,0,0,0,0,0,0,0,0,0,0,0,0,0,0,0,0,4.27503e-05,4.32268e-05,4.203e-05,4.2382e-05,4.20068e-05,4.57077e-05,4.43152e-05,4.68753e-05,4.491e-05,4.30341e-05,4.65518e-05,4.09993e-05,4.26168e-05,4.24455e-05,4.58325e-05,4.42015e-05,4.54646e-05,4.2329e-05,4.35665e-05,4.30777e-05
0,0,0,0,0,0,0,0,0,0,0,0,0,0,0,0,0,0,0,0,0,0,0,0,0,0,0,0,0,4.65314e-05,4.24995e-05,4.5536e-05,4.38974e-05,4.74511e-05,4.61113e-05,4.85768e-05,4.66833e-05,4.48815e-05,4.82364e-05,4.29344e-05,4.44815e-05,4.43175e-05,4.75713e-05,4.60025e-05,4.7217e-05,4.42062e-05,4.53922e-05,4.49233e-05
0,0,0,0,0,0,0,0,0,0,0,0,0,0,0,0,0,0,0,0,0,0,0,0,0,0,0,0,0,0,4.4493e-05,4.44089e-05,4.44888e-05,4.79987e-05,4.66746e-05,4.91118e-05,4.72397e-05,4.546e-05,4.87754e-05,4.35388e-05,4.50652e-05,4.49033e-05,4.81175e-05,4.65671e-05,4.77673e-05,4.47935e-05,4.59643e-05,4.55013e-05
0,0,0,0,0,0,0,0,0,0,0,0,0,0,0,0,0,0,0,0,0,0,0,0,0,0,0,0,0,0,0,4.35014e-05,4.17334e-05,4.54566e-05,4.40562e-05,4.66305e-05,4.46545e-05,4.27673e-05,4.63055e-05,4.07192e-05,4.23473e-05,4.2175e-05,4.55821e-05,4.39418e-05,4.52122e-05,4.20577e-05,4.3303e-05,4.28112e-05
0,0,0,0,0,0,0,0,0,0,0,0,0,0,0,0,0,0,0,0,0,0,0,0,0,0,0,0,0,0,0,0,4.34561e-05,4.70432e-05,4.56914e-05,4.81784e-05,4.62686e-05,4.445e-05,4.78677e-05,4.24831e-05,4.40461e-05,4.38804e-05,4.71644e-05,4.55811e-05,4.6807e-05,4.37676e-05,4.49656e-05,4.44922e-05
0,0,0,0,0,0,0,0,0,0,0,0,0,0,0,0,0,0,0,0,0,0,0,0,0,0,0,0,0,0,0,0,0,4.55217e-05,4.27287e-05,4.47091e-05,4.32112e-05,4.29138e-05,4.63492e-05,3.97841e-05,4.24211e-05,4.10871e-05,4.56763e-05,4.40601e-05,4.3641e-05,4.10337e-05,4.33899e-05,4.29339e-05
0,0,0,0,0,0,0,0,0,0,0,0,0,0,0,0,0,0,0,0,0,0,0,0,0,0,0,0,0,0,0,0,0,0,4.76381e-05,5.00647e-05,4.82642e-05,4.46832e-05,4.97004e-05,4.29961e-05,4.43229e-05,4.59914e-05,4.91213e-05,4.7594e-05,4.87489e-05,4.58309e-05,4.51091e-05,4.65798e-05
0,0,0,0,0,0,0,0,0,0,0,0,0,0,0,0,0,0,0,0,0,0,0,0,0,0,0,0,0,0,0,0,0,0,0,4.88326e-05,4.69314e-05,4.51189e-05,4.85055e-05,4.32156e-05,4.47411e-05,4.45721e-05,4.77939e-05,4.44746e-05,4.55106e-05,4.29629e-05,4.56439e-05,4.36041e-05
0,0,0,0,0,0,0,0,0,0,0,0,0,0,0,0,0,0,0,0,0,0,0,0,0,0,0,0,0,0,0,0,0,0,0,0,4.93772e-05,4.76267e-05,5.08211e-05,4.38786e-05,4.72213e-05,4.71261e-05,5.01788e-05,4.86878e-05,4.98454e-05,4.49348e-05,4.81163e-05,4.76669e-05
0,0,0,0,0,0,0,0,0,0,0,0,0,0,0,0,0,0,0,0,0,0,0,0,0,0,0,0,0,0,0,0,0,0,0,0,0,4.4033e-05,4.9005e-05,4.38231e-05,4.36648e-05,4.35768e-05,4.83817e-05,4.6827e-05,4.803e-05,4.34528e-05,4.62828e-05,4.57317e-05
0,0,0,0,0,0,0,0,0,0,0,0,0,0,0,0,0,0,0,0,0,0,0,0,0,0,0,0,0,0,0,0,0,0,0,0,0,0,4.72532e-05,4.07241e-05,4.35032e-05,4.20219e-05,4.66257e-05,4.50142e-05,4.44391e-05,4.31851e-05,4.29684e-05,4.39445e-05
0,0,0,0,0,0,0,0,0,0,0,0,0,0,0,0,0,0,0,0,0,0,0,0,0,0,0,0,0,0,0,0,0,0,0,0,0,0,0,4.54468e-05,4.69158e-05,4.67591e-05,4.98152e-05,4.61072e-05,4.94769e-05,4.46612e-05,4.7773e-05,4.72923e-05
0,0,0,0,0,0,0,0,0,0,0,0,0,0,0,0,0,0,0,0,0,0,0,0,0,0,0,0,0,0,0,0,0,0,0,0,0,0,0,0,4.15008e-05,4.02286e-05,4.31233e-05,4.17316e-05,4.44015e-05,4.11518e-05,4.24699e-05,4.0744e-05
0,0,0,0,0,0,0,0,0,0,0,0,0,0,0,0,0,0,0,0,0,0,0,0,0,0,0,0,0,0,0,0,0,0,0,0,0,0,0,0,0,4.29435e-05,4.4415e-05,4.30866e-05,4.58516e-05,4.27675e-05,4.26149e-05,4.21967e-05
0,0,0,0,0,0,0,0,0,0,0,0,0,0,0,0,0,0,0,0,0,0,0,0,0,0,0,0,0,0,0,0,0,0,0,0,0,0,0,0,0,0,4.4269e-05,4.29631e-05,4.57181e-05,4.2614e-05,4.24292e-05,4.33649e-05
0,0,0,0,0,0,0,0,0,0,0,0,0,0,0,0,0,0,0,0,0,0,0,0,0,0,0,0,0,0,0,0,0,0,0,0,0,0,0,0,0,0,0,4.77477e-05,4.88664e-05,4.59209e-05,4.71619e-05,4.48081e-05
0,0,0,0,0,0,0,0,0,0,0,0,0,0,0,0,0,0,0,0,0,0,0,0,0,0,0,0,0,0,0,0,0,0,0,0,0,0,0,0,0,0,0,0,4.73406e-05,4.43713e-05,4.55309e-05,4.50904e-05
0,0,0,0,0,0,0,0,0,0,0,0,0,0,0,0,0,0,0,0,0,0,0,0,0,0,0,0,0,0,0,0,0,0,0,0,0,0,0,0,0,0,0,0,0,4.56163e-05,4.67717e-05,4.45125e-05
0,0,0,0,0,0,0,0,0,0,0,0,0,0,0,0,0,0,0,0,0,0,0,0,0,0,0,0,0,0,0,0,0,0,0,0,0,0,0,0,0,0,0,0,0,0,4.2307e-05,4.32268e-05
0,0,0,0,0,0,0,0,0,0,0,0,0,0,0,0,0,0,0,0,0,0,0,0,0,0,0,0,0,0,0,0,0,0,0,0,0,0,0,0,0,0,0,0,0,0,0,4.29666e-05
0,0,0,0,0,0,0,0,0,0,0,0,0,0,0,0,0,0,0,0,0,0,0,0,0,0,0,0,0,0,0,0,0,0,0,0,0,0,0,0,0,0,0,0,0,0,0,0
