-17.2235  24.2434  -17.1959
-27.8998  23.3217  -18.4727
-28.9174  18.0395  -13.5649
-30.2618  20.1271  -4.22768
-33.3833  27.9835  -4.70472
-41.2959  22.0473  -11.6446
-39.294  25.7628  -17.708
-35.4331  36.1848  -18.0917
-31.2229  31.6624  -11.2877
-21.2189  31.7239  -11.8543
-11.7419  34.6391  -19.1507
-15.4122  46.1536  -18.0717
-11.0864  63.7607  -8.62494
-17.6442  52.5525  -11.4152
-24.4198  41.5692  -10.6088
-24.3791  50.1749  -2.07593
-19.4145  60.3612  -5.70548
-29.4397  54.9976  -0.523857
-25.5386  64.2011  3.79383
-14.3197  66.3493  -2.33043
-40.2645  42.2515  -17.944
-48.4139  39.3508  -12.843
-43.8466  44.9599  -4.29832
-30.3316  54.9019  -10.7006
-38.0901  53.0366  -9.65533
-42.5743  52.8061  0.173637
-6.15493  69.3581  1.22673
-11.6978  70.7114  4.74508
-3.81693  32.5488  -18.9391
-3.22151  42.0643  -18.8873
-5.73987  51.0015  -21.2523
-3.32633  45.8706  -12.2004
-4.32868  31.9559  -11.8591
-8.2748  40.6619  -7.04208
-7.8515  57.5593  -16.5618
-2.93842  60.4458  -6.01964
-8.16925  50.0252  -5.73545
-6.88696  49.0313  0.290098
-8.49797  55.7454  4.65651
-5.95793  62.5906  5.13108
-43.0665  31.5552  -9.53716
-50.9629  29.8679  -10.276
-43.441  37.4507  2.36289
-48.3913  40.0356  10.3607
-50.225  31.5586  -3.08014
-49.2912  20.9301  -2.96763
-35.8655  26.4949  2.54831
-36.7203  18.4264  10.8872
-53.6043  20.6748  6.17847
-53.9291  29.5674  6.9023
-42.2119  11.1054  6.96325
-50.387  10.5983  4.94329
-53.4338  12.0068  14.2079
-54.8433  19.1872  18.5859
-49.2304  34.2506  14.0976
-41.877  25.2629  16.3664
-40.7214  7.77255  26.6381
-50.6563  10.3772  24.9913
-19.045  61.6863  9.18315
-32.0372  57.8652  5.21474
-26.6112  57.3124  15.2861
-27.4532  47.3658  14.4983
-37.3419  52.9432  10.5227
-36.3651  43.9394  7.58163
-37.3188  50.8652  21.3743
-28.7401  50.2096  26.1314
-24.5134  35.4532  29.138
-31.7276  44.4709  34.5332
-36.8177  40.9955  28.5281
-41.8749  44.6772  18.0303
-45.6462  37.558  27.1123
-34.556  36.2257  36.0461
-39.2137  27.9254  34.616
-28.7714  27.4136  34.4266
-51.8776  19.8711  30.7405
-47.8821  27.4803  29.1211
-39.6964  31.5366  19.6445
-2.46759  54.2863  11.787
-6.94761  65.0245  14.3889
-18.7641  61.0001  18.8077
-8.75197  62.2751  22.4828
-3.37189  55.6156  24.1613
-4.48635  50.3695  18.9861
-11.056  47.6673  9.6162
-10.1197  41.4132  20.8758
-3.60522  44.7565  29.7554
-4.96429  57.3393  32.5455
-13.9916  56.0745  35.2745
-17.284  52.0419  27.3042
-24.2064  57.4785  27.1792
-21.1856  44.4129  32.0868
-20.1991  36.7494  42.5336
-21.0725  46.6674  41.6534
-10.8332  47.6229  42.6403
-3.59107  48.5126  40.8369
-3.35526  37.1408  36.2378
-10.4176  32.9029  27.6362
-8.0475  26.9166  35.7163
-3.1539  31.4022  45.8218
-2.65783  40.4459  51.9466
-11.5588  38.0618  46.2476
-25.7436  36.0636  48.0145
-18.973  31.7737  52.1544
-13.1639  27.5933  57.41
-6.24042  31.9362  61.0313
-3.76366  22.8831  52.8182
-4.43384  12.8604  47.3953
-8.71181  11.6694  37.4063
-5.93596  18.0486  66.5376
-17.8061  19.9671  63.8787
-18.4015  20.5548  52.8847
-19.6543  13.1007  47.8651
-13.4408  11.5152  61.1374
-4.46437  13.6107  56.1733
-5.44868  4.69685  44.4527
-8.1409  -2.04885  52.5296
-5.49073  -4.56117  61.6386
-3.58253  6.19326  60.4662
-19.9905  8.48773  67.1177
-19.2723  3.9873  57.7918
-21.2268  -7.86516  59.4641
-17.3113  -3.12392  70.6326
-7.5024  3.06545  70.1699
-5.81546  -9.06551  70.4841
-2.76795  -9.45249  54.6668
-22.8813  -14.8533  65.5643
-18.8073  -13.7676  72.3589
-32.2811  11.0555  34.9777
-39.2082  15.4879  29.0268
-45.8579  20.5793  40.1459
-35.9966  26.5924  46.3676
-29.0455  28.5384  49.8865
-25.1187  17.2001  47.0676
-31.8514  16.3658  58.6971
-43.0621  15.9062  46.7379
-40.0886  3.40673  39.186
-38.0965  8.75147  51.1386
-31.1471  3.73671  60.1625
-31.29  -4.62692  59.7813
-24.2029  -1.12747  51.7713
-41.3003  -0.130378  12.9153
-47.0576  -5.04818  7.97761
-57.3758  2.92875  12.8206
-56.7538  1.27183  6.55373
-49.532  2.43482  18.5598
-48.6636  2.04283  28.5932
-60.2257  4.32903  26.4242
-57.6357  3.04217  37.2415
-37.2583  0.0929684  32.6117
-46.3834  -2.96537  38.1523
-48.0061  3.62945  45.4165
-53.5904  -4.79552  42.595
-56.7614  -4.42781  31.7476
-47.0125  -11.3352  32.4876
-48.1843  -14.9688  42.7438
-56.2933  -11.2374  45.1542
-44.1612  5.47732  53.0083
-41.9  -1.03202  60.4519
-49.5065  -8.64992  53.9888
-39.4014  -17.4565  53.4289
-36.6415  -17.8456  42.2106
-31.7286  -27.9527  51.4365
-38.3745  -23.5759  61.9224
-42.408  -12.4949  60.786
-38.9015  -7.45868  51.6401
-27.2548  -11.623  49.0838
-24.8701  -18.3257  57.3863
-24.0492  -21.8427  67.2798
-33.7122  -15.1307  65.346
-30.8723  -27.5388  66.2749
-22.9251  -29.6741  58.6371
-12.1691  -34.2459  63.2321
-17.508  -27.6426  69.9511
-11.3345  -24.2687  68.9926
-4.74083  -29.4091  75.9112
-5.44828  -37.6824  71.5117
-10.2094  -16.6295  75.1812
-1.01409  -24.7115  64.349
-0.770376  -40.2628  67.5232
-2.87723  -36.2798  58.4436
-8.01903  -47.0102  70.3022
-11.5892  -42.9823  57.7487
-13.3672  -36.2234  46.5767
-6.49863  -29.1752  53.1206
-9.48388  -22.6384  44.9012
-4.18539  -18.3526  52.5355
-6.63421  -17.6211  64.8356
-2.07294  32.7099  -6.08777
-2.45955  40.0299  -2.35479
-6.59476  42.0816  6.48342
-5.81595  39.9147  14.3069
-3.58773  32.3679  21.2747
-3.66251  22.7041  38.0136
-2.78576  20.9608  27.7142
-3.96792  10.131  30.5264
-2.55301  2.3983  36.1818
-4.36889  -2.91206  44.3426
-4.38503  -8.66916  39.1102
-8.05526  -15.0758  42.2199
-3.68235  -21.976  38.0287
-6.13522  -28.938  43.0869
-11.0153  -36.1837  41.7491
-2.46299  -41.3308  42.5932
-3.13373  -32.6772  37.7524
-6.81945  -44.2349  36.6171
-2.03272  -41.9162  33.7346
-2.65187  -50.3733  29.0739
-5.46936  -53.2645  12.7288
-17.851  -51.4045  3.44945
-7.76194  -41.4203  2.4615
-53.7148  -4.18269  16.7255
-61.6007  -5.00414  14.7177
-41.2535  -12.3045  17.1904
-52.5707  -12.4634  14.0514
-61.2015  -22.7705  20.7993
-62.6402  -14.188  17.9599
-61.2199  -5.67891  22.2979
-54.2845  -10.0668  27.2108
-60.1443  -15.6133  27.5236
-51.6293  -20.2122  33.265
-53.4916  -19.8947  46.5
-58.4575  -16.764  37.566
-48.5975  -17.827  36.0131
-39.9334  -22.0731  45.1449
-49.8402  -25.3088  45.238
-40.7057  -26.7425  41.4226
-36.3027  -33.3563  45.7364
-46.1614  -29.318  56.382
-48.1923  -22.0819  54.7956
-38.8978  -29.2333  54.4625
-42.4359  -34.8006  61.6901
-37.1599  -38.1341  54.0754
-36.7248  -39.6014  64.3093
-31.0839  -34.0257  59.3719
-25.4946  -34.6722  71.4104
-29.3156  -36.6513  65.064
-18.277  -40.5032  72.3838
-16.8499  -37.0625  64.6089
-12.3015  -39.1935  73.8682
-5.61441  -44.4499  75.6765
-44.1487  -21.453  20.0479
-39.3281  -32.2819  19.0863
-48.3815  -35.5892  26.5081
-49.6764  -26.3477  16.2081
-56.9262  -29.0487  17.7277
-52.2568  -21.466  27.9933
-60.2798  -28.1087  26.4255
-60.7099  -26.4541  35.5601
-55.5216  -34.1441  32.2534
-62.2442  -39.8433  26.0749
-56.8266  -41.0063  35.9694
-57.1717  -30.8897  43.7499
-47.3933  -28.6812  37.3301
-40.8754  -36.5902  42.2189
-49.2441  -36.7165  50.0282
-49.0454  -41.8914  45.1415
-44.4698  -47.3944  52.8832
-39.0638  -47.6906  45.2913
-33.6642  -37.8077  37.0391
-26.7361  -39.4664  43.4667
-25.7332  -41.7627  57.7824
-22.4621  -45.8251  69.512
-18.0696  -53.5254  72.9714
-23.3813  -53.8082  62.0417
-29.7766  -47.0605  61.5052
-28.6901  -49.2598  46.5585
-33.0316  -51.8176  37.5759
-30.7982  -57.8411  51.883
-35.7163  -52.2952  59.0445
-14.1745  -58.6571  63.1387
-31.2765  -62.7873  60.8469
-31.01  -58.4373  41.4217
-25.9812  -62.5995  52.629
-24.3444  -61.6558  66.0416
-10.8879  -66.1468  67.6472
-17.4835  -66.9243  62.905
-21.9678  -60.301  42.3284
-23.0504  -71.3309  45.1266
-19.2843  -65.6897  53.1546
-21.4664  -75.4139  56.0187
-23.4321  -85.9903  44.1893
-15.2527  -79.6689  50.511
-25.8344  -75.0263  36.6383
-24.5389  -76.6434  22.1793
-21.013  -81.9204  32.0181
-13.2854  -87.0872  38.8651
-50.0292  -49.0859  44.3321
-42.3664  -54.4076  39.0632
-46.833  -44.9301  32.7251
-47.3444  -59.1357  47.198
-35.5588  -63.2942  42.2212
-42.16  -68.2884  47.2876
-40.6802  -74.1994  41.428
-31.6892  -72.0447  41.4527
-49.7277  -65.7617  37.5481
-37.5692  -81.6261  34.9648
-30.8305  -77.2205  32.2405
-30.6042  -79.7504  16.9616
-40.8597  -84.5083  12.5472
-35.5567  -85.0506  26.3327
-44.3491  -76.0907  31.2208
-42.781  -79.6979  19.3082
-47.0754  -73.0497  23.6529
-39.0715  -64.5563  21.5448
-48.3963  -67.2471  29.6892
-55.7791  -56.4348  36.4567
-53.5991  -49.0814  27.5115
-55.7574  -45.2764  18.8932
-45.8017  -58.3732  25.4122
-56.8242  -59.7498  26.515
-39.0906  -63.7558  11.9601
-3.72518  -63.94  59.7869
-12.0633  -50.9652  72.7643
-6.87236  -56.9917  67.675
-5.4705  -53.1983  60.8911
-12.3317  -47.7143  53.8576
-3.4728  -47.7445  51.157
-5.61261  -58.151  51.3534
-8.52715  -50.2776  43.4616
-8.99757  -53.2251  34.4119
-2.91866  -59.7108  28.8417
-3.6756  -67.6628  34.4517
-2.20553  -59.4026  40.7956
-2.7453  -68.857  45.7025
-7.3775  -67.7563  52.9556
-9.40663  -72.714  59.8434
-14.5517  -76.3149  43.7924
-14.0356  -62.321  34.7401
-11.2979  -65.1809  42.8471
-7.70757  -65.4883  27.1228
-15.8698  -58.2086  23.686
-22.3924  -59.3785  26.0005
-17.2449  -57.1298  9.9467
-6.97806  -59.7327  16.1506
-15.5491  -77.6841  37.0625
-6.91203  -84.3053  42.4356
-7.13389  -84.7948  27.808
-9.35662  -96.3279  21.5154
-4.71596  -84.8269  22.6774
-3.76225  -78.531  33.4248
-6.82227  -72.4615  26.7391
-19.1408  -68.5632  25.0469
-11.036  -87.3142  4.22757
-9.18412  -78.1483  10.5524
-10.0491  -64.5028  7.43064
-21.2944  -64.3578  7.27972
-12.2469  -64.6793  16.3226
-2.70328  -72.4494  11.9399
-14.8343  -86.7467  12.9104
-7.09848  -92.1445  16.0783
-17.661  -95.6772  5.76368
-15.1452  -99.1835  -4.70938
-21.6605  -101.492  -4.28371
-23.3076  -104.648  3.40978
-15.1095  -103.571  9.275
-17.3123  -100.559  14.9797
-25.2232  -88.5171  28.8004
-22.4869  -94.2823  20.3279
-32.8395  -97.3636  8.75502
-36.4556  -95.944  -2.5773
-29.8941  -95.4854  -3.3167
-27.7006  -93.5237  -8.58765
-42.3326  -88.1159  -6.34366
-48.3886  -78.6293  -5.92257
-38.1577  -90.5697  4.65943
-46.0001  -80.5326  4.35924
-36.3813  -81.7882  5.53579
-28.3886  -94.1875  14.5411
-16.0491  -89.1474  27.2334
-49.3475  -71.6053  7.13195
-48.8529  -75.1372  15.2805
-51.9407  -70.0386  -3.97351
-47.7295  -61.0942  -0.614006
-11.1509  -92.655  -3.47482
-5.54049  -87.5854  1.10156
-21.6907  -85.9626  -9.24943
-13.2221  -83.2892  -6.09696
-5.20216  -75.6916  3.50106
-19.1742  -72.3885  -7.40358
-25.2731  -76.3262  -6.61857
-28.9104  -61.1577  -4.84488
-23.8165  -61.0433  -11.4399
-16.0468  -65.3137  -2.6853
-11.0508  -71.8919  -1.87336
-18.9129  -56.8241  1.67628
-13.9332  -44.6532  -1.81144
-15.2024  -56.6783  -4.2855
-23.7538  -48.8409  -8.88156
-27.3565  -38.8349  -11.2264
-27.9884  -81.3485  -3.0676
-33.0753  -82.7476  -10.4867
-43.1861  -77.3759  -10.1874
-40.9133  -72.7095  -3.8605
-42.8868  -67.2721  -12.2384
-32.2738  -70.0112  -9.90017
-32.4998  -53.0397  -6.83568
-31.5747  -58.6426  -13.0064
-43.5245  -58.5352  -15.9836
-41.5161  -55.0734  -10.1999
-39.5279  -48.7281  -18.4612
-27.3114  -47.3193  -15.3624
-32.1204  -38.6549  -14.4613
-35.1361  -29.0973  -25.0532
-29.3393  -36.9901  -21.9963
-38.2837  -41.419  -19.746
-39.8157  -31.1214  -21.7293
-39.2211  -24.3462  -32.4461
-42.1373  -17.0579  -28.8191
-41.0868  -6.82726  -40.1634
-39.4066  1.17384  -39.9331
-36.326  7.6968  -42.5378
-12.0665  -43.0124  -8.38666
-20.4069  -36.9756  -14.488
-30.529  -28.3868  -19.1244
-27.5401  -23.1347  -28.8929
-35.7002  -19.7356  -30.7615
-31.2  -14.7934  -33.6383
-37.2419  -13.6092  -38.2208
-31.3529  -5.95243  -40.1734
-31.2759  1.61937  -42.9191
-38.6263  18.2767  -27.9752
-35.1719  19.9815  -34.3955
-29.1366  15.6697  -35.1689
-30.0936  13.484  -43.7793
-44.7642  -58.7549  -6.89071
-54.0267  -59.1294  -10.5781
-59.3706  -52.7833  -15.4608
-46.8639  -47.8024  -14.2628
-63.9746  -43.7154  -12.0321
-60.2059  -41.6283  -20.7742
-53.5065  -45.8841  -19.4496
-64.9596  -33.5643  -16.6963
-48.1584  -36.201  -20.9192
-62.9964  -29.451  -23.5696
-54.0178  -29.1109  -25.9981
-55.9462  -19.8791  -27.2919
-54.0919  -15.4762  -40.1363
-47.3502  -19.1715  -29.471
-47.8811  -9.13202  -41.9969
-47.1246  1.39025  -41.6739
-39.0801  12.4625  -39.1321
-50.9222  -64.0713  15.512
-50.3761  -63.0515  4.12495
-58.5039  -64.491  11.1923
-58.7613  -57.7048  -5.21314
-62.9173  -56.9932  1.64878
-63.9591  -45.9909  -3.36373
-67.0183  -35.0143  -7.00113
-62.2204  -24.6461  -9.53213
-55.6552  -28.6083  -7.54846
-47.7944  -31.9377  -6.67377
-53.2229  -18.0517  -15.8491
-63.621  -23.9754  -18.1967
-64.5212  -14.8625  -17.4302
-61.614  -13.0621  -29.3633
-60.3361  -7.07697  -24.521
-56.3768  2.60934  -27.2953
-55.9368  -5.09383  -36.0643
-54.8734  5.73859  -37.7225
-45.5366  13.7471  -34.4431
-52.0856  -56.16  16.5419
-52.139  -49.7984  14.0957
-50.0506  -49.5922  7.87398
-53.7401  -45.3851  -0.472187
-46.5382  -38.7554  2.45529
-60.8707  -54.0847  17.1438
-63.0552  -48.1066  9.85983
-64.2052  -38.3882  16.0174
-44.9723  -37.8931  16.2091
-55.4034  -37.063  12.8969
-63.2428  -41.311  3.67136
-65.9926  -32.4847  1.85423
-56.0325  -30.9096  0.0298487
-65.3141  -25.8743  10.8837
-55.8571  -30.8671  10.7925
-65.9508  -19.6783  5.38143
-60.3586  -20.4794  -1.7316
-47.161  -24.5079  -3.56137
-50.063  -12.6296  -14.9025
-63.4989  -11.7211  1.88719
-40.8297  -19.2448  0.403846
-49.0658  -9.55087  0.742004
-61.8694  -10.0647  -9.13131
-57.6494  -5.16809  -16.9903
-50.472  -2.16279  -22.3315
-59.9168  2.85059  -5.61334
-57.6136  -1.92982  1.59034
-46.0409  -2.92667  -10.9271
-55.1341  9.06787  -10.073
-50.1336  7.55386  -29.0076
-55.9975  4.49203  -17.7048
-42.4205  3.63092  -14.5673
-46.6916  12.7347  -17.1399
-47.1703  18.1  -25.1232
-54.3402  -13.7751  4.87036
-51.3379  -21.5115  7.92621
-44.1965  -23.4932  9.42628
-36.9349  -27.6604  10.8583
30.5695  27.2832  -3.36311
42.5854  23.6796  -9.35402
31.4419  20.4965  -9.55572
32.3422  15.4508  -18.1919
32.2631  23.5112  -20.9904
24.8974  32.7424  -17.9709
29.0748  29.2023  -15.0121
23.8158  39.7458  -14.1128
36.7125  31.9147  -15.1224
42.8541  22.1649  -16.4542
43.8344  29.5646  -18.8904
31.8662  38.0054  -15.1747
20.3032  52.6008  -13.2774
19.4999  61.6801  -8.60606
29.1821  46.5338  -15.281
30.4051  54.3522  -6.15283
25.2982  56.9648  -13.4028
14.449  63.1101  -8.92042
23.8123  55.0577  -3.81033
41.0802  40.9362  -19.9159
47.3526  35.7351  -15.4625
42.5649  44.968  -10.9271
40.7764  52.0195  -8.77765
36.5442  53.5934  -15.6887
35.3996  58.9622  -1.4315
9.79624  67.6544  -6.27138
12.3737  67.6615  2.41897
5.14868  25.7772  -14.6967
10.8755  36.1198  -21.4675
5.47244  46.1169  -20.5621
6.98091  35.1636  -14.6542
13.101  42.9206  -9.68148
16.0302  45.2624  -18.8271
8.87262  55.6384  -22.3191
8.47373  50.7013  -12.7359
12.9792  53.0781  -0.551567
7.55484  60.3625  -13.6024
6.09034  62.2499  0.427807
8.26288  57.4878  8.7724
47.5445  36.109  -9.27345
47.1129  42.7907  -0.172529
50.4276  36.789  3.40302
46.8198  26.0542  6.28022
53.515  31.855  -5.02181
54.3246  18.8264  2.83648
46.4873  20.6506  -3.65299
35.4633  30.0732  1.16739
47.1587  14.9925  9.61921
36.4213  17.9876  8.90763
41.1257  10.3069  8.12165
53.1477  10.7945  7.15042
58.6957  8.56895  15.6385
56.3037  13.2897  24.3327
54.6318  17.5688  15.9792
47.8315  20.5157  18.8847
37.3293  16.506  21.6136
47.5297  8.87327  22.2736
20.6823  64.2297  5.70904
24.2523  56.4985  6.76699
37.0216  48.8029  0.980817
28.8187  46.1477  9.55338
27.5229  56.8974  16.6444
24.2266  50.2214  21.6356
37.1024  51.6824  22.6646
40.9186  42.8934  18.9695
40.3857  51.3079  8.97851
45.5707  38.6272  11.3251
51.2505  29.8728  15.9377
35.8838  43.9847  29.6435
28.1869  39.7239  28.6379
33.2978  34.0732  38.356
34.8835  20.7629  38.912
43.1043  36.274  27.5771
39.751  28.4121  16.7376
40.6989  23.2251  23.7757
41.7407  29.2197  35.0912
50.1682  20.5326  32.8339
46.3805  14.6908  37.6974
26.4156  28.0879  38.6071
5.27033  61.9631  19.1
13.6269  66.5338  15.7883
9.87647  54.1651  15.2229
9.1863  44.7658  21.8893
4.2657  50.6754  26.4658
11.6809  62.6388  24.4178
17.8477  53.9593  27.9173
8.28461  58.4522  31.4245
8.49541  44.1623  32.6226
5.63481  36.2178  26.8219
6.77522  35.2761  35.2594
12.2677  53.5915  40.8616
24.4159  50.9077  31.6449
21.2802  41.9603  34.8546
27.9277  40.4288  41.9126
15.1365  45.358  45.1185
4.90693  48.2229  41.7169
6.30693  39.8442  48.7749
6.1015  28.842  40.4916
9.1881  26.0083  30.2514
12.3328  10.1921  40.8206
6.58763  19.2685  39.251
5.4893  26.9654  51.1595
8.72165  34.5199  59.1696
17.1966  37.5945  53.5854
17.9762  33.4082  43.5298
20.4885  20.1771  49.2228
20.2682  26.5451  57.5301
8.03524  24.2393  62.2212
4.93732  15.9872  50.5213
10.8537  7.46945  49.9764
7.80576  -0.0416209  52.7558
5.45264  5.57143  60.2041
7.60104  9.67523  69.178
8.39601  15.4926  60.1194
20.4443  17.3958  61.5052
23.1696  9.05107  51.67
23.8345  -7.74717  56.3968
22.6739  8.71786  63.699
14.5203  3.87758  68.2449
21.6156  -3.28408  65.6898
21.3637  -10.4013  67.851
6.67183  -3.67388  71.7063
3.33254  -12.6971  64.031
7.37576  -4.65169  59.1946
12.3888  -11.1135  71.4471
25.4658  24.6847  46.883
45.2468  17.1651  48.0895
40.3415  10.3616  56.4397
33.6093  21.9839  52.9686
43.5189  6.9089  33.5944
36.8794  7.70811  28.3746
48.1096  8.43257  43.8559
36.2501  -1.64224  39.5765
29.1416  8.35329  52.3586
38.23  0.986226  59.557
43.6173  0.12642  49.1774
31.3906  -5.998  53.0459
31.2094  -1.76655  63.7143
43.0986  2.20175  12.2932
52.7269  2.79095  6.49367
59.3107  0.0552118  11.3997
52.6505  -7.04519  12.5071
53.9577  -7.67504  22.6917
57.9362  2.54454  21.6899
46.1788  2.07712  24.6086
43.4042  -4.37565  35.7381
55.3539  3.50789  36.1182
55.8494  -0.899248  30.5908
54.5111  -11.0388  33.5261
59.1685  -6.88426  41.2091
51.2745  -2.16095  42.7199
48.2232  -3.90109  56.0016
52.6534  -10.3458  48.9428
55.0514  -17.3318  44.1697
44.2239  -18.0411  38.0243
35.4979  -21.0966  43.8054
48.648  -17.257  51.964
44.1743  -13.3024  56.0069
35.0314  -11.8977  48.8607
18.636  -17.1465  56.2246
28.6115  -13.6826  55.3339
37.6793  -13.8419  66.7514
37.5136  -19.8723  59.6318
34.9947  -25.771  52.0283
27.2713  -31.2839  52.818
32.1855  -30.9942  63.0163
30.7538  -18.6619  69.5075
21.2136  -21.8348  60.6622
28.5492  -25.844  66.1136
23.4838  -33.2589  70.0765
18.1603  -36.5383  60.4133
13.4778  -34.4108  73.7888
21.6625  -24.9668  74.6499
12.8655  -17.5618  69.8676
12.4934  -25.8393  76.8219
6.24438  -32.6636  70.4969
5.41773  -44.0675  67.4684
4.97613  -40.6955  57.6227
9.3662  -29.9603  61.5619
13.2055  -43.3646  52.2757
14.3144  -36.0667  46.3176
12.5404  -25.3687  45.148
6.55354  -31.7895  51.8327
7.74434  -16.2105  48.095
3.88227  -20.7683  55.2471
4.80467  -23.2607  68.3426
6.66341  35.001  -4.09665
6.44796  47.716  -4.35918
7.4067  48.7784  7.23914
8.33028  40.8907  13.7163
7.95076  32.9217  19.8849
7.56746  23.1055  25.0138
5.79347  16.1149  30.9975
5.8334  9.58993  36.2066
4.14902  4.49215  43.4255
6.4396  -5.76684  47.4133
3.06525  -4.58992  38.3558
2.80104  -19.7242  38.5736
3.6283  -27.6454  40.2243
9.58377  -15.0106  42.8441
10.7639  -31.6776  41.325
8.08789  -40.6646  43.2455
3.1997  -34.8242  35.4523
6.08259  -42.2554  33.2605
4.26179  -51.4289  33.9406
5.45641  -46.6623  25.7484
6.56385  -55.0966  10.7211
15.3259  -52.1661  2.20966
10.6658  -40.1624  -0.620798
44.9335  -8.89084  14.0231
45.2938  -16.2825  17.5983
55.833  -14.2865  13.6219
59.4004  -22.2833  24.1083
63.3027  -13.3874  19.012
62.351  -7.39784  25.0738
61.3315  -12.3186  31.5606
57.5643  -19.1579  31.7148
50.5872  -18.6961  36.5761
58.142  -21.8965  39.3713
51.3871  -25.6997  26.9264
48.9069  -28.1363  41.8309
55.9067  -25.8709  49.0125
42.4609  -25.0094  43.3754
40.5806  -26.6054  52.0057
51.3209  -35.8428  51.5626
50.3648  -23.2094  57.85
47.8213  -31.429  56.4376
41.1417  -36.2102  47.0972
40.9351  -42.6109  52.6979
43.2788  -26.8887  64.0019
36.1136  -34.7285  59.1704
41.7251  -34.9786  66.7139
43.941  -41.7326  61.5953
33.6991  -42.4144  54.1316
24.4982  -44.8115  63.7821
34.3775  -44.2875  67.6194
27.097  -38.916  62.5194
25.4777  -42.9762  73.1192
7.80701  -40.5179  73.8538
15.8868  -40.5423  74.8037
47.0092  -21.1394  20.7636
39.9816  -31.9621  19.8592
43.68  -39.0037  16.8531
50.9468  -46.6263  21.6326
53.3209  -25.8325  16.0744
54.0666  -35.8812  19.9897
63.951  -30.885  20.6872
50.4411  -41.9018  31.3147
57.0454  -45.9009  36.3539
64.242  -46.8539  23.8787
59.0788  -40.9671  41.4911
61.1005  -27.2999  30.45
55.2705  -31.9733  40.8628
61.9185  -35.9266  31.8417
50.4355  -38.6226  35.5666
42.0858  -36.3399  38.9253
32.9572  -42.0464  41.0227
25.6843  -46.0752  55.9887
15.2717  -50.2989  74.4108
17.6623  -62.2783  70.8919
19.0496  -51.1511  64.3249
33.7917  -56.9899  62.8353
28.5137  -49.2797  48.0564
25.9893  -48.1083  38.1023
28.0578  -59.7387  40.9639
30.5618  -53.8445  55.8453
26.6502  -57.1456  67.9053
23.6282  -60.6363  57.661
33.9885  -65.3985  60.3135
30.6332  -63.9713  48.4796
27.5039  -75.9679  47.671
30.0008  -71.9401  53.7013
23.6546  -69.6366  60.6153
16.9432  -75.3927  57.3097
20.921  -74.1633  48.0311
20.6141  -73.1646  39.6386
9.81379  -78.1534  47.5466
4.43437  -78.8548  40.2653
14.4563  -83.9487  44.0672
19.8058  -79.3614  37.8682
25.439  -72.4468  28.8833
19.4747  -82.65  28.4957
17.64  -88.8585  33.8796
55.1329  -53.3972  40.2932
47.839  -52.0383  54.6933
48.5785  -44.3173  46.476
37.9542  -46.7101  36.3333
33.5592  -56.0602  35.8004
40.2392  -57.739  50.0854
43.2147  -63.911  43.1116
34.8016  -68.89  39.4855
54.5726  -66.7062  29.9303
43.6521  -69.0713  40.766
43.2251  -62.1716  35.0854
33.8316  -76.6195  42.1813
29.815  -76.3955  30.8266
39.0568  -79.774  38.4284
27.1754  -86.3356  32.732
39.1255  -84.2075  31.6868
33.0843  -88.4636  23.1768
41.1728  -82.6196  21.5716
37.7123  -68.2015  20.8939
40.4074  -59.6316  15.5152
41.8387  -74.1864  25.7691
52.703  -71.2468  23.0348
52.6829  -61.0965  25.1772
51.8468  -62.5517  38.9253
48.9996  -55.5951  45.9486
59.8408  -55.9727  24.2094
47.3797  -55.0866  28.0147
49.6559  -59.485  16.4566
10.7612  -52.8489  70.4607
9.78758  -56.6275  64.7593
13.1434  -62.6492  61.578
5.44141  -52.2556  52.8061
10.5508  -49.888  55.2936
10.8974  -49.2447  36.8268
5.8107  -50.5556  44.2282
6.9551  -57.9748  32.689
8.67567  -58.5324  46.0129
5.34236  -63.3418  58.4946
12.462  -70.7449  58.3214
3.73625  -67.5422  45.8751
10.7209  -71.2336  45.1395
11.309  -68.3344  51.0679
10.1634  -75.9545  34.4092
16.7067  -70.5535  27.4532
13.6254  -62.5424  38.7223
18.5244  -59.6179  19.8769
16.7575  -61.3023  27.7322
6.06805  -67.3394  33.6057
5.39369  -62.0155  24.1785
9.43116  -59.9094  13.5426
16.5978  -62.9529  9.56903
10.8247  -67.517  18.6186
10.776  -79.5717  28.4155
3.46611  -86.228  20.8197
4.97453  -88.8152  31.2856
10.8854  -88.3654  38.6076
3.62349  -76.6654  26.1111
8.09443  -97.628  27.1903
9.04972  -99.8588  12.2851
6.25845  -91.3472  22.7077
3.10051  -97.1336  8.64512
20.1774  -99.9883  1.4581
11.7897  -95.6282  2.09066
15.137  -88.0127  9.92802
8.26231  -86.3069  4.74363
12.7084  -78.7288  10.6704
18.7016  -71.3529  10.4083
7.77636  -70.1899  10.4081
4.22506  -75.3125  16.1757
6.54385  -84.9124  14.5255
7.20248  -92.5561  7.11571
16.2571  -102.11  -8.61025
20.2255  -95.1378  -10.6293
26.9685  -88.2565  -10.1098
32.0899  -93.3286  -0.530715
29.0808  -97.8678  -9.13532
25.5045  -99.4216  10.3399
31.4617  -95.2917  9.74192
28.0892  -87.5162  14.9921
26.128  -102.499  0.446874
15.0203  -105.36  7.30899
18.1523  -99.9289  18.3922
18.9231  -94.0144  24.2825
24.1887  -86.062  22.1623
36.4884  -89.1334  11.3146
37.7815  -91.1593  -4.69691
45.3901  -86.118  3.47321
38.9257  -81.4688  12.3038
48.0078  -77.4622  17.6316
51.0277  -76.2108  6.79466
11.0457  -101.733  -3.29147
8.31631  -92.3304  -6.81671
5.24128  -77.189  6.10296
5.28662  -84.326  -2.14431
16.6115  -80.9201  -7.66417
25.0128  -75.7194  -8.3207
26.3674  -66.0818  -5.32867
21.3154  -41.5941  -11.8097
22.6466  -57.5338  -8.17292
12.3625  -72.7396  -2.59842
14.2681  -65.4822  2.41828
28.4166  -48.6927  -6.12918
17.2527  -53.5787  -2.07256
17.5588  -31.4587  -10.487
23.3549  -23.0822  -15.2531
36.7928  -17.2159  -18.9942
24.3019  -21.6874  -26.73
20.1  -86.7596  -4.94047
31.1673  -80.8172  -2.76088
38.1678  -80.9722  -6.46476
33.1574  -69.1837  -4.28724
46.3562  -78.5902  -3.96375
43.7871  -72.8626  0.716815
45.6208  -69.6559  -10.3021
31.8655  -68.243  -6.85626
29.8316  -55.4574  -5.42945
40.5058  -59.0879  -3.96358
40.4434  -58.5088  -15.1306
34.0212  -46.8229  -9.51679
29.0824  -41.7162  -14.6428
32.5984  -49.1907  -18.4274
37.5116  -34.9386  -20.3701
41.2019  -46.1219  -13.8514
42.9915  -31.9276  -21.7364
43.3026  -23.4471  -26.2006
44.2392  -12.761  -31.7102
45.7484  -14.436  -33.4284
46.743  0.654107  -42.1057
37.0369  5.12426  -33.7745
33.4393  -28.7871  -19.8954
33.1757  -35.6056  -14.0398
29.6305  -16.0784  -29.4522
34.4676  -24.455  -25.6376
38.7423  -19.7531  -31.5041
38.1756  -12.3951  -34.3188
37.952  -3.73715  -41.1688
33.1499  8.30182  -43.8641
32.584  18.0971  -40.668
33.4891  8.94331  -29.4758
37.1918  20.7235  -32.0128
46.8912  -70.1139  9.02853
50.0664  -59.2878  -5.41227
56.9905  -69.4769  0.970867
43.8822  -63.1376  0.4099
60.1321  -63.1199  -8.65161
51.1968  -59.3826  -14.1873
54.7558  -53.4267  -19.2259
46.8101  -46.8557  -15.2977
60.5323  -47.9185  -19.7663
62.7061  -40.0586  -23.9118
51.7588  -40.49  -23.7923
52.4289  -28.069  -23.3152
62.5782  -28.003  -27.745
64.7707  -19.5733  -25.3934
56.4288  -18.8019  -29.4657
57.7031  -9.65543  -35.2492
54.6275  -0.647065  -39.8109
63.0894  -11.8564  -26.872
42.4981  14.9309  -35.7917
48.7912  -62.0456  9.24827
58.9586  -63.0044  12.307
55.8723  -56.4993  3.40589
63.9118  -57.1672  1.09102
66.1789  -47.3405  1.05768
64.3965  -52.5013  -7.52848
62.2272  -43.0229  -10.5094
57.3385  -46.2031  -14.3151
64.3957  -37.7892  -11.6961
67.3904  -41.7647  -5.7609
68.4495  -28.3066  -11.2091
67.937  -29.8443  -20.581
56.2931  -26.4017  -9.51293
56.6787  -11.709  -14.6226
65.7037  -17.4174  -10.0817
62.8566  -20.4475  -18.4571
61.5983  -3.81797  -18.2946
61.9737  -10.3945  -19.1738
59.7995  -1.48188  -28.9531
49.6783  5.84981  -33.8695
61.6985  -55.5708  11.1148
58.745  -50.1518  7.89659
58.9132  -40.2698  -2.46984
56.9053  -43.1636  6.80544
54.6016  -34.0525  -0.174306
51.2477  -42.3104  2.88179
49.6722  -36.9392  -4.58573
60.3179  -42.6968  15.2094
66.4685  -50.6737  12.0822
67.1637  -39.0713  7.49418
52.4465  -36.6882  11.296
42.3501  -32.1537  10.1977
50.1497  -24.5173  8.62838
61.3519  -23.4527  11.7637
63.9057  -30.9177  11.286
66.5069  -26.8536  3.90279
56.5392  -15.9342  7.19489
49.5083  -8.58303  -2.16175
61.2873  2.26429  0.136159
65.5062  -12.8732  5.45337
60.0185  -24.8964  -0.724068
48.9263  -26.1585  -4.64602
58.337  -17.0755  -6.28064
62.2579  -7.14411  -2.01631
50.1552  0.246039  -7.37371
53.4117  10.1634  -8.25364
58.4618  1.27177  -11.0317
52.9923  -7.76133  -12.7817
49.9726  -3.4452  -26.0963
56.9473  5.58864  -20.2536
46.6815  6.21354  -15.1206
39.9529  5.78384  -19.1342
51.7561  16.6559  -24.9458
52.7384  5.27605  -28.3348
44.6081  15.8543  -22.4711
49.1231  -9.25517  6.07871
37.2023  -27.1241  13.2367
43.1294  -19.703  7.18733
