# # np.logspace(-2, 2., num = num_time_points)
0,4.19445e-10,1.45593e-10,5.18629e-11,2.60274e-09,4.87805e-08,4.89413e-08,2.72323e-10,5.47008e-11,2.98588e-11,1.48066e-10,9.70285e-09,5.15089e-11,3.55092e-11,2.23021e-11,6.3677e-11,5.59256e-10,5.06993e-11,3.99823e-10,8.34978e-10,2.07243e-09,2.53601e-08,4.02289e-08,2.32359e-11,1.09857e-08,3.45311e-10,2.10954e-11,2.20217e-11,3.19444e-09,9.2802e-11,1.94247e-10,2.26326e-11,4.2635e-11,3.91642e-09,1.2173e-10,4.68963e-11,6.49465e-10,8.5571e-10,6.81118e-11,2.63526e-11,2.80957e-10,4.14077e-10,5.62409e-10,4.83347e-11,1.08965e-10,3.18919e-11,3.20536e-11,4.3671e-10,1.03161e-10,2.34883e-11
0,0,4.548e-10,4.16752e-10,2.62892e-09,4.87895e-08,4.89662e-08,4.88321e-10,4.2705e-10,4.1865e-10,4.7695e-10,9.72158e-09,4.19004e-10,4.88554e-10,4.14977e-10,5.3702e-10,6.67508e-10,4.19123e-10,6.35625e-10,9.05009e-10,2.09151e-09,2.55986e-08,4.01731e-08,4.20498e-10,1.09893e-08,5.50302e-10,4.18819e-10,4.17344e-10,3.21563e-09,4.25902e-10,4.56688e-10,4.14703e-10,4.8982e-10,3.92119e-09,4.33567e-10,4.27705e-10,7.88205e-10,9.47874e-10,4.22138e-10,4.17212e-10,5.01226e-10,5.84637e-10,7.05062e-10,4.28347e-10,4.40492e-10,4.16113e-10,4.22069e-10,5.60248e-10,4.9349e-10,4.21538e-10
0,0,0,1.49733e-10,2.59696e-09,5.36562e-08,4.90488e-08,3.06403e-10,1.52801e-10,1.43118e-10,2.07028e-10,9.73229e-09,1.46455e-10,1.51483e-10,1.40436e-10,1.68415e-10,5.58699e-10,1.49368e-10,4.27698e-10,8.29547e-10,2.05301e-09,2.54379e-08,4.01821e-08,1.41475e-10,1.28181e-08,3.73568e-10,1.40726e-10,1.44692e-10,3.1934e-09,2.66606e-10,2.36557e-10,1.43369e-10,1.46649e-10,3.91368e-09,1.75744e-10,1.50711e-10,6.52828e-10,8.58706e-10,1.51881e-10,1.415e-10,3.52246e-10,4.35007e-10,5.77136e-10,1.46057e-10,1.84654e-10,1.46028e-10,1.41697e-10,4.13353e-10,1.83813e-10,1.4102e-10
0,0,0,0,2.60723e-09,4.88459e-08,4.89242e-08,2.741e-10,5.55787e-11,3.61716e-11,1.48858e-10,9.69814e-09,5.3555e-11,4.14322e-11,2.97471e-11,6.60673e-11,4.94265e-10,5.21296e-11,3.96902e-10,8.03758e-10,2.05499e-09,2.54232e-08,4.0189e-08,3.311e-11,1.10457e-08,3.42169e-10,2.99366e-11,3.15758e-11,3.18398e-09,1.02503e-10,1.92892e-10,3.09694e-11,4.0512e-11,3.91089e-09,1.0952e-10,5.34053e-11,6.33023e-10,8.44003e-10,6.36741e-11,3.28416e-11,2.78813e-10,4.08566e-10,5.58967e-10,4.77404e-11,1.09835e-10,3.76581e-11,3.64465e-11,3.91547e-10,1.08342e-10,3.11045e-11
0,0,0,0,0,4.88122e-08,4.90919e-08,2.67339e-09,2.59392e-09,2.77557e-09,2.6198e-09,1.01472e-08,2.96203e-09,2.6041e-09,2.60113e-09,2.59899e-09,2.63988e-09,2.59392e-09,2.65336e-09,2.71512e-09,3.31052e-09,2.5491e-08,4.02674e-08,2.59325e-09,1.12641e-08,2.64422e-09,2.59998e-09,2.61352e-09,4.1072e-09,2.59612e-09,2.60815e-09,2.60912e-09,2.59603e-09,4.67883e-09,2.59998e-09,2.60063e-09,2.67555e-09,2.75671e-09,2.59785e-09,2.77876e-09,2.61176e-09,2.65538e-09,2.76055e-09,2.60374e-09,2.59997e-09,2.59616e-09,2.60503e-09,2.62489e-09,2.59495e-09,2.5956e-09
0,0,0,0,0,0,6.91116e-08,4.87491e-08,4.8843e-08,4.87438e-08,4.87544e-08,4.97082e-08,4.87448e-08,4.89182e-08,4.87625e-08,4.89674e-08,4.9061e-08,4.87629e-08,4.87635e-08,4.87961e-08,4.8788e-08,5.49895e-08,6.31647e-08,4.88142e-08,7.56142e-08,4.87474e-08,4.8748e-08,4.88304e-08,4.88718e-08,5.06071e-08,4.87515e-08,4.87531e-08,4.87677e-08,4.89085e-08,4.87513e-08,4.87563e-08,4.87754e-08,4.87585e-08,4.87668e-08,4.87516e-08,4.90368e-08,4.87547e-08,4.87508e-08,4.87455e-08,4.888e-08,4.88683e-08,4.87533e-08,4.88962e-08,4.88938e-08,4.87511e-08
0,0,0,0,0,0,0,4.89284e-08,4.90982e-08,5.00056e-08,4.8962e-08,7.38742e-08,4.8934e-08,4.90971e-08,4.89361e-08,4.91914e-08,4.89405e-08,4.89338e-08,4.90104e-08,4.89361e-08,4.90257e-08,5.51149e-08,6.33894e-08,4.89323e-08,5.01665e-08,4.90698e-08,4.90902e-08,4.89297e-08,4.9057e-08,4.89354e-08,4.9109e-08,4.89749e-08,4.89359e-08,4.90843e-08,4.91966e-08,4.89585e-08,4.89878e-08,4.89431e-08,4.89321e-08,4.89442e-08,4.8936e-08,4.90044e-08,4.89383e-08,4.89724e-08,5.31528e-08,4.8936e-08,5.01534e-08,4.89326e-08,4.89395e-08,4.89424e-08
0,0,0,0,0,0,0,0,2.74668e-10,2.75308e-10,3.11428e-10,9.70318e-09,3.33085e-10,2.71896e-10,2.89946e-10,2.74238e-10,5.55479e-10,2.79953e-10,4.79598e-10,8.52602e-10,2.07386e-09,2.54614e-08,4.0193e-08,2.65796e-10,1.09698e-08,4.36664e-10,2.727e-10,3.04203e-10,3.19491e-09,2.86079e-10,3.30998e-10,2.72413e-10,2.73306e-10,3.93419e-09,2.85031e-10,2.94894e-10,6.82898e-10,8.91982e-10,2.73207e-10,2.75634e-10,4.10339e-10,4.81453e-10,6.45039e-10,2.73999e-10,2.88056e-10,2.72115e-10,2.68623e-10,4.53103e-10,2.93869e-10,2.71752e-10
0,0,0,0,0,0,0,0,0,4.99142e-11,1.57952e-10,9.74559e-09,6.46499e-11,6.47675e-11,4.34357e-11,7.73048e-11,4.87249e-10,6.42247e-11,4.03193e-10,8.00292e-10,2.09269e-09,2.5477e-08,4.03921e-08,4.46575e-11,1.10334e-08,3.4862e-10,4.60944e-11,4.5395e-11,3.6107e-09,1.02341e-10,2.09463e-10,4.39237e-11,5.32106e-11,3.89415e-09,1.34891e-10,6.34682e-11,7.34849e-10,8.94325e-10,7.46113e-11,4.52216e-11,2.8368e-10,4.24608e-10,5.70132e-10,9.76371e-11,1.25384e-10,7.07291e-11,5.15853e-11,3.84339e-10,1.18778e-10,4.39078e-11
0,0,0,0,0,0,0,0,0,0,1.6329e-10,1.03286e-08,6.00408e-11,3.7717e-11,2.02871e-11,6.83585e-11,4.83656e-10,4.49184e-11,4.30907e-10,7.96257e-10,2.05056e-09,2.53886e-08,4.01845e-08,2.01024e-11,1.09613e-08,3.78279e-10,2.23102e-11,1.9936e-11,3.19673e-09,7.93782e-11,1.93365e-10,2.15758e-11,3.62005e-11,3.89897e-09,1.07184e-10,4.48954e-11,6.37376e-10,8.62667e-10,5.5854e-11,3.29643e-11,2.80462e-10,4.40175e-10,5.69594e-10,4.74211e-11,1.41058e-10,2.80389e-11,5.50003e-11,3.7313e-10,1.03964e-10,2.52345e-11
0,0,0,0,0,0,0,0,0,0,0,9.72719e-09,1.72506e-10,1.67538e-10,1.46098e-10,2.09562e-10,5.1061e-10,1.52143e-10,5.9263e-10,7.9828e-10,2.0527e-09,2.53537e-08,4.0168e-08,1.46799e-10,1.09694e-08,5.30379e-10,1.51192e-10,1.47388e-10,3.23346e-09,1.66083e-10,2.40131e-10,1.48193e-10,1.68726e-10,3.89723e-09,1.79846e-10,1.50937e-10,6.72019e-10,9.32768e-10,1.59484e-10,1.55311e-10,3.16227e-10,4.54688e-10,7.70543e-10,1.84645e-10,1.86045e-10,1.53014e-10,1.5879e-10,4.01813e-10,1.80635e-10,1.5802e-10
0,0,0,0,0,0,0,0,0,0,0,0,9.70418e-09,9.74732e-09,9.69854e-09,9.79568e-09,9.71238e-09,9.70009e-09,9.76395e-09,9.73184e-09,9.938e-09,2.71533e-08,4.13674e-08,9.6972e-09,1.46411e-08,9.81681e-09,9.75589e-09,9.69712e-09,1.02184e-08,9.69929e-09,9.7631e-09,9.72565e-09,9.70204e-09,1.04514e-08,9.79872e-09,9.71096e-09,9.73859e-09,9.74517e-09,9.7002e-09,9.70646e-09,9.70354e-09,9.7623e-09,9.71985e-09,9.72611e-09,1.08881e-08,9.70044e-09,1.04085e-08,9.70749e-09,9.70018e-09,9.70742e-09
0,0,0,0,0,0,0,0,0,0,0,0,0,5.39951e-11,4.54164e-11,7.58456e-11,4.85408e-10,6.32879e-11,4.06239e-10,7.97574e-10,2.05076e-09,2.53623e-08,4.01756e-08,4.21754e-11,1.09611e-08,3.53844e-10,4.45098e-11,5.07559e-11,3.18046e-09,9.18418e-11,1.9492e-10,4.5465e-11,5.24048e-11,3.89424e-09,1.11476e-10,6.09197e-11,6.43856e-10,8.89284e-10,6.83017e-11,6.26943e-11,2.87289e-10,4.22838e-10,6.53263e-10,6.25869e-11,1.14116e-10,5.09544e-11,5.06167e-11,3.7814e-10,1.09351e-10,4.32695e-11
0,0,0,0,0,0,0,0,0,0,0,0,0,0,2.57305e-11,8.21882e-11,4.91361e-10,5.05204e-11,4.65782e-10,7.97512e-10,2.05678e-09,2.53728e-08,4.01876e-08,2.63503e-11,1.10294e-08,3.50911e-10,2.56148e-11,2.51897e-11,3.18839e-09,8.84751e-11,1.93143e-10,2.44468e-11,5.3051e-11,3.8917e-09,1.22916e-10,4.66425e-11,7.26119e-10,8.89692e-10,5.83612e-11,3.09843e-11,2.82197e-10,4.19859e-10,5.74763e-10,5.15025e-11,1.17632e-10,3.36451e-11,3.7542e-11,3.74929e-10,1.09661e-10,2.79582e-11
0,0,0,0,0,0,0,0,0,0,0,0,0,0,0,5.88875e-11,4.83604e-10,4.60612e-11,3.9543e-10,8.00645e-10,2.04893e-09,2.53667e-08,4.01838e-08,3.76861e-12,1.09687e-08,3.43581e-10,4.2094e-12,8.4679e-12,3.18843e-09,8.08546e-11,1.89206e-10,3.4384e-12,2.59331e-11,3.91698e-09,1.01169e-10,4.09376e-11,6.3114e-10,8.46312e-10,5.61506e-11,5.3113e-12,3.00713e-10,4.10577e-10,5.58736e-10,3.91862e-11,1.04437e-10,1.38634e-11,2.15744e-11,3.77622e-10,1.00013e-10,1.06323e-11
0,0,0,0,0,0,0,0,0,0,0,0,0,0,0,0,4.91661e-10,7.28841e-11,4.2807e-10,7.97048e-10,2.05177e-09,2.53733e-08,4.01903e-08,5.98195e-11,1.10486e-08,3.7018e-10,6.10828e-11,5.95035e-11,3.18929e-09,1.05731e-10,2.00216e-10,6.06081e-11,8.10816e-11,3.89492e-09,1.21515e-10,7.11382e-11,6.40755e-10,8.52855e-10,7.94571e-11,6.02557e-11,2.84322e-10,4.09947e-10,5.82719e-10,7.88633e-11,1.3829e-10,6.27029e-11,7.39691e-11,3.74072e-10,1.26862e-10,6.21878e-11
0,0,0,0,0,0,0,0,0,0,0,0,0,0,0,0,0,5.0756e-10,6.54498e-10,1.3906e-09,2.11271e-09,2.53937e-08,4.01843e-08,4.86529e-10,1.11038e-08,5.94014e-10,4.8488e-10,4.86976e-10,3.23221e-09,5.02431e-10,5.18749e-10,4.82466e-10,5.6144e-10,4.2098e-09,5.05377e-10,5.12533e-10,8.02419e-10,9.80784e-10,4.85266e-10,4.84453e-10,5.69605e-10,6.38402e-10,7.40217e-10,4.92815e-10,4.95806e-10,5.08486e-10,4.82677e-10,6.37247e-10,4.97519e-10,4.84936e-10
0,0,0,0,0,0,0,0,0,0,0,0,0,0,0,0,0,0,3.99283e-10,9.18646e-10,2.08727e-09,2.5382e-08,4.03787e-08,4.34898e-11,1.09704e-08,3.52145e-10,4.22483e-11,4.64633e-11,3.18137e-09,9.14515e-11,2.0724e-10,4.24037e-11,5.08119e-11,4.3943e-09,1.13489e-10,7.94815e-11,6.33594e-10,8.45475e-10,6.84116e-11,4.25386e-11,3.38883e-10,4.11446e-10,5.5862e-10,5.91489e-11,1.14079e-10,5.05064e-11,4.70115e-11,3.76881e-10,1.10945e-10,4.82984e-11
0,0,0,0,0,0,0,0,0,0,0,0,0,0,0,0,0,0,0,8.96035e-10,2.08741e-09,2.53696e-08,4.0176e-08,3.98494e-10,1.09757e-08,5.86726e-10,4.00525e-10,3.97863e-10,3.22061e-09,4.0502e-10,4.38493e-10,3.95976e-10,4.68192e-10,3.91763e-09,4.13609e-10,4.0043e-10,7.7971e-10,9.58043e-10,3.97517e-10,4.00916e-10,4.84727e-10,5.82411e-10,7.47157e-10,4.22997e-10,4.18028e-10,3.97129e-10,4.03697e-10,5.4424e-10,4.12195e-10,4.01586e-10
0,0,0,0,0,0,0,0,0,0,0,0,0,0,0,0,0,0,0,0,2.21845e-09,2.55215e-08,4.02129e-08,7.99651e-10,1.10116e-08,8.6532e-10,7.9699e-10,8.03359e-10,3.32295e-09,8.01571e-10,8.26731e-10,7.95333e-10,8.36514e-10,5.54682e-09,8.06369e-10,9.00096e-10,1.02119e-09,1.18548e-09,7.96688e-10,7.9468e-10,8.61707e-10,9.14239e-10,9.74669e-10,8.01749e-10,8.00831e-10,8.57714e-10,7.93606e-10,8.852e-10,8.12421e-10,8.02427e-10
0,0,0,0,0,0,0,0,0,0,0,0,0,0,0,0,0,0,0,0,0,2.55754e-08,5.14184e-08,2.04857e-09,1.11519e-08,2.07944e-09,2.05138e-09,2.05273e-09,3.79623e-09,2.05256e-09,2.8652e-09,2.04897e-09,2.0533e-09,4.45703e-09,2.36467e-09,2.15008e-09,2.22473e-09,2.23279e-09,2.04764e-09,2.0671e-09,2.06987e-09,2.09022e-09,2.12555e-09,2.04941e-09,2.09085e-09,2.04927e-09,2.08401e-09,2.0851e-09,2.06086e-09,2.0512e-09
0,0,0,0,0,0,0,0,0,0,0,0,0,0,0,0,0,0,0,0,0,0,4.76014e-08,2.54489e-08,2.76467e-08,2.53704e-08,2.53587e-08,2.54054e-08,2.55768e-08,2.53711e-08,2.53732e-08,2.53918e-08,2.54328e-08,2.59072e-08,2.5363e-08,2.70454e-08,2.53773e-08,2.53722e-08,2.5509e-08,2.53571e-08,2.53674e-08,2.5361e-08,2.53621e-08,2.53679e-08,2.53622e-08,2.53656e-08,2.53569e-08,2.53778e-08,2.80039e-08,2.54737e-08
0,0,0,0,0,0,0,0,0,0,0,0,0,0,0,0,0,0,0,0,0,0,0,4.01811e-08,4.16417e-08,4.01857e-08,4.01845e-08,4.01828e-08,4.03253e-08,4.01812e-08,4.49363e-08,4.01822e-08,4.0182e-08,4.04348e-08,4.11528e-08,4.05752e-08,4.02977e-08,4.01876e-08,4.01734e-08,4.02922e-08,4.01903e-08,4.0176e-08,4.01852e-08,4.01716e-08,4.03618e-08,4.01764e-08,4.03499e-08,4.01775e-08,4.01846e-08,4.01807e-08
0,0,0,0,0,0,0,0,0,0,0,0,0,0,0,0,0,0,0,0,0,0,0,0,1.10089e-08,3.45795e-10,3.02671e-12,5.06633e-12,3.18293e-09,8.48017e-11,1.88967e-10,2.52933e-12,2.74084e-11,3.91323e-09,1.01228e-10,4.17448e-11,6.30455e-10,8.41826e-10,5.7135e-11,5.18319e-12,2.81027e-10,4.07007e-10,5.55505e-10,3.90694e-11,1.04473e-10,1.64933e-11,2.16073e-11,3.81789e-10,1.04296e-10,1.09161e-11
0,0,0,0,0,0,0,0,0,0,0,0,0,0,0,0,0,0,0,0,0,0,0,0,0,1.0967e-08,1.09609e-08,1.10172e-08,1.1436e-08,1.2191e-08,1.0966e-08,1.09682e-08,1.09707e-08,1.16381e-08,1.09671e-08,1.09668e-08,1.09939e-08,1.09984e-08,1.09801e-08,1.09662e-08,1.1087e-08,1.09723e-08,1.09766e-08,1.09633e-08,1.10144e-08,1.10093e-08,1.09631e-08,1.11062e-08,1.10218e-08,1.09643e-08
0,0,0,0,0,0,0,0,0,0,0,0,0,0,0,0,0,0,0,0,0,0,0,0,0,0,3.5158e-10,3.45466e-10,3.20878e-09,3.53241e-10,3.94451e-10,3.46133e-10,3.51876e-10,3.91292e-09,3.6389e-10,3.46462e-10,7.24083e-10,9.2788e-10,3.44711e-10,3.46285e-10,4.44184e-10,5.47006e-10,7.1214e-10,3.63724e-10,3.66434e-10,3.43897e-10,3.78093e-10,5.08091e-10,3.61647e-10,3.94512e-10
0,0,0,0,0,0,0,0,0,0,0,0,0,0,0,0,0,0,0,0,0,0,0,0,0,0,0,7.66368e-12,3.20022e-09,7.99812e-11,1.92276e-10,4.51298e-12,2.54296e-11,3.89247e-09,1.03886e-10,3.84296e-11,6.40222e-10,8.6923e-10,5.34274e-11,5.95075e-12,2.81316e-10,4.47894e-10,5.66767e-10,4.1426e-11,1.13169e-10,1.9652e-11,2.18627e-11,3.75261e-10,1.02587e-10,1.07228e-11
0,0,0,0,0,0,0,0,0,0,0,0,0,0,0,0,0,0,0,0,0,0,0,0,0,0,0,0,3.18839e-09,8.53779e-11,1.91437e-10,6.96237e-12,2.54381e-11,3.90828e-09,1.01912e-10,4.1371e-11,6.34458e-10,8.50354e-10,5.32456e-11,6.32224e-12,3.09612e-10,4.1231e-10,5.65529e-10,3.90781e-11,1.07134e-10,1.67919e-11,2.17598e-11,3.79675e-10,1.03767e-10,1.16836e-11
0,0,0,0,0,0,0,0,0,0,0,0,0,0,0,0,0,0,0,0,0,0,0,0,0,0,0,0,0,3.21113e-09,3.20813e-09,3.17953e-09,3.2089e-09,5.0456e-09,3.19667e-09,3.18358e-09,3.33974e-09,3.36461e-09,3.22368e-09,3.18144e-09,3.1958e-09,3.25614e-09,3.25042e-09,3.60299e-09,3.20143e-09,3.44e-09,3.18162e-09,3.21692e-09,3.20552e-09,3.18138e-09
0,0,0,0,0,0,0,0,0,0,0,0,0,0,0,0,0,0,0,0,0,0,0,0,0,0,0,0,0,0,2.06715e-10,8.23883e-11,8.48155e-11,3.89487e-09,1.32459e-10,9.00774e-11,6.46392e-10,8.50751e-10,1.10243e-10,8.07199e-11,3.02882e-10,4.16848e-10,5.63348e-10,9.2044e-11,1.35997e-10,8.61766e-11,8.26854e-11,4.60996e-10,1.34334e-10,8.07999e-11
0,0,0,0,0,0,0,0,0,0,0,0,0,0,0,0,0,0,0,0,0,0,0,0,0,0,0,0,0,0,0,1.91696e-10,1.91737e-10,3.92721e-09,2.8894e-10,2.17471e-10,6.80446e-10,8.70511e-10,1.96196e-10,1.952e-10,3.40637e-10,4.49613e-10,5.89924e-10,1.94847e-10,2.38811e-10,1.93106e-10,2.04133e-10,4.17425e-10,2.16296e-10,1.90269e-10
0,0,0,0,0,0,0,0,0,0,0,0,0,0,0,0,0,0,0,0,0,0,0,0,0,0,0,0,0,0,0,0,2.48134e-11,3.8998e-09,1.03762e-10,4.02955e-11,6.29772e-10,8.42881e-10,5.714e-11,6.83206e-12,2.78603e-10,4.0783e-10,5.5833e-10,3.83813e-11,1.08557e-10,1.61438e-11,1.66093e-11,3.93525e-10,1.03659e-10,1.06335e-11
0,0,0,0,0,0,0,0,0,0,0,0,0,0,0,0,0,0,0,0,0,0,0,0,0,0,0,0,0,0,0,0,0,3.92531e-09,1.05517e-10,5.15277e-11,6.37974e-10,8.47422e-10,6.15351e-11,2.63272e-11,2.81449e-10,4.11065e-10,5.6385e-10,5.76528e-11,1.09861e-10,3.43892e-11,3.52001e-11,3.77761e-10,1.12486e-10,2.83802e-11
0,0,0,0,0,0,0,0,0,0,0,0,0,0,0,0,0,0,0,0,0,0,0,0,0,0,0,0,0,0,0,0,0,0,3.90176e-09,4.18221e-09,3.94679e-09,3.99542e-09,3.89759e-09,3.89424e-09,3.98034e-09,3.92503e-09,3.93487e-09,3.89388e-09,3.89387e-09,3.96899e-09,3.89257e-09,3.91534e-09,3.91066e-09,3.92313e-09
0,0,0,0,0,0,0,0,0,0,0,0,0,0,0,0,0,0,0,0,0,0,0,0,0,0,0,0,0,0,0,0,0,0,0,1.20013e-10,8.13984e-10,9.18216e-10,1.13843e-10,1.0483e-10,2.96852e-10,4.35759e-10,5.80995e-10,1.09786e-10,1.70614e-10,1.08421e-10,1.17942e-10,3.93943e-10,1.44376e-10,1.01853e-10
0,0,0,0,0,0,0,0,0,0,0,0,0,0,0,0,0,0,0,0,0,0,0,0,0,0,0,0,0,0,0,0,0,0,0,0,6.33835e-10,8.44082e-10,6.96425e-11,3.98083e-11,2.85958e-10,4.10314e-10,5.57648e-10,5.49436e-11,1.16072e-10,4.53239e-11,4.73669e-11,3.75941e-10,1.80158e-10,4.30068e-11
0,0,0,0,0,0,0,0,0,0,0,0,0,0,0,0,0,0,0,0,0,0,0,0,0,0,0,0,0,0,0,0,0,0,0,0,0,1.62181e-09,6.33412e-10,6.39472e-10,6.90072e-10,8.93046e-10,9.96953e-10,6.42259e-10,6.60451e-10,6.66622e-10,6.40305e-10,7.37974e-10,6.4894e-10,6.329e-10
0,0,0,0,0,0,0,0,0,0,0,0,0,0,0,0,0,0,0,0,0,0,0,0,0,0,0,0,0,0,0,0,0,0,0,0,0,0,8.44329e-10,8.65472e-10,8.89042e-10,1.39895e-09,1.54105e-09,8.57816e-10,8.57146e-10,9.32465e-10,8.47867e-10,9.23063e-10,8.52858e-10,8.46308e-10
0,0,0,0,0,0,0,0,0,0,0,0,0,0,0,0,0,0,0,0,0,0,0,0,0,0,0,0,0,0,0,0,0,0,0,0,0,0,0,5.20171e-11,2.81797e-10,4.06228e-10,5.55725e-10,8.14428e-11,1.17841e-10,5.7354e-11,5.61672e-11,4.80476e-10,1.29549e-10,5.42471e-11
0,0,0,0,0,0,0,0,0,0,0,0,0,0,0,0,0,0,0,0,0,0,0,0,0,0,0,0,0,0,0,0,0,0,0,0,0,0,0,0,2.78755e-10,4.14365e-10,5.97376e-10,3.96527e-11,1.09007e-10,1.50854e-11,1.82494e-11,3.74718e-10,1.01107e-10,5.95622e-12
0,0,0,0,0,0,0,0,0,0,0,0,0,0,0,0,0,0,0,0,0,0,0,0,0,0,0,0,0,0,0,0,0,0,0,0,0,0,0,0,0,4.95591e-10,6.23703e-10,2.82033e-10,2.97818e-10,2.81541e-10,2.76951e-10,4.69066e-10,2.93728e-10,2.84408e-10
0,0,0,0,0,0,0,0,0,0,0,0,0,0,0,0,0,0,0,0,0,0,0,0,0,0,0,0,0,0,0,0,0,0,0,0,0,0,0,0,0,0,8.26798e-10,4.20606e-10,4.26162e-10,4.62233e-10,4.13774e-10,5.53376e-10,4.19418e-10,4.1233e-10
0,0,0,0,0,0,0,0,0,0,0,0,0,0,0,0,0,0,0,0,0,0,0,0,0,0,0,0,0,0,0,0,0,0,0,0,0,0,0,0,0,0,0,5.77149e-10,5.68201e-10,5.85949e-10,5.6055e-10,6.70596e-10,5.64607e-10,5.61466e-10
0,0,0,0,0,0,0,0,0,0,0,0,0,0,0,0,0,0,0,0,0,0,0,0,0,0,0,0,0,0,0,0,0,0,0,0,0,0,0,0,0,0,0,0,1.15323e-10,6.32771e-11,4.55691e-11,3.86361e-10,1.117e-10,3.95753e-11
0,0,0,0,0,0,0,0,0,0,0,0,0,0,0,0,0,0,0,0,0,0,0,0,0,0,0,0,0,0,0,0,0,0,0,0,0,0,0,0,0,0,0,0,0,1.09318e-10,1.47911e-10,3.86529e-10,1.48672e-10,1.062e-10
0,0,0,0,0,0,0,0,0,0,0,0,0,0,0,0,0,0,0,0,0,0,0,0,0,0,0,0,0,0,0,0,0,0,0,0,0,0,0,0,0,0,0,0,0,0,2.68497e-11,3.75545e-10,1.04836e-10,1.95328e-11
0,0,0,0,0,0,0,0,0,0,0,0,0,0,0,0,0,0,0,0,0,0,0,0,0,0,0,0,0,0,0,0,0,0,0,0,0,0,0,0,0,0,0,0,0,0,0,3.73503e-10,1.03106e-10,2.64313e-11
0,0,0,0,0,0,0,0,0,0,0,0,0,0,0,0,0,0,0,0,0,0,0,0,0,0,0,0,0,0,0,0,0,0,0,0,0,0,0,0,0,0,0,0,0,0,0,0,3.94728e-10,3.76107e-10
0,0,0,0,0,0,0,0,0,0,0,0,0,0,0,0,0,0,0,0,0,0,0,0,0,0,0,0,0,0,0,0,0,0,0,0,0,0,0,0,0,0,0,0,0,0,0,0,0,1.0592e-10
0,0,0,0,0,0,0,0,0,0,0,0,0,0,0,0,0,0,0,0,0,0,0,0,0,0,0,0,0,0,0,0,0,0,0,0,0,0,0,0,0,0,0,0,0,0,0,0,0,0
