# # np.logspace(-2, 2., num = num_time_points)
0,2.78625e-13,1.28382e-14,4.06615e-14,9.2392e-13,3.47563e-11,2.73737e-11,2.31723e-13,4.435e-14,5.11762e-13,2.16192e-13,3.53426e-12,5.53858e-14,8.69447e-15,4.37205e-14,9.78798e-14,1.49347e-13,3.16961e-14,3.17871e-13,2.86577e-13,9.62061e-13,7.58649e-12,2.05237e-11,1.55307e-14,6.17535e-12,2.82188e-13,2.61173e-14,1.37385e-14,6.14691e-13,1.06712e-13,1.24799e-14,4.5122e-14,7.25633e-14,1.12171e-12,1.02957e-13,4.58178e-14,5.62929e-13,5.54021e-13,1.98797e-14,4.39166e-14,1.29423e-14,4.29422e-13,5.2918e-13,5.00984e-14,1.18477e-13,1.08129e-13,1.12514e-13,2.84511e-13,8.34527e-14,1.44633e-14
0,0,2.32523e-13,3.01371e-13,7.56439e-13,3.58074e-11,3.02497e-11,2.08486e-14,8.31257e-14,7.59971e-14,2.20443e-13,4.75199e-12,2.74363e-13,3.18334e-13,2.57968e-13,7.19184e-14,1.08033e-13,1.989e-13,4.71472e-13,3.17734e-13,5.31904e-14,7.81408e-12,2.03594e-11,1.06994e-13,6.19524e-12,2.88189e-13,2.13132e-13,1.89725e-13,5.2731e-13,3.24694e-13,1.18716e-13,2.17809e-13,2.52215e-13,1.20222e-12,1.64461e-14,3.20616e-13,6.47697e-13,6.06998e-13,5.89614e-15,2.6934e-13,2.26721e-13,3.43829e-13,5.73696e-13,1.38407e-13,1.06388e-12,2.12421e-13,4.74978e-13,3.38439e-13,1.37232e-13,1.24046e-13
0,0,0,4.32935e-14,1.55588e-12,3.70012e-11,2.80574e-11,2.08078e-13,2.84526e-14,1.89707e-13,8.66287e-14,4.01952e-12,3.41331e-14,4.4686e-13,1.61274e-13,4.22446e-14,2.479e-13,6.6482e-14,2.28341e-13,6.20507e-13,8.12065e-13,5.94079e-12,1.93595e-11,2.16847e-13,8.34101e-12,2.21067e-13,4.43182e-13,5.23379e-13,6.70365e-13,2.62853e-13,7.29001e-13,7.70811e-13,4.18814e-14,2.52717e-13,1.07499e-13,1.27567e-12,7.92864e-13,7.88323e-13,2.27428e-13,1.87929e-13,2.07019e-13,2.24626e-13,3.55325e-14,1.6452e-15,9.77398e-13,2.96881e-13,1.00929e-12,2.36554e-13,5.59543e-13,8.48159e-14
0,0,0,0,7.70259e-13,3.50264e-11,2.93164e-11,1.97317e-13,6.34701e-14,8.48136e-14,1.70998e-13,3.59983e-12,6.60549e-14,3.95852e-14,1.09867e-13,2.30299e-14,1.94002e-13,5.7172e-14,4.94949e-13,4.17977e-13,4.25986e-13,7.14699e-12,2.03787e-11,4.60487e-14,6.28597e-12,3.13262e-13,2.7116e-14,1.51492e-13,4.655e-13,4.83188e-14,1.71714e-13,6.16145e-14,9.8146e-15,8.09102e-13,3.53494e-13,1.34703e-13,5.12504e-13,5.61467e-13,1.91179e-14,4.31264e-14,3.23994e-14,3.95533e-13,4.36721e-13,5.19312e-14,1.8852e-13,1.50503e-14,9.44762e-14,1.94306e-13,1.53714e-14,1.55343e-13
0,0,0,0,0,3.12585e-11,2.5514e-11,8.30762e-13,5.72803e-13,7.84499e-14,8.92331e-13,2.78687e-12,1.17931e-12,9.39837e-13,6.50691e-13,9.79286e-13,7.49291e-13,5.5684e-13,1.41204e-12,8.58384e-13,3.10455e-13,7.10755e-12,1.89465e-11,6.42853e-13,3.85306e-13,1.15618e-12,6.54719e-13,6.78295e-13,9.06566e-13,4.96936e-14,9.50971e-14,6.84401e-13,1.05412e-12,6.69915e-13,1.10339e-12,2.79163e-14,7.27645e-13,1.15869e-12,1.0327e-12,6.59765e-13,8.89298e-13,1.33907e-12,1.29979e-12,8.97711e-13,2.42866e-13,6.99875e-13,8.20215e-14,8.6423e-13,4.80845e-14,6.24536e-13
0,0,0,0,0,0,4.5238e-11,3.61907e-11,3.55794e-11,3.3546e-11,3.34332e-11,3.51707e-11,3.26258e-11,3.27604e-11,3.37119e-11,3.58219e-11,3.60321e-11,3.5635e-11,3.52272e-11,3.64774e-11,3.63879e-11,3.4741e-11,3.69872e-11,3.3762e-11,5.32143e-11,3.46393e-11,3.36553e-11,3.34554e-11,3.375e-11,3.70572e-11,3.27088e-11,3.56849e-11,2.0468e-11,3.13577e-11,3.43955e-11,3.13526e-11,3.38555e-11,3.38459e-11,3.57442e-11,3.50489e-11,3.57403e-11,3.51659e-11,3.56591e-11,3.50404e-11,3.56622e-11,3.56928e-11,4.86955e-11,3.63245e-11,3.27477e-11,3.65428e-11
0,0,0,0,0,0,0,2.95817e-11,2.98613e-11,3.11702e-11,2.89675e-11,4.26798e-11,2.71121e-11,2.72507e-11,2.80978e-11,2.92474e-11,2.94107e-11,2.96648e-11,2.95153e-11,3.08164e-11,3.08573e-11,2.91727e-11,3.79264e-11,2.80998e-11,2.92649e-11,2.88617e-11,2.8106e-11,2.77357e-11,2.89334e-11,2.98297e-11,2.72036e-11,3.02772e-11,1.48254e-11,2.42913e-11,2.85189e-11,2.8543e-11,2.82829e-11,2.79269e-11,3.01023e-11,2.95217e-11,3.01831e-11,2.93546e-11,3.01697e-11,2.92426e-11,3.11094e-11,3.00826e-11,2.90488e-11,3.06339e-11,2.70551e-11,3.09038e-11
0,0,0,0,0,0,0,0,9.6698e-14,2.17209e-13,2.08159e-13,3.51518e-12,1.5729e-13,1.85799e-13,2.55284e-13,4.69581e-14,9.84781e-14,1.14468e-13,3.86128e-13,3.52193e-13,8.74771e-13,7.37251e-12,2.12481e-11,1.82515e-13,6.14299e-12,3.74602e-13,1.91775e-13,2.40934e-13,8.96924e-13,1.81538e-13,2.72571e-13,2.26362e-13,1.89307e-13,9.06098e-13,5.45731e-14,3.39696e-14,5.76023e-13,5.05129e-13,1.52299e-13,2.16883e-13,3.72318e-14,4.96469e-13,5.21595e-13,1.31034e-13,1.86355e-13,2.538e-13,3.76236e-13,3.73249e-13,2.29373e-13,1.11067e-13
0,0,0,0,0,0,0,0,0,8.6224e-14,9.54757e-14,3.77685e-12,4.98693e-14,2.76934e-14,2.1376e-14,6.51631e-15,2.12033e-14,3.10135e-14,1.19215e-13,2.80191e-13,8.32746e-13,7.61232e-12,2.10384e-11,2.86649e-14,6.42005e-12,7.58684e-14,4.02425e-14,1.06057e-13,7.11971e-13,4.32346e-13,4.96565e-14,1.07694e-13,1.61929e-14,1.08374e-12,1.75669e-13,4.13675e-14,4.46801e-13,5.53706e-13,6.60029e-14,7.81034e-14,3.10469e-14,1.48091e-13,4.98486e-13,1.02559e-13,1.43376e-13,9.48847e-14,7.26635e-15,7.84592e-14,2.88118e-14,2.20423e-14
0,0,0,0,0,0,0,0,0,0,1.30723e-13,3.73788e-12,7.82453e-14,7.48571e-13,2.02362e-13,3.76114e-13,1.10067e-13,8.40896e-14,1.89926e-13,3.19857e-13,1.01084e-12,7.51773e-12,6.91139e-12,2.26962e-13,1.74296e-12,2.3103e-13,2.59792e-14,1.55141e-13,8.38323e-13,2.74424e-13,2.51152e-13,2.41174e-13,5.59272e-13,1.40988e-12,3.90736e-13,1.10425e-13,3.43865e-13,5.13338e-13,6.04234e-14,5.62932e-13,2.15434e-13,1.8591e-13,5.04675e-13,2.87221e-13,1.86356e-13,1.46142e-13,6.61757e-13,6.09258e-14,4.71611e-14,6.26905e-13
0,0,0,0,0,0,0,0,0,0,0,4.90028e-12,1.67472e-13,4.3281e-14,2.37617e-13,1.91585e-14,9.33465e-14,7.91545e-14,3.36133e-13,2.10939e-13,2.29534e-13,3.13249e-12,2.01331e-11,2.30475e-13,5.84619e-12,3.93566e-13,6.65069e-14,2.10597e-13,1.06281e-12,1.15726e-13,2.40141e-13,1.98876e-13,3.01011e-13,1.06786e-12,3.7773e-14,1.3569e-13,5.76988e-13,5.28512e-13,1.30805e-13,2.24286e-13,2.24859e-14,4.39492e-13,6.04397e-13,1.17582e-13,1.32189e-13,1.93295e-13,1.25362e-13,3.08633e-13,2.96695e-13,1.86009e-13
0,0,0,0,0,0,0,0,0,0,0,0,2.41327e-12,3.5367e-12,6.15972e-13,3.23749e-12,4.74385e-12,3.70217e-12,5.04319e-12,3.52853e-12,2.46724e-12,8.04523e-12,2.0436e-11,6.39065e-13,1.28176e-12,3.42638e-12,3.55185e-12,2.93758e-12,2.5193e-12,3.73678e-12,3.11229e-12,1.01078e-12,1.33245e-12,4.41578e-13,1.77501e-12,1.62273e-12,3.51621e-12,2.11894e-12,3.16774e-12,1.39241e-12,3.37264e-12,2.69361e-12,4.82112e-12,3.6732e-12,3.62694e-13,1.2041e-12,4.08829e-13,3.43611e-12,3.25865e-12,3.31583e-12
0,0,0,0,0,0,0,0,0,0,0,0,0,3.92396e-14,9.39799e-15,1.89939e-14,1.72906e-13,4.01317e-14,3.09448e-13,2.78304e-13,9.53641e-13,7.61105e-12,1.96342e-11,9.04904e-15,4.8791e-12,2.34868e-13,9.61832e-14,8.85296e-14,1.18691e-12,1.86254e-13,4.83382e-13,8.91577e-14,5.7401e-14,1.32571e-12,6.12548e-14,1.64053e-14,5.6599e-13,5.86222e-13,5.79824e-14,8.21894e-14,6.15272e-14,3.7659e-13,5.36091e-13,7.00709e-14,1.31425e-13,6.51312e-14,6.50889e-14,2.76945e-13,1.47296e-13,9.52852e-15
0,0,0,0,0,0,0,0,0,0,0,0,0,0,7.28598e-15,1.32884e-13,2.68462e-14,3.52477e-14,2.7567e-13,2.73126e-13,9.23495e-13,7.60271e-12,2.0225e-11,4.82618e-14,6.2004e-12,2.67798e-14,2.85752e-13,4.6609e-14,5.21094e-13,2.28127e-13,1.32199e-14,9.62191e-14,1.50608e-14,1.14926e-12,4.35696e-14,4.71554e-14,5.80345e-13,5.93575e-13,6.49278e-14,6.19296e-14,1.89326e-14,1.78589e-13,5.3486e-13,3.39715e-14,1.65671e-13,8.21347e-14,9.70844e-14,1.64503e-14,1.1333e-13,1.25691e-14
0,0,0,0,0,0,0,0,0,0,0,0,0,0,0,9.38496e-14,1.10598e-13,1.86945e-14,3.16848e-13,3.97307e-13,4.97019e-13,7.06581e-12,3.28397e-11,6.93833e-14,4.83394e-12,2.90011e-13,1.1483e-13,1.15877e-13,6.64583e-13,1.63914e-14,9.04537e-14,1.92289e-14,4.40973e-14,6.3278e-13,3.84858e-13,1.53934e-13,5.06826e-13,5.57687e-13,4.088e-14,2.75824e-14,3.77174e-14,4.27596e-13,4.90339e-13,6.79846e-15,3.70205e-13,2.6391e-14,3.67987e-13,2.87911e-13,6.80298e-14,1.14159e-14
0,0,0,0,0,0,0,0,0,0,0,0,0,0,0,0,2.02567e-14,6.9509e-14,5.21753e-14,2.56489e-13,5.9726e-14,7.12598e-12,1.99685e-11,9.42107e-14,5.23568e-12,7.43947e-14,9.65592e-14,4.0546e-14,6.00147e-13,1.23711e-13,2.49695e-13,1.90847e-13,2.04769e-14,9.21098e-13,1.11775e-13,6.35392e-14,2.43485e-13,5.35034e-13,1.00746e-14,1.89469e-14,6.05832e-14,4.10544e-14,4.57087e-13,1.76901e-14,4.37525e-13,1.25473e-13,4.73404e-13,1.03647e-13,1.59684e-13,1.24727e-13
0,0,0,0,0,0,0,0,0,0,0,0,0,0,0,0,0,1.7516e-13,6.35166e-14,5.43796e-13,4.16486e-13,7.15102e-12,2.07797e-11,1.41903e-13,6.0399e-12,2.37785e-14,3.64143e-14,1.92569e-14,7.37666e-13,5.23479e-13,7.14847e-14,1.00215e-13,2.84423e-13,8.01575e-13,1.42847e-14,8.27105e-14,1.12146e-13,6.41197e-13,8.85531e-14,5.76754e-14,4.83088e-15,3.2318e-14,8.03678e-14,1.64191e-13,8.59082e-13,2.2646e-13,4.19939e-13,3.11955e-14,5.68725e-14,2.21201e-14
0,0,0,0,0,0,0,0,0,0,0,0,0,0,0,0,0,0,1.81478e-13,2.48065e-13,8.94623e-13,7.59882e-12,2.10155e-11,1.89034e-14,6.41362e-12,1.66293e-13,5.27408e-14,5.17504e-14,6.21581e-13,3.03109e-13,3.03626e-14,9.63315e-14,1.10942e-14,5.50358e-13,1.22487e-13,1.6434e-14,2.15269e-13,5.5018e-13,5.2603e-14,8.67151e-14,8.55113e-14,2.21658e-13,3.84173e-13,4.14594e-14,1.20352e-13,1.80908e-14,1.541e-14,1.6132e-13,1.54469e-13,9.91216e-14
0,0,0,0,0,0,0,0,0,0,0,0,0,0,0,0,0,0,0,4.34409e-13,3.95786e-13,7.19959e-12,2.08266e-11,3.17932e-13,5.88549e-12,4.12565e-13,2.00161e-14,3.88439e-13,1.30955e-12,2.95097e-13,2.26783e-13,3.327e-13,3.38527e-13,1.13574e-12,3.49704e-14,9.80597e-14,6.48149e-13,7.03393e-13,4.19958e-13,4.18676e-13,5.25932e-14,5.7118e-13,6.56092e-13,2.83074e-13,9.61511e-13,3.44151e-13,4.1485e-13,4.17269e-13,2.8084e-14,4.15836e-13
0,0,0,0,0,0,0,0,0,0,0,0,0,0,0,0,0,0,0,0,1.46779e-12,7.79318e-12,2.12769e-11,4.04085e-13,6.16809e-12,3.17928e-13,2.98757e-13,2.90354e-13,4.72395e-12,1.10026e-13,2.34291e-14,3.26792e-13,3.54865e-13,7.32838e-13,3.20874e-13,3.08272e-13,3.66048e-13,5.47478e-13,2.57797e-13,4.3777e-13,2.38498e-13,4.18326e-13,4.84892e-13,2.839e-13,3.76476e-13,2.71041e-13,5.27672e-13,3.19492e-13,1.64385e-13,2.8365e-13
0,0,0,0,0,0,0,0,0,0,0,0,0,0,0,0,0,0,0,0,0,3.3187e-12,2.66137e-11,5.25939e-13,6.15949e-12,1.72263e-13,4.67387e-13,1.26468e-12,7.62145e-13,1.06203e-12,3.86446e-13,1.80513e-12,1.8705e-12,5.97033e-13,9.77096e-13,1.21872e-12,6.97108e-13,4.62686e-13,1.92071e-13,1.11623e-12,9.41384e-14,7.30309e-14,6.82341e-13,1.00482e-12,6.6601e-13,4.43433e-13,3.68001e-13,4.41623e-13,9.25269e-13,1.67465e-12
0,0,0,0,0,0,0,0,0,0,0,0,0,0,0,0,0,0,0,0,0,0,1.7641e-11,6.87389e-12,9.41825e-12,7.2076e-12,7.72866e-12,7.71479e-12,6.68957e-12,7.57556e-12,7.62907e-12,6.90855e-12,7.50303e-12,7.41096e-12,3.56565e-12,3.76813e-12,7.21686e-12,7.2342e-12,7.1626e-12,7.48792e-12,7.24296e-12,7.2086e-12,7.15446e-12,7.59461e-12,7.00827e-12,7.00663e-12,7.09491e-12,7.25417e-12,7.71514e-12,7.67616e-12
0,0,0,0,0,0,0,0,0,0,0,0,0,0,0,0,0,0,0,0,0,0,0,3.25497e-11,2.07796e-11,2.07644e-11,1.93671e-11,1.93021e-11,1.84015e-11,2.10259e-11,1.85744e-11,2.02781e-11,1.76441e-11,1.97391e-11,2.072e-11,1.85297e-11,1.98238e-11,1.93439e-11,2.08042e-11,2.04317e-11,2.04138e-11,2.08582e-11,2.08886e-11,2.09864e-11,2.07911e-11,2.06318e-11,2.03793e-11,2.11786e-11,2.16186e-11,2.12863e-11
0,0,0,0,0,0,0,0,0,0,0,0,0,0,0,0,0,0,0,0,0,0,0,0,4.84786e-12,2.9106e-13,1.31607e-13,1.06311e-13,6.57265e-13,2.90187e-13,6.06894e-14,7.98668e-14,8.81583e-15,6.29164e-13,3.83002e-13,1.5073e-13,5.06525e-13,5.80805e-13,1.15538e-14,3.99364e-14,1.36017e-13,4.24979e-13,4.89422e-13,9.40011e-15,3.6192e-13,1.20161e-14,3.99998e-13,2.16333e-13,7.33134e-14,1.23085e-13
0,0,0,0,0,0,0,0,0,0,0,0,0,0,0,0,0,0,0,0,0,0,0,0,0,5.85258e-12,6.15369e-12,5.55914e-12,5.45189e-12,6.94014e-12,5.69857e-12,1.39964e-12,9.54262e-13,3.51289e-13,5.62537e-12,5.51619e-13,5.18729e-12,5.73642e-12,4.28947e-12,1.38932e-12,6.03744e-12,5.87405e-12,5.94076e-12,6.35863e-12,2.69458e-12,2.67492e-12,2.65638e-12,6.11209e-12,5.85693e-12,5.97497e-12
0,0,0,0,0,0,0,0,0,0,0,0,0,0,0,0,0,0,0,0,0,0,0,0,0,0,2.96716e-14,3.11405e-13,8.64795e-13,1.41685e-14,2.04522e-13,2.64898e-13,3.00386e-13,1.2179e-12,1.28696e-13,2.29302e-13,6.00851e-13,6.89663e-13,3.13922e-13,3.05695e-13,4.98041e-14,3.19184e-13,6.26473e-13,1.8997e-13,1.03484e-12,2.93195e-13,3.21302e-13,4.30165e-13,4.56397e-15,3.07675e-13
0,0,0,0,0,0,0,0,0,0,0,0,0,0,0,0,0,0,0,0,0,0,0,0,0,0,0,1.49669e-13,5.99174e-13,3.40286e-13,1.49382e-13,6.30622e-14,2.36093e-14,6.03409e-13,4.60873e-13,1.46541e-13,5.58794e-13,6.52847e-13,7.93596e-14,9.36575e-14,1.47539e-14,2.10648e-13,5.47449e-13,9.02267e-14,3.31982e-13,4.49205e-14,2.87527e-13,2.76355e-13,3.2164e-14,3.29191e-14
0,0,0,0,0,0,0,0,0,0,0,0,0,0,0,0,0,0,0,0,0,0,0,0,0,0,0,0,5.44518e-13,2.73565e-13,1.30227e-13,3.17208e-14,7.49514e-15,5.41715e-13,4.81931e-13,1.12191e-14,5.76746e-13,5.95045e-13,2.11488e-14,8.6824e-15,4.86646e-14,3.48916e-13,5.41563e-13,8.95419e-14,5.92799e-13,3.11529e-14,2.35346e-13,1.01509e-14,2.97941e-14,4.06165e-14
0,0,0,0,0,0,0,0,0,0,0,0,0,0,0,0,0,0,0,0,0,0,0,0,0,0,0,0,0,1.54022e-13,3.07051e-13,6.82006e-13,1.12857e-12,6.70495e-13,7.20096e-13,4.54829e-13,1.20754e-12,7.27175e-13,6.00493e-13,5.45577e-13,8.66886e-13,8.34044e-13,1.14036e-12,9.11385e-13,2.04897e-13,7.0914e-13,1.17411e-13,8.96723e-13,1.29323e-13,6.57484e-13
0,0,0,0,0,0,0,0,0,0,0,0,0,0,0,0,0,0,0,0,0,0,0,0,0,0,0,0,0,0,4.34503e-13,7.67116e-13,1.69561e-13,8.41947e-13,1.17249e-13,5.51993e-13,1.16697e-13,3.17415e-13,2.08909e-13,6.39395e-13,4.26885e-13,2.83426e-13,6.0264e-14,2.11808e-13,1.32356e-13,1.37793e-13,5.57993e-14,1.95453e-13,1.91824e-13,2.40864e-13
0,0,0,0,0,0,0,0,0,0,0,0,0,0,0,0,0,0,0,0,0,0,0,0,0,0,0,0,0,0,0,6.83573e-13,1.72541e-14,2.99053e-13,7.31569e-13,6.71596e-13,3.95459e-14,2.15671e-14,2.76829e-13,3.43026e-13,2.58748e-13,3.309e-13,1.33074e-13,1.67045e-14,5.43377e-14,3.02287e-14,2.64815e-14,3.53063e-13,9.05846e-14,6.45542e-14
0,0,0,0,0,0,0,0,0,0,0,0,0,0,0,0,0,0,0,0,0,0,0,0,0,0,0,0,0,0,0,0,3.30743e-14,3.58169e-13,1.09131e-13,1.58028e-13,5.76846e-13,5.61893e-13,2.97181e-14,1.45852e-14,6.50297e-14,3.7122e-13,5.48867e-13,9.16184e-14,1.0543e-12,3.39386e-14,1.86043e-13,2.98133e-13,4.55589e-13,3.75091e-14
0,0,0,0,0,0,0,0,0,0,0,0,0,0,0,0,0,0,0,0,0,0,0,0,0,0,0,0,0,0,0,0,0,5.00343e-13,1.84083e-13,6.55644e-14,5.50764e-13,5.93448e-13,8.53571e-15,5.85541e-14,1.35079e-14,4.2625e-13,5.21826e-13,4.48995e-14,1.22527e-13,6.07418e-14,1.16018e-13,2.82024e-13,1.06919e-13,1.86971e-14
0,0,0,0,0,0,0,0,0,0,0,0,0,0,0,0,0,0,0,0,0,0,0,0,0,0,0,0,0,0,0,0,0,0,1.13987e-12,3.6189e-13,9.75903e-13,1.00382e-12,8.9791e-13,5.27302e-13,9.83827e-13,9.90421e-13,9.80366e-13,1.06726e-12,2.81324e-13,4.82411e-13,5.39776e-13,1.27752e-12,1.32585e-13,6.11551e-13
0,0,0,0,0,0,0,0,0,0,0,0,0,0,0,0,0,0,0,0,0,0,0,0,0,0,0,0,0,0,0,0,0,0,0,1.55197e-13,5.59875e-14,4.1171e-14,3.84524e-13,1.85948e-13,3.31134e-13,3.58547e-14,3.54984e-14,7.25098e-14,2.83031e-13,4.5566e-13,2.10174e-14,2.62862e-14,1.65137e-13,3.91553e-13
0,0,0,0,0,0,0,0,0,0,0,0,0,0,0,0,0,0,0,0,0,0,0,0,0,0,0,0,0,0,0,0,0,0,0,0,2.68918e-13,3.47762e-13,3.04448e-14,5.45064e-14,8.67284e-14,1.22908e-13,2.13204e-13,1.81628e-14,8.32964e-13,1.05053e-13,1.92939e-13,1.04099e-13,2.89575e-13,8.58772e-14
0,0,0,0,0,0,0,0,0,0,0,0,0,0,0,0,0,0,0,0,0,0,0,0,0,0,0,0,0,0,0,0,0,0,0,0,0,6.04138e-13,5.40546e-13,4.96069e-13,3.56372e-13,5.40504e-13,7.00744e-13,5.14406e-13,1.0474e-12,5.46236e-13,2.86641e-13,6.17288e-13,2.27128e-13,5.35911e-13
0,0,0,0,0,0,0,0,0,0,0,0,0,0,0,0,0,0,0,0,0,0,0,0,0,0,0,0,0,0,0,0,0,0,0,0,0,0,5.18491e-13,6.29212e-13,5.0427e-13,6.3855e-13,6.82278e-13,5.39225e-13,8.06051e-13,5.94512e-13,3.24702e-13,6.00861e-13,2.51274e-13,6.47719e-13
0,0,0,0,0,0,0,0,0,0,0,0,0,0,0,0,0,0,0,0,0,0,0,0,0,0,0,0,0,0,0,0,0,0,0,0,0,0,0,2.67722e-14,7.34393e-14,4.42408e-13,4.68193e-13,4.77923e-14,4.74211e-13,5.83986e-14,1.52675e-13,3.53087e-13,1.63371e-13,8.35285e-14
0,0,0,0,0,0,0,0,0,0,0,0,0,0,0,0,0,0,0,0,0,0,0,0,0,0,0,0,0,0,0,0,0,0,0,0,0,0,0,0,4.68941e-14,3.94945e-13,5.50069e-13,8.27723e-14,7.18895e-13,2.77022e-14,2.56901e-13,3.03895e-13,2.65674e-14,1.25205e-14
0,0,0,0,0,0,0,0,0,0,0,0,0,0,0,0,0,0,0,0,0,0,0,0,0,0,0,0,0,0,0,0,0,0,0,0,0,0,0,0,0,1.6412e-14,3.20296e-13,5.41197e-14,8.68188e-13,3.14165e-14,3.34481e-13,3.26291e-14,2.13062e-14,2.97077e-14
0,0,0,0,0,0,0,0,0,0,0,0,0,0,0,0,0,0,0,0,0,0,0,0,0,0,0,0,0,0,0,0,0,0,0,0,0,0,0,0,0,0,6.28914e-13,2.76412e-13,7.55236e-13,4.40418e-13,3.94636e-13,5.17914e-13,1.27209e-14,3.89051e-13
0,0,0,0,0,0,0,0,0,0,0,0,0,0,0,0,0,0,0,0,0,0,0,0,0,0,0,0,0,0,0,0,0,0,0,0,0,0,0,0,0,0,0,5.00666e-13,1.03695e-12,5.12666e-13,3.26386e-13,6.06266e-13,5.01687e-14,4.79228e-13
0,0,0,0,0,0,0,0,0,0,0,0,0,0,0,0,0,0,0,0,0,0,0,0,0,0,0,0,0,0,0,0,0,0,0,0,0,0,0,0,0,0,0,0,1.12728e-13,8.49346e-14,6.07694e-15,2.11419e-13,1.03994e-13,1.43395e-14
0,0,0,0,0,0,0,0,0,0,0,0,0,0,0,0,0,0,0,0,0,0,0,0,0,0,0,0,0,0,0,0,0,0,0,0,0,0,0,0,0,0,0,0,0,9.47485e-14,1.52079e-13,7.11523e-13,3.73276e-13,2.38342e-13
0,0,0,0,0,0,0,0,0,0,0,0,0,0,0,0,0,0,0,0,0,0,0,0,0,0,0,0,0,0,0,0,0,0,0,0,0,0,0,0,0,0,0,0,0,0,1.64519e-13,5.70818e-15,6.48635e-14,5.67189e-14
0,0,0,0,0,0,0,0,0,0,0,0,0,0,0,0,0,0,0,0,0,0,0,0,0,0,0,0,0,0,0,0,0,0,0,0,0,0,0,0,0,0,0,0,0,0,0,4.18585e-13,7.47059e-14,1.19764e-13
0,0,0,0,0,0,0,0,0,0,0,0,0,0,0,0,0,0,0,0,0,0,0,0,0,0,0,0,0,0,0,0,0,0,0,0,0,0,0,0,0,0,0,0,0,0,0,0,3.50826e-14,2.90492e-13
0,0,0,0,0,0,0,0,0,0,0,0,0,0,0,0,0,0,0,0,0,0,0,0,0,0,0,0,0,0,0,0,0,0,0,0,0,0,0,0,0,0,0,0,0,0,0,0,0,1.32465e-14
0,0,0,0,0,0,0,0,0,0,0,0,0,0,0,0,0,0,0,0,0,0,0,0,0,0,0,0,0,0,0,0,0,0,0,0,0,0,0,0,0,0,0,0,0,0,0,0,0,0
