# # np.logspace(-2, 2., num = num_time_points)
0,5.47876e-05,5.37491e-05,5.46378e-05,5.49963e-05,5.52907e-05,5.52926e-05,5.47522e-05,5.43498e-05,5.37127e-05,5.46101e-05,5.50634e-05,5.43476e-05,5.43357e-05,5.3856e-05,5.45446e-05,5.49326e-05,5.43391e-05,5.47819e-05,5.48117e-05,5.48334e-05,5.52432e-05,5.52805e-05,5.3855e-05,5.5075e-05,5.47701e-05,5.4061e-05,5.40813e-05,5.50146e-05,5.43611e-05,5.41348e-05,5.35905e-05,5.43444e-05,5.50269e-05,5.46992e-05,5.35263e-05,5.48143e-05,5.48311e-05,5.45412e-05,5.3776e-05,5.47553e-05,5.47757e-05,5.48017e-05,5.43463e-05,5.3913e-05,5.40295e-05,5.38889e-05,5.49174e-05,5.4143e-05,5.42974e-05
0,0,5.4199e-05,5.49541e-05,5.54359e-05,5.5728e-05,5.57299e-05,5.51939e-05,5.47947e-05,5.41628e-05,5.5053e-05,5.55025e-05,5.47924e-05,5.49204e-05,5.43047e-05,5.5135e-05,5.52338e-05,5.4784e-05,5.52235e-05,5.52526e-05,5.52742e-05,5.5681e-05,5.57179e-05,5.4304e-05,5.5514e-05,5.52116e-05,5.45081e-05,5.45282e-05,5.5454e-05,5.48056e-05,5.45813e-05,5.40415e-05,5.49291e-05,5.54663e-05,5.50128e-05,5.3978e-05,5.52554e-05,5.5272e-05,5.49844e-05,5.41204e-05,5.51969e-05,5.52171e-05,5.52429e-05,5.47913e-05,5.43616e-05,5.43673e-05,5.43375e-05,5.52194e-05,5.47239e-05,5.47428e-05
0,0,0,5.39186e-05,5.44096e-05,5.48801e-05,5.47092e-05,5.41629e-05,5.37562e-05,5.31118e-05,5.40193e-05,5.44774e-05,5.37538e-05,5.3849e-05,5.32567e-05,5.40677e-05,5.43297e-05,5.37454e-05,5.4193e-05,5.4223e-05,5.42448e-05,5.46593e-05,5.46969e-05,5.32557e-05,5.46363e-05,5.4181e-05,5.34641e-05,5.34847e-05,5.44281e-05,5.37674e-05,5.35386e-05,5.29881e-05,5.37505e-05,5.44406e-05,5.39785e-05,5.29232e-05,5.42256e-05,5.42426e-05,5.39495e-05,5.30686e-05,5.42903e-05,5.41866e-05,5.42128e-05,5.37525e-05,5.34111e-05,5.34171e-05,5.329e-05,5.41889e-05,5.36487e-05,5.37032e-05
0,0,0,0,5.51622e-05,5.54557e-05,5.54576e-05,5.4919e-05,5.45178e-05,5.38826e-05,5.47772e-05,5.52291e-05,5.45155e-05,5.45036e-05,5.40253e-05,5.47119e-05,5.4959e-05,5.45071e-05,5.49484e-05,5.4978e-05,5.49997e-05,5.54084e-05,5.54456e-05,5.41396e-05,5.52408e-05,5.49367e-05,5.42298e-05,5.42501e-05,5.51803e-05,5.46564e-05,5.43033e-05,5.37607e-05,5.45123e-05,5.51928e-05,5.4737e-05,5.38063e-05,5.49806e-05,5.49974e-05,5.47084e-05,5.39518e-05,5.49219e-05,5.49422e-05,5.49682e-05,5.45142e-05,5.40821e-05,5.40882e-05,5.40581e-05,5.49448e-05,5.43115e-05,5.44655e-05
0,0,0,0,0,5.59331e-05,5.5935e-05,5.54011e-05,5.50033e-05,5.45133e-05,5.52605e-05,5.57086e-05,5.51553e-05,5.49894e-05,5.45153e-05,5.51958e-05,5.54406e-05,5.49927e-05,5.54304e-05,5.54595e-05,5.5481e-05,5.58862e-05,5.59231e-05,5.45143e-05,5.572e-05,5.54188e-05,5.4718e-05,5.4738e-05,5.56601e-05,5.50142e-05,5.47908e-05,5.42532e-05,5.49978e-05,5.56725e-05,5.52206e-05,5.41897e-05,5.54622e-05,5.54788e-05,5.51922e-05,5.44703e-05,5.5404e-05,5.54242e-05,5.545e-05,5.49999e-05,5.45716e-05,5.45775e-05,5.45479e-05,5.54264e-05,5.47989e-05,5.49515e-05
0,0,0,0,0,0,5.62245e-05,5.56932e-05,5.52976e-05,5.46716e-05,5.55535e-05,5.59992e-05,5.52955e-05,5.52838e-05,5.48122e-05,5.54893e-05,5.57328e-05,5.52871e-05,5.57224e-05,5.57515e-05,5.57729e-05,5.6176e-05,5.62127e-05,5.48113e-05,5.62369e-05,5.57108e-05,5.50138e-05,5.50337e-05,5.59511e-05,5.53088e-05,5.50863e-05,5.45514e-05,5.52922e-05,5.59633e-05,5.55138e-05,5.44884e-05,5.57541e-05,5.57707e-05,5.54856e-05,5.46295e-05,5.56964e-05,5.57163e-05,5.57418e-05,5.52942e-05,5.48684e-05,5.48743e-05,5.48446e-05,5.57186e-05,5.50945e-05,5.52462e-05
0,0,0,0,0,0,0,5.56951e-05,5.52997e-05,5.46738e-05,5.55554e-05,5.62264e-05,5.52974e-05,5.52858e-05,5.48141e-05,5.54912e-05,5.57345e-05,5.5289e-05,5.57242e-05,5.57534e-05,5.57748e-05,5.61778e-05,5.62145e-05,5.48132e-05,5.60125e-05,5.57127e-05,5.50158e-05,5.50356e-05,5.59529e-05,5.53104e-05,5.50883e-05,5.45533e-05,5.52941e-05,5.59652e-05,5.55158e-05,5.44903e-05,5.5756e-05,5.57726e-05,5.54875e-05,5.46314e-05,5.56981e-05,5.57181e-05,5.57437e-05,5.52961e-05,5.50463e-05,5.48761e-05,5.48468e-05,5.57205e-05,5.50963e-05,5.52481e-05
0,0,0,0,0,0,0,0,5.47593e-05,5.41271e-05,5.50177e-05,5.54676e-05,5.48954e-05,5.47453e-05,5.43951e-05,5.49527e-05,5.51986e-05,5.47488e-05,5.51882e-05,5.52176e-05,5.52393e-05,5.56462e-05,5.56832e-05,5.42681e-05,5.54792e-05,5.51765e-05,5.44727e-05,5.46238e-05,5.54191e-05,5.47704e-05,5.45458e-05,5.4006e-05,5.47538e-05,5.54315e-05,5.49776e-05,5.40626e-05,5.52202e-05,5.5237e-05,5.49492e-05,5.40847e-05,5.5162e-05,5.5182e-05,5.52079e-05,5.47559e-05,5.43257e-05,5.43318e-05,5.43018e-05,5.51843e-05,5.4554e-05,5.47073e-05
0,0,0,0,0,0,0,0,0,5.37199e-05,5.46172e-05,5.50704e-05,5.43547e-05,5.4343e-05,5.3863e-05,5.45518e-05,5.47994e-05,5.43463e-05,5.47889e-05,5.48185e-05,5.48404e-05,5.52503e-05,5.52876e-05,5.38622e-05,5.50821e-05,5.47772e-05,5.40682e-05,5.40884e-05,5.51772e-05,5.449e-05,5.42577e-05,5.35976e-05,5.43513e-05,5.50339e-05,5.4577e-05,5.35334e-05,5.49629e-05,5.48382e-05,5.45482e-05,5.36771e-05,5.47624e-05,5.47827e-05,5.48087e-05,5.43536e-05,5.40309e-05,5.39262e-05,5.3896e-05,5.47852e-05,5.4266e-05,5.43046e-05
0,0,0,0,0,0,0,0,0,0,5.39836e-05,5.4587e-05,5.37178e-05,5.37057e-05,5.32201e-05,5.39171e-05,5.41675e-05,5.3709e-05,5.42821e-05,5.4187e-05,5.4209e-05,5.46236e-05,5.46613e-05,5.32192e-05,5.44535e-05,5.42696e-05,5.34279e-05,5.34482e-05,5.43924e-05,5.3731e-05,5.35023e-05,5.30418e-05,5.37145e-05,5.44049e-05,5.39424e-05,5.29759e-05,5.41896e-05,5.42068e-05,5.39134e-05,5.3032e-05,5.41301e-05,5.42754e-05,5.4177e-05,5.38233e-05,5.32778e-05,5.3284e-05,5.33493e-05,5.41531e-05,5.35106e-05,5.3667e-05
0,0,0,0,0,0,0,0,0,0,0,5.53273e-05,5.46151e-05,5.46033e-05,5.41257e-05,5.49494e-05,5.50576e-05,5.46066e-05,5.51967e-05,5.50766e-05,5.50983e-05,5.55063e-05,5.55434e-05,5.41247e-05,5.53389e-05,5.51844e-05,5.43299e-05,5.43499e-05,5.52788e-05,5.46282e-05,5.44032e-05,5.38615e-05,5.46119e-05,5.5291e-05,5.4836e-05,5.37977e-05,5.50793e-05,5.50963e-05,5.48076e-05,5.39407e-05,5.50207e-05,5.5041e-05,5.52175e-05,5.4745e-05,5.41826e-05,5.41884e-05,5.41587e-05,5.50433e-05,5.44114e-05,5.45652e-05
0,0,0,0,0,0,0,0,0,0,0,0,5.50682e-05,5.50564e-05,5.45829e-05,5.52628e-05,5.55072e-05,5.50598e-05,5.5497e-05,5.55261e-05,5.55476e-05,5.59523e-05,5.59892e-05,5.4582e-05,5.57862e-05,5.54855e-05,5.47855e-05,5.48053e-05,5.57265e-05,5.50813e-05,5.48582e-05,5.43212e-05,5.50649e-05,5.57388e-05,5.52876e-05,5.42579e-05,5.55287e-05,5.55454e-05,5.52591e-05,5.43994e-05,5.54706e-05,5.54908e-05,5.55164e-05,5.50671e-05,5.46396e-05,5.46452e-05,5.4764e-05,5.54931e-05,5.48663e-05,5.50187e-05
0,0,0,0,0,0,0,0,0,0,0,0,0,5.43406e-05,5.3861e-05,5.45495e-05,5.47972e-05,5.4344e-05,5.47867e-05,5.48163e-05,5.48381e-05,5.5248e-05,5.52853e-05,5.38599e-05,5.50798e-05,5.4775e-05,5.40659e-05,5.42007e-05,5.50193e-05,5.43658e-05,5.41397e-05,5.37003e-05,5.43491e-05,5.50317e-05,5.45746e-05,5.35314e-05,5.4819e-05,5.4836e-05,5.45459e-05,5.37813e-05,5.47602e-05,5.47805e-05,5.49475e-05,5.43512e-05,5.39178e-05,5.39239e-05,5.38938e-05,5.47829e-05,5.41479e-05,5.43024e-05
0,0,0,0,0,0,0,0,0,0,0,0,0,0,5.38488e-05,5.45379e-05,5.47854e-05,5.43321e-05,5.49143e-05,5.48045e-05,5.48263e-05,5.52362e-05,5.52736e-05,5.38478e-05,5.50681e-05,5.47631e-05,5.4054e-05,5.40741e-05,5.50075e-05,5.43538e-05,5.41278e-05,5.35832e-05,5.43375e-05,5.502e-05,5.45629e-05,5.35191e-05,5.49484e-05,5.48242e-05,5.4534e-05,5.37685e-05,5.47484e-05,5.47687e-05,5.47947e-05,5.43393e-05,5.40162e-05,5.39119e-05,5.38817e-05,5.4771e-05,5.41361e-05,5.42904e-05
0,0,0,0,0,0,0,0,0,0,0,0,0,0,0,5.40596e-05,5.43095e-05,5.39616e-05,5.42989e-05,5.43289e-05,5.43508e-05,5.47643e-05,5.4802e-05,5.33638e-05,5.45947e-05,5.42871e-05,5.36734e-05,5.35923e-05,5.45337e-05,5.38741e-05,5.36461e-05,5.31895e-05,5.38574e-05,5.45463e-05,5.40849e-05,5.3032e-05,5.43315e-05,5.43486e-05,5.41723e-05,5.3271e-05,5.43985e-05,5.42928e-05,5.4319e-05,5.38597e-05,5.34222e-05,5.35269e-05,5.33979e-05,5.42952e-05,5.36544e-05,5.38104e-05
0,0,0,0,0,0,0,0,0,0,0,0,0,0,0,0,5.49927e-05,5.45411e-05,5.49824e-05,5.50117e-05,5.50334e-05,5.54419e-05,5.54791e-05,5.40587e-05,5.52744e-05,5.49708e-05,5.42641e-05,5.42841e-05,5.5214e-05,5.45627e-05,5.43376e-05,5.37952e-05,5.45463e-05,5.52264e-05,5.4771e-05,5.37313e-05,5.50144e-05,5.50312e-05,5.47423e-05,5.38743e-05,5.49558e-05,5.4976e-05,5.50021e-05,5.45484e-05,5.42342e-05,5.41225e-05,5.42096e-05,5.49784e-05,5.43459e-05,5.44995e-05
0,0,0,0,0,0,0,0,0,0,0,0,0,0,0,0,0,5.47888e-05,5.52281e-05,5.54176e-05,5.52789e-05,5.56856e-05,5.57226e-05,5.43087e-05,5.55188e-05,5.52163e-05,5.45129e-05,5.4533e-05,5.54587e-05,5.48103e-05,5.45861e-05,5.40463e-05,5.49341e-05,5.54712e-05,5.50176e-05,5.39829e-05,5.526e-05,5.52767e-05,5.4989e-05,5.41252e-05,5.52017e-05,5.52218e-05,5.52475e-05,5.47961e-05,5.43662e-05,5.43724e-05,5.43422e-05,5.52242e-05,5.45943e-05,5.47474e-05
0,0,0,0,0,0,0,0,0,0,0,0,0,0,0,0,0,0,5.47783e-05,5.48081e-05,5.48298e-05,5.52397e-05,5.52771e-05,5.39606e-05,5.50715e-05,5.47667e-05,5.40575e-05,5.40777e-05,5.50109e-05,5.43573e-05,5.42465e-05,5.3587e-05,5.43407e-05,5.51798e-05,5.45661e-05,5.35227e-05,5.48106e-05,5.48275e-05,5.45376e-05,5.36663e-05,5.48899e-05,5.47721e-05,5.47981e-05,5.43427e-05,5.39094e-05,5.39154e-05,5.38853e-05,5.47744e-05,5.41395e-05,5.44137e-05
0,0,0,0,0,0,0,0,0,0,0,0,0,0,0,0,0,0,0,5.52469e-05,5.52685e-05,5.56753e-05,5.57123e-05,5.42981e-05,5.55084e-05,5.52062e-05,5.45024e-05,5.45225e-05,5.54483e-05,5.47999e-05,5.45756e-05,5.40357e-05,5.49231e-05,5.54607e-05,5.50071e-05,5.39722e-05,5.52497e-05,5.52663e-05,5.49786e-05,5.41146e-05,5.51912e-05,5.52115e-05,5.52373e-05,5.47858e-05,5.43557e-05,5.43615e-05,5.43317e-05,5.52137e-05,5.45837e-05,5.47369e-05
0,0,0,0,0,0,0,0,0,0,0,0,0,0,0,0,0,0,0,0,5.5298e-05,5.57045e-05,5.57414e-05,5.43279e-05,5.55376e-05,5.52353e-05,5.45321e-05,5.45524e-05,5.54777e-05,5.48295e-05,5.46053e-05,5.40658e-05,5.48132e-05,5.56666e-05,5.50366e-05,5.41261e-05,5.52789e-05,5.52958e-05,5.50081e-05,5.41444e-05,5.52206e-05,5.52409e-05,5.52665e-05,5.48151e-05,5.43854e-05,5.4522e-05,5.43615e-05,5.52431e-05,5.46135e-05,5.47666e-05
0,0,0,0,0,0,0,0,0,0,0,0,0,0,0,0,0,0,0,0,0,5.57259e-05,5.59694e-05,5.43499e-05,5.55591e-05,5.52569e-05,5.4554e-05,5.45742e-05,5.54991e-05,5.48512e-05,5.47642e-05,5.40878e-05,5.48348e-05,5.55115e-05,5.5209e-05,5.41493e-05,5.53007e-05,5.53173e-05,5.50298e-05,5.41666e-05,5.52422e-05,5.52624e-05,5.52881e-05,5.48368e-05,5.44076e-05,5.44133e-05,5.43837e-05,5.52647e-05,5.46353e-05,5.47884e-05
0,0,0,0,0,0,0,0,0,0,0,0,0,0,0,0,0,0,0,0,0,0,5.6166e-05,5.47635e-05,5.59637e-05,5.56637e-05,5.49661e-05,5.49861e-05,5.59041e-05,5.5261e-05,5.50386e-05,5.45034e-05,5.52448e-05,5.59165e-05,5.54665e-05,5.46025e-05,5.5707e-05,5.57236e-05,5.54384e-05,5.45814e-05,5.56491e-05,5.56691e-05,5.56947e-05,5.52468e-05,5.48204e-05,5.48264e-05,5.47968e-05,5.56715e-05,5.52209e-05,5.51988e-05
0,0,0,0,0,0,0,0,0,0,0,0,0,0,0,0,0,0,0,0,0,0,0,5.48011e-05,5.60006e-05,5.57008e-05,5.50036e-05,5.50235e-05,5.5941e-05,5.52983e-05,5.52556e-05,5.45411e-05,5.5282e-05,5.59533e-05,5.5504e-05,5.44783e-05,5.57441e-05,5.57607e-05,5.54755e-05,5.46193e-05,5.56862e-05,5.57062e-05,5.57318e-05,5.52841e-05,5.48582e-05,5.4864e-05,5.48345e-05,5.57085e-05,5.50842e-05,5.5236e-05
0,0,0,0,0,0,0,0,0,0,0,0,0,0,0,0,0,0,0,0,0,0,0,0,5.45939e-05,5.42863e-05,5.35707e-05,5.35912e-05,5.45327e-05,5.39832e-05,5.36451e-05,5.31886e-05,5.39659e-05,5.45454e-05,5.4084e-05,5.30312e-05,5.43306e-05,5.43476e-05,5.41715e-05,5.3176e-05,5.42713e-05,5.42917e-05,5.4318e-05,5.38588e-05,5.34212e-05,5.34273e-05,5.33969e-05,5.42944e-05,5.37573e-05,5.39174e-05
0,0,0,0,0,0,0,0,0,0,0,0,0,0,0,0,0,0,0,0,0,0,0,0,0,5.54968e-05,5.4797e-05,5.48171e-05,5.5738e-05,5.52543e-05,5.48698e-05,5.43328e-05,5.50765e-05,5.57502e-05,5.5299e-05,5.42696e-05,5.55402e-05,5.55569e-05,5.52707e-05,5.44112e-05,5.54823e-05,5.55022e-05,5.55279e-05,5.50786e-05,5.46511e-05,5.4657e-05,5.46272e-05,5.55047e-05,5.4878e-05,5.50303e-05
0,0,0,0,0,0,0,0,0,0,0,0,0,0,0,0,0,0,0,0,0,0,0,0,0,0,5.44908e-05,5.45107e-05,5.54367e-05,5.47881e-05,5.45639e-05,5.4024e-05,5.47717e-05,5.54491e-05,5.49955e-05,5.39602e-05,5.5238e-05,5.52547e-05,5.49669e-05,5.41026e-05,5.51796e-05,5.51998e-05,5.52257e-05,5.4774e-05,5.43437e-05,5.43497e-05,5.44476e-05,5.52021e-05,5.45721e-05,5.48628e-05
0,0,0,0,0,0,0,0,0,0,0,0,0,0,0,0,0,0,0,0,0,0,0,0,0,0,0,5.37981e-05,5.47363e-05,5.40792e-05,5.38521e-05,5.33049e-05,5.40626e-05,5.47487e-05,5.42893e-05,5.32402e-05,5.45348e-05,5.4552e-05,5.42605e-05,5.34831e-05,5.44758e-05,5.46278e-05,5.45223e-05,5.41784e-05,5.37318e-05,5.36351e-05,5.37071e-05,5.44985e-05,5.38603e-05,5.41278e-05
0,0,0,0,0,0,0,0,0,0,0,0,0,0,0,0,0,0,0,0,0,0,0,0,0,0,0,0,5.47563e-05,5.42142e-05,5.38722e-05,5.3423e-05,5.40828e-05,5.47688e-05,5.43093e-05,5.33576e-05,5.45549e-05,5.4572e-05,5.42805e-05,5.34051e-05,5.46269e-05,5.45163e-05,5.45425e-05,5.40849e-05,5.36493e-05,5.37589e-05,5.36252e-05,5.45188e-05,5.38805e-05,5.40358e-05
0,0,0,0,0,0,0,0,0,0,0,0,0,0,0,0,0,0,0,0,0,0,0,0,0,0,0,0,0,5.50325e-05,5.48092e-05,5.42715e-05,5.50161e-05,5.56905e-05,5.52387e-05,5.42081e-05,5.54804e-05,5.5497e-05,5.52105e-05,5.43499e-05,5.54221e-05,5.54423e-05,5.54679e-05,5.51737e-05,5.45901e-05,5.47407e-05,5.45662e-05,5.54445e-05,5.48173e-05,5.49697e-05
0,0,0,0,0,0,0,0,0,0,0,0,0,0,0,0,0,0,0,0,0,0,0,0,0,0,0,0,0,0,5.4153e-05,5.3609e-05,5.43624e-05,5.50448e-05,5.45878e-05,5.35448e-05,5.48323e-05,5.4849e-05,5.45593e-05,5.36883e-05,5.47734e-05,5.47936e-05,5.48196e-05,5.43645e-05,5.39313e-05,5.39373e-05,5.39071e-05,5.4936e-05,5.41613e-05,5.43156e-05
0,0,0,0,0,0,0,0,0,0,0,0,0,0,0,0,0,0,0,0,0,0,0,0,0,0,0,0,0,0,0,5.33795e-05,5.41362e-05,5.48217e-05,5.43629e-05,5.33152e-05,5.46081e-05,5.46249e-05,5.43338e-05,5.35595e-05,5.4549e-05,5.45693e-05,5.45955e-05,5.41384e-05,5.38081e-05,5.37093e-05,5.37833e-05,5.45717e-05,5.39343e-05,5.40894e-05
0,0,0,0,0,0,0,0,0,0,0,0,0,0,0,0,0,0,0,0,0,0,0,0,0,0,0,0,0,0,0,0,5.35921e-05,5.42842e-05,5.38206e-05,5.28498e-05,5.40684e-05,5.40855e-05,5.37918e-05,5.29081e-05,5.40089e-05,5.40294e-05,5.40558e-05,5.35941e-05,5.31545e-05,5.31607e-05,5.32237e-05,5.41546e-05,5.3388e-05,5.36479e-05
0,0,0,0,0,0,0,0,0,0,0,0,0,0,0,0,0,0,0,0,0,0,0,0,0,0,0,0,0,0,0,0,0,5.50285e-05,5.45712e-05,5.36317e-05,5.48157e-05,5.48326e-05,5.45428e-05,5.36714e-05,5.47568e-05,5.47772e-05,5.48032e-05,5.44693e-05,5.39144e-05,5.39205e-05,5.38903e-05,5.47795e-05,5.41447e-05,5.4299e-05
0,0,0,0,0,0,0,0,0,0,0,0,0,0,0,0,0,0,0,0,0,0,0,0,0,0,0,0,0,0,0,0,0,0,5.52511e-05,5.436e-05,5.54926e-05,5.55093e-05,5.52228e-05,5.43625e-05,5.54346e-05,5.54545e-05,5.54802e-05,5.50305e-05,5.46025e-05,5.46086e-05,5.45787e-05,5.54569e-05,5.48297e-05,5.49823e-05
0,0,0,0,0,0,0,0,0,0,0,0,0,0,0,0,0,0,0,0,0,0,0,0,0,0,0,0,0,0,0,0,0,0,0,5.37568e-05,5.51889e-05,5.50562e-05,5.47672e-05,5.38998e-05,5.49806e-05,5.50009e-05,5.50268e-05,5.45733e-05,5.42604e-05,5.41478e-05,5.42359e-05,5.50034e-05,5.43708e-05,5.45246e-05
0,0,0,0,0,0,0,0,0,0,0,0,0,0,0,0,0,0,0,0,0,0,0,0,0,0,0,0,0,0,0,0,0,0,0,0,5.40048e-05,5.4022e-05,5.37276e-05,5.28431e-05,5.39452e-05,5.39658e-05,5.39921e-05,5.35301e-05,5.30898e-05,5.30961e-05,5.30655e-05,5.39682e-05,5.33236e-05,5.34803e-05
0,0,0,0,0,0,0,0,0,0,0,0,0,0,0,0,0,0,0,0,0,0,0,0,0,0,0,0,0,0,0,0,0,0,0,0,0,5.5461e-05,5.50108e-05,5.41473e-05,5.52232e-05,5.52436e-05,5.52694e-05,5.48178e-05,5.43884e-05,5.43942e-05,5.43643e-05,5.52458e-05,5.46163e-05,5.47693e-05
0,0,0,0,0,0,0,0,0,0,0,0,0,0,0,0,0,0,0,0,0,0,0,0,0,0,0,0,0,0,0,0,0,0,0,0,0,0,5.50276e-05,5.41644e-05,5.524e-05,5.54208e-05,5.54479e-05,5.48346e-05,5.44051e-05,5.4543e-05,5.43812e-05,5.52625e-05,5.46331e-05,5.47862e-05
0,0,0,0,0,0,0,0,0,0,0,0,0,0,0,0,0,0,0,0,0,0,0,0,0,0,0,0,0,0,0,0,0,0,0,0,0,0,0,5.38707e-05,5.49522e-05,5.49724e-05,5.49983e-05,5.46731e-05,5.41128e-05,5.41189e-05,5.40888e-05,5.51212e-05,5.44648e-05,5.44961e-05
0,0,0,0,0,0,0,0,0,0,0,0,0,0,0,0,0,0,0,0,0,0,0,0,0,0,0,0,0,0,0,0,0,0,0,0,0,0,0,0,5.40877e-05,5.41083e-05,5.42601e-05,5.36736e-05,5.32348e-05,5.32408e-05,5.32103e-05,5.41107e-05,5.34676e-05,5.3624e-05
0,0,0,0,0,0,0,0,0,0,0,0,0,0,0,0,0,0,0,0,0,0,0,0,0,0,0,0,0,0,0,0,0,0,0,0,0,0,0,0,0,5.5185e-05,5.52108e-05,5.47589e-05,5.43289e-05,5.4335e-05,5.43049e-05,5.51874e-05,5.45572e-05,5.47105e-05
0,0,0,0,0,0,0,0,0,0,0,0,0,0,0,0,0,0,0,0,0,0,0,0,0,0,0,0,0,0,0,0,0,0,0,0,0,0,0,0,0,0,5.52312e-05,5.47794e-05,5.43494e-05,5.4484e-05,5.43255e-05,5.52076e-05,5.45775e-05,5.47308e-05
0,0,0,0,0,0,0,0,0,0,0,0,0,0,0,0,0,0,0,0,0,0,0,0,0,0,0,0,0,0,0,0,0,0,0,0,0,0,0,0,0,0,0,5.48054e-05,5.43755e-05,5.43816e-05,5.43516e-05,5.52333e-05,5.46036e-05,5.47567e-05
0,0,0,0,0,0,0,0,0,0,0,0,0,0,0,0,0,0,0,0,0,0,0,0,0,0,0,0,0,0,0,0,0,0,0,0,0,0,0,0,0,0,0,0,5.39166e-05,5.39227e-05,5.38926e-05,5.47818e-05,5.41467e-05,5.43011e-05
0,0,0,0,0,0,0,0,0,0,0,0,0,0,0,0,0,0,0,0,0,0,0,0,0,0,0,0,0,0,0,0,0,0,0,0,0,0,0,0,0,0,0,0,0,5.34858e-05,5.34557e-05,5.43517e-05,5.37117e-05,5.38673e-05
0,0,0,0,0,0,0,0,0,0,0,0,0,0,0,0,0,0,0,0,0,0,0,0,0,0,0,0,0,0,0,0,0,0,0,0,0,0,0,0,0,0,0,0,0,0,5.34614e-05,5.43577e-05,5.37177e-05,5.38733e-05
0,0,0,0,0,0,0,0,0,0,0,0,0,0,0,0,0,0,0,0,0,0,0,0,0,0,0,0,0,0,0,0,0,0,0,0,0,0,0,0,0,0,0,0,0,0,0,5.43278e-05,5.36874e-05,5.38434e-05
0,0,0,0,0,0,0,0,0,0,0,0,0,0,0,0,0,0,0,0,0,0,0,0,0,0,0,0,0,0,0,0,0,0,0,0,0,0,0,0,0,0,0,0,0,0,0,0,5.458e-05,5.47332e-05
0,0,0,0,0,0,0,0,0,0,0,0,0,0,0,0,0,0,0,0,0,0,0,0,0,0,0,0,0,0,0,0,0,0,0,0,0,0,0,0,0,0,0,0,0,0,0,0,0,5.42119e-05
0,0,0,0,0,0,0,0,0,0,0,0,0,0,0,0,0,0,0,0,0,0,0,0,0,0,0,0,0,0,0,0,0,0,0,0,0,0,0,0,0,0,0,0,0,0,0,0,0,0
