# # np.logspace(-2, 2., num = num_time_points)
0,9.97219e-08,1.43042e-08,3.40125e-08,2.64655e-07,1.17632e-06,1.18294e-06,8.11844e-08,1.95165e-08,1.3073e-08,4.89509e-08,4.24501e-07,1.95814e-08,1.83588e-08,1.31076e-08,3.36244e-08,1.19413e-07,1.8573e-08,9.68235e-08,1.24919e-07,1.50294e-07,8.68218e-07,1.08903e-06,1.33352e-08,4.55475e-07,9.02952e-08,1.33164e-08,1.35937e-08,2.93645e-07,2.24035e-08,1.5948e-08,1.3326e-08,1.99227e-08,3.1971e-07,4.64559e-08,1.34365e-08,1.20274e-07,1.3421e-07,3.44853e-08,1.40529e-08,8.24515e-08,9.52738e-08,1.10935e-07,1.9026e-08,1.38894e-08,1.48449e-08,1.34239e-08,1.08971e-07,1.51674e-08,1.58367e-08
0,0,1.00755e-07,1.01795e-07,2.8139e-07,1.18065e-06,1.18743e-06,1.27081e-07,1.00762e-07,9.89704e-08,1.12893e-07,4.35791e-07,9.97511e-08,1.14762e-07,9.87364e-08,1.2712e-07,1.45786e-07,9.96734e-08,1.43562e-07,1.56026e-07,1.77644e-07,8.80873e-07,1.09236e-06,9.97676e-08,4.6563e-07,1.33701e-07,9.89053e-08,9.87558e-08,3.08789e-07,1.00055e-07,9.92459e-08,9.87422e-08,1.15049e-07,3.33607e-07,1.0577e-07,9.93952e-08,1.56651e-07,1.6563e-07,1.04437e-07,9.91956e-08,1.28057e-07,1.36128e-07,1.47935e-07,1.01018e-07,1.0052e-07,9.88053e-08,9.97022e-08,1.36056e-07,1.10275e-07,9.98852e-08
0,0,0,2.50661e-08,2.63478e-07,1.28742e-06,1.18528e-06,8.0261e-08,1.52463e-08,4.84848e-09,4.79853e-08,4.24735e-07,1.50764e-08,1.4823e-08,4.87734e-09,3.40824e-08,1.10591e-07,1.45998e-08,9.66269e-08,1.22523e-07,1.47738e-07,8.70456e-07,1.08797e-06,4.69509e-09,5.06325e-07,8.95673e-08,5.37252e-09,6.23644e-09,2.92944e-07,1.92887e-08,1.007e-08,4.38479e-09,1.47654e-08,3.19259e-07,3.73431e-08,4.96516e-09,1.18375e-07,1.3307e-07,3.04886e-08,4.56981e-09,8.75391e-08,9.41522e-08,1.09839e-07,1.44672e-08,6.66733e-09,5.85147e-09,5.15215e-09,9.39354e-08,9.8053e-09,1.03087e-08
0,0,0,0,2.65713e-07,1.17742e-06,1.18285e-06,8.42262e-08,2.89354e-08,2.46024e-08,5.31699e-08,4.24883e-07,2.87739e-08,2.77129e-08,2.46182e-08,3.94329e-08,1.07526e-07,2.81894e-08,9.8944e-08,1.23655e-07,1.50319e-07,8.70728e-07,1.0886e-06,2.68957e-08,4.58998e-07,9.26548e-08,2.47303e-08,2.52349e-08,2.93365e-07,3.60125e-08,2.62533e-08,2.46663e-08,2.83135e-08,3.20707e-07,4.51989e-08,2.61613e-08,1.20265e-07,1.34889e-07,3.93833e-08,2.64077e-08,8.50474e-08,9.69294e-08,1.129e-07,2.80773e-08,2.48415e-08,2.49754e-08,2.45948e-08,9.96945e-08,2.60149e-08,2.63777e-08
0,0,0,0,0,1.20478e-06,1.21282e-06,2.79892e-07,2.63846e-07,2.8152e-07,2.68575e-07,5.03513e-07,2.99999e-07,2.64677e-07,2.64155e-07,2.65326e-07,2.82916e-07,2.6383e-07,2.82357e-07,2.89632e-07,3.02097e-07,9.0714e-07,1.11953e-06,2.63502e-07,5.25324e-07,2.80131e-07,2.64212e-07,2.65324e-07,3.93514e-07,2.64045e-07,2.64268e-07,2.64989e-07,2.63943e-07,4.13419e-07,2.66101e-07,2.6406e-07,2.88618e-07,2.95965e-07,2.65222e-07,2.82015e-07,2.75885e-07,2.81615e-07,2.92379e-07,2.64703e-07,2.63567e-07,2.63656e-07,2.64262e-07,2.79717e-07,2.63541e-07,2.63773e-07
0,0,0,0,0,0,1.668e-06,1.17842e-06,1.17727e-06,1.17564e-06,1.1769e-06,1.24987e-06,1.17577e-06,1.17959e-06,1.17595e-06,1.18085e-06,1.18668e-06,1.17609e-06,1.17983e-06,1.18253e-06,1.18487e-06,1.46182e-06,1.60173e-06,1.1767e-06,1.77014e-06,1.17904e-06,1.17574e-06,1.17704e-06,1.21172e-06,1.20784e-06,1.17582e-06,1.17574e-06,1.17616e-06,1.21812e-06,1.17639e-06,1.17574e-06,1.18188e-06,1.18328e-06,1.17632e-06,1.17579e-06,1.1846e-06,1.17952e-06,1.18076e-06,1.17577e-06,1.17862e-06,1.17838e-06,1.1758e-06,1.18133e-06,1.17894e-06,1.17583e-06
0,0,0,0,0,0,0,1.18528e-06,1.18672e-06,1.20233e-06,1.18409e-06,1.74173e-06,1.18274e-06,1.18664e-06,1.18268e-06,1.1887e-06,1.1872e-06,1.18281e-06,1.18766e-06,1.18869e-06,1.19259e-06,1.46694e-06,1.60763e-06,1.18259e-06,1.26723e-06,1.18795e-06,1.18618e-06,1.1826e-06,1.2186e-06,1.18287e-06,1.18659e-06,1.18335e-06,1.18277e-06,1.22474e-06,1.18899e-06,1.18294e-06,1.18948e-06,1.19014e-06,1.18299e-06,1.18289e-06,1.1855e-06,1.18739e-06,1.18768e-06,1.18341e-06,1.28512e-06,1.1827e-06,1.20494e-06,1.1863e-06,1.18286e-06,1.18285e-06
0,0,0,0,0,0,0,0,8.13233e-08,8.03655e-08,9.31477e-08,4.31679e-07,9.54943e-08,8.10557e-08,8.63898e-08,8.58051e-08,1.30598e-07,8.18627e-08,1.24876e-07,1.45758e-07,1.68903e-07,8.74999e-07,1.0912e-06,8.01665e-08,4.61682e-07,1.19971e-07,8.03957e-08,8.93628e-08,3.03009e-07,8.23047e-08,8.0652e-08,8.10486e-08,8.14287e-08,3.30418e-07,8.81603e-08,8.51383e-08,1.42169e-07,1.55259e-07,8.6143e-08,8.09555e-08,1.17011e-07,1.23426e-07,1.3866e-07,8.12857e-08,8.01339e-08,8.07692e-08,8.0105e-08,1.23335e-07,8.06101e-08,8.06613e-08
0,0,0,0,0,0,0,0,0,1.44147e-08,4.95391e-08,4.25196e-07,2.02388e-08,2.08239e-08,1.43155e-08,3.4505e-08,1.04018e-07,1.97627e-08,9.70543e-08,1.21303e-07,1.50144e-07,8.72107e-07,1.0935e-06,1.45663e-08,4.57943e-07,9.05386e-08,1.47236e-08,1.49571e-08,3.30964e-07,2.55931e-08,1.96054e-08,1.42131e-08,1.96463e-08,3.18971e-07,4.21575e-08,1.44875e-08,1.35965e-07,1.37205e-07,3.39102e-08,1.43703e-08,8.26659e-08,9.54274e-08,1.10992e-07,2.27652e-08,1.66485e-08,1.63085e-08,1.4621e-08,9.57352e-08,1.88356e-08,1.71884e-08
0,0,0,0,0,0,0,0,0,0,4.95627e-08,4.53383e-07,1.58886e-08,1.3413e-08,2.61549e-09,3.14472e-08,1.03138e-07,1.35165e-08,1.02585e-07,1.20595e-07,1.47871e-07,8.69107e-07,1.08812e-06,2.50537e-09,4.545e-07,9.60521e-08,4.27543e-09,4.37581e-09,2.93485e-07,1.58157e-08,9.33505e-09,2.30647e-09,1.41514e-08,3.19041e-07,3.71103e-08,3.12136e-09,1.17879e-07,1.34404e-07,3.02849e-08,3.01151e-09,8.13501e-08,1.00165e-07,1.1045e-07,1.51109e-08,5.2391e-09,4.12209e-09,4.89005e-09,9.36456e-08,8.14329e-09,1.00137e-08
0,0,0,0,0,0,0,0,0,0,0,4.27692e-07,5.16758e-08,5.12407e-08,4.72619e-08,7.11041e-08,1.13672e-07,4.9091e-08,1.35579e-07,1.29243e-07,1.54967e-07,8.69285e-07,1.08889e-06,4.73552e-08,4.57112e-07,1.28704e-07,4.79181e-08,4.73905e-08,2.99382e-07,4.97013e-08,4.81361e-08,4.73423e-08,5.20426e-08,3.2201e-07,6.00614e-08,4.73121e-08,1.27577e-07,1.46444e-07,5.70099e-08,4.8326e-08,9.40573e-08,1.05918e-07,1.49877e-07,5.81269e-08,4.80776e-08,4.76215e-08,4.90226e-08,1.0479e-07,4.81055e-08,4.992e-08
0,0,0,0,0,0,0,0,0,0,0,0,4.24693e-07,4.25231e-07,4.2423e-07,4.28137e-07,4.36496e-07,4.24447e-07,4.37385e-07,4.40911e-07,4.49636e-07,9.66135e-07,1.16812e-06,4.2419e-07,6.21706e-07,4.38805e-07,4.25989e-07,4.24222e-07,5.15273e-07,4.24467e-07,4.26086e-07,4.25536e-07,4.24601e-07,5.30511e-07,4.28682e-07,4.24782e-07,4.40518e-07,4.4468e-07,4.2529e-07,4.24403e-07,4.31884e-07,4.36929e-07,4.38187e-07,4.25702e-07,4.45976e-07,4.24287e-07,4.57298e-07,4.34407e-07,4.24284e-07,4.24663e-07
0,0,0,0,0,0,0,0,0,0,0,0,0,1.94037e-08,1.52382e-08,3.43179e-08,1.03986e-07,1.97325e-08,9.72719e-08,1.21265e-07,1.4841e-07,8.68344e-07,1.08808e-06,1.45244e-08,4.54847e-07,9.09075e-08,1.48946e-08,1.77798e-08,2.92542e-07,2.16609e-08,1.71253e-08,1.5403e-08,1.96095e-08,3.19031e-07,3.95589e-08,1.51584e-08,1.18841e-07,1.37024e-07,3.33398e-08,1.72361e-08,8.34231e-08,9.54332e-08,1.27697e-07,2.00665e-08,1.49832e-08,1.50521e-08,1.47183e-08,9.49698e-08,1.63818e-08,1.72191e-08
0,0,0,0,0,0,0,0,0,0,0,0,0,0,1.27651e-08,3.60696e-08,1.04537e-07,1.83783e-08,1.11427e-07,1.21069e-07,1.4855e-07,8.68542e-07,1.08826e-06,1.28062e-08,4.56652e-07,9.05722e-08,1.3171e-08,1.31903e-08,2.92829e-07,2.03661e-08,1.58065e-08,1.26388e-08,2.11112e-08,3.18799e-07,4.14047e-08,1.28827e-08,1.35186e-07,1.36892e-07,3.2606e-08,1.36201e-08,8.26903e-08,9.51168e-08,1.11464e-07,1.89796e-08,1.5098e-08,1.32293e-08,1.30976e-08,9.43181e-08,1.60531e-08,1.57018e-08
0,0,0,0,0,0,0,0,0,0,0,0,0,0,0,3.10096e-08,1.03118e-07,1.51985e-08,9.57961e-08,1.20878e-07,1.47703e-07,8.68281e-07,1.08809e-06,2.26166e-09,4.54689e-07,8.94327e-08,3.91182e-09,4.9379e-09,2.92977e-07,1.58998e-08,9.25768e-09,1.77645e-09,1.33679e-08,3.20354e-07,3.68474e-08,2.8529e-09,1.17575e-07,1.33023e-07,3.25432e-08,2.14611e-09,8.82658e-08,9.44155e-08,1.10013e-07,1.41427e-08,4.40133e-09,3.83933e-09,2.93129e-09,9.45354e-08,8.16835e-09,9.64447e-09
0,0,0,0,0,0,0,0,0,0,0,0,0,0,0,0,1.08436e-07,3.3751e-08,1.04034e-07,1.24329e-07,1.51067e-07,8.69088e-07,1.08865e-06,3.10864e-08,4.58064e-07,9.80798e-08,3.14699e-08,3.11925e-08,2.94132e-07,3.48593e-08,3.26494e-08,3.1033e-08,3.59135e-08,3.20045e-07,4.91086e-08,3.10774e-08,1.22072e-07,1.3651e-07,4.32929e-08,3.11335e-08,8.76169e-08,9.88411e-08,1.16807e-07,3.52124e-08,3.45206e-08,3.12244e-08,3.40014e-08,9.84436e-08,3.35199e-08,3.25948e-08
0,0,0,0,0,0,0,0,0,0,0,0,0,0,0,0,0,1.04607e-07,1.43599e-07,2.10009e-07,1.80417e-07,8.74751e-07,1.0928e-06,1.03671e-07,4.69779e-07,1.36324e-07,1.03066e-07,1.03246e-07,3.10446e-07,1.04654e-07,1.03401e-07,1.03078e-07,1.19532e-07,3.47841e-07,1.11122e-07,1.05427e-07,1.56563e-07,1.68183e-07,1.07599e-07,1.03537e-07,1.32375e-07,1.39562e-07,1.50461e-07,1.05035e-07,1.03395e-07,1.06005e-07,1.03056e-07,1.41914e-07,1.03773e-07,1.03429e-07
0,0,0,0,0,0,0,0,0,0,0,0,0,0,0,0,0,0,9.67192e-08,1.27697e-07,1.49771e-07,8.68728e-07,1.09323e-06,1.473e-08,4.5498e-07,9.13138e-08,1.39637e-08,1.47056e-08,2.92564e-07,2.08519e-08,1.86383e-08,1.35562e-08,1.90308e-08,3.59418e-07,3.92731e-08,1.49485e-08,1.18281e-07,1.33184e-07,3.33905e-08,1.34998e-08,9.61026e-08,9.47425e-08,1.10415e-07,1.91399e-08,1.4074e-08,1.4011e-08,1.36897e-08,9.45417e-08,1.58886e-08,1.97325e-08
0,0,0,0,0,0,0,0,0,0,0,0,0,0,0,0,0,0,0,1.54192e-07,1.76028e-07,8.73464e-07,1.09207e-06,9.63818e-08,4.6465e-07,1.36765e-07,9.60688e-08,9.58617e-08,3.08114e-07,9.70746e-08,9.62541e-08,9.5968e-08,1.11926e-07,3.32765e-07,1.02932e-07,9.6416e-08,1.54655e-07,1.6463e-07,1.00663e-07,9.64859e-08,1.2567e-07,1.35204e-07,1.5067e-07,1.00259e-07,9.66615e-08,9.59355e-08,9.64389e-08,1.33821e-07,9.6428e-08,9.65432e-08
0,0,0,0,0,0,0,0,0,0,0,0,0,0,0,0,0,0,0,0,1.91902e-07,8.80589e-07,1.09501e-06,1.20647e-07,4.7062e-07,1.49843e-07,1.20412e-07,1.21169e-07,3.18774e-07,1.2144e-07,1.20949e-07,1.20537e-07,1.24826e-07,4.44796e-07,1.26194e-07,1.30573e-07,1.68422e-07,1.81003e-07,1.2404e-07,1.20435e-07,1.46128e-07,1.54302e-07,1.62955e-07,1.21425e-07,1.20417e-07,1.30164e-07,1.20319e-07,1.52763e-07,1.20842e-07,1.20941e-07
0,0,0,0,0,0,0,0,0,0,0,0,0,0,0,0,0,0,0,0,0,8.84346e-07,1.38266e-06,1.47685e-07,4.77869e-07,1.72739e-07,1.47784e-07,1.47969e-07,3.27565e-07,1.48577e-07,1.76911e-07,1.47823e-07,1.486e-07,3.53614e-07,1.83249e-07,1.55791e-07,1.94221e-07,1.98984e-07,1.50614e-07,1.48444e-07,1.68688e-07,1.74904e-07,1.8393e-07,1.48261e-07,1.49946e-07,1.47779e-07,1.49784e-07,1.74927e-07,1.48061e-07,1.47973e-07
0,0,0,0,0,0,0,0,0,0,0,0,0,0,0,0,0,0,0,0,0,0,1.39273e-06,8.71045e-07,9.80101e-07,8.72856e-07,8.68084e-07,8.69644e-07,9.16286e-07,8.68604e-07,8.68388e-07,8.69211e-07,8.70521e-07,9.31035e-07,8.69016e-07,9.25513e-07,8.76202e-07,8.78004e-07,8.73581e-07,8.68023e-07,8.72015e-07,8.73038e-07,8.74816e-07,8.6847e-07,8.68165e-07,8.68233e-07,8.68017e-07,8.73462e-07,9.5831e-07,8.71936e-07
0,0,0,0,0,0,0,0,0,0,0,0,0,0,0,0,0,0,0,0,0,0,0,1.08802e-06,1.17898e-06,1.09174e-06,1.08817e-06,1.0881e-06,1.12694e-06,1.08822e-06,1.21446e-06,1.08809e-06,1.08819e-06,1.13479e-06,1.1099e-06,1.09728e-06,1.09624e-06,1.09603e-06,1.08826e-06,1.09101e-06,1.09124e-06,1.09188e-06,1.09351e-06,1.08797e-06,1.09247e-06,1.08791e-06,1.09221e-06,1.09191e-06,1.08813e-06,1.08813e-06
0,0,0,0,0,0,0,0,0,0,0,0,0,0,0,0,0,0,0,0,0,0,0,0,4.5663e-07,8.99297e-08,3.43639e-09,4.14489e-09,2.92433e-07,1.74255e-08,9.19844e-09,1.61845e-09,1.45576e-08,3.20161e-07,3.68481e-08,2.71462e-09,1.17556e-07,1.32481e-07,3.2792e-08,1.87965e-09,8.19687e-08,9.37441e-08,1.0962e-07,1.41992e-08,4.3178e-09,3.36366e-09,2.83102e-09,9.52655e-08,8.93699e-09,1.0551e-08
0,0,0,0,0,0,0,0,0,0,0,0,0,0,0,0,0,0,0,0,0,0,0,0,0,4.63193e-07,4.54556e-07,4.57033e-07,5.40884e-07,5.10737e-07,4.54769e-07,4.54788e-07,4.55009e-07,5.55086e-07,4.56121e-07,4.54694e-07,4.69914e-07,4.73553e-07,4.56094e-07,4.54684e-07,4.65305e-07,4.64143e-07,4.67536e-07,4.54768e-07,4.56069e-07,4.55929e-07,4.54588e-07,4.6993e-07,4.56374e-07,4.5475e-07
0,0,0,0,0,0,0,0,0,0,0,0,0,0,0,0,0,0,0,0,0,0,0,0,0,0,9.04916e-08,8.94404e-08,3.05913e-07,9.0716e-08,9.02201e-08,9.01195e-08,9.08136e-08,3.3105e-07,9.74533e-08,8.95437e-08,1.47777e-07,1.60545e-07,9.45044e-08,8.95884e-08,1.20909e-07,1.30777e-07,1.46275e-07,9.27847e-08,8.97036e-08,8.94532e-08,9.70533e-08,1.29354e-07,9.04388e-08,1.02483e-07
0,0,0,0,0,0,0,0,0,0,0,0,0,0,0,0,0,0,0,0,0,0,0,0,0,0,0,4.87281e-09,2.93977e-07,1.59854e-08,9.65565e-09,3.17291e-09,1.38191e-08,3.18688e-07,3.72855e-08,3.70796e-09,1.17995e-07,1.35044e-07,3.06248e-08,3.62276e-09,8.17204e-08,1.0283e-07,1.10326e-07,1.58623e-08,5.77867e-09,4.98801e-09,4.56451e-09,9.36068e-08,8.54225e-09,1.12334e-08
0,0,0,0,0,0,0,0,0,0,0,0,0,0,0,0,0,0,0,0,0,0,0,0,0,0,0,0,2.9309e-07,1.82548e-08,9.79498e-09,4.19164e-09,1.38247e-08,3.19667e-07,3.70222e-08,5.00086e-09,1.17679e-07,1.33203e-07,3.03647e-08,4.15098e-09,8.98476e-08,9.424e-08,1.1069e-07,1.42152e-08,5.55825e-09,5.5719e-09,4.4949e-09,9.45423e-08,8.75359e-09,1.00444e-08
0,0,0,0,0,0,0,0,0,0,0,0,0,0,0,0,0,0,0,0,0,0,0,0,0,0,0,0,0,2.94953e-07,2.94126e-07,2.92181e-07,2.94737e-07,4.32722e-07,2.95009e-07,2.92331e-07,3.20544e-07,3.24734e-07,2.96803e-07,2.92279e-07,3.03407e-07,3.09942e-07,3.12767e-07,3.30666e-07,2.93771e-07,3.15878e-07,2.92294e-07,3.07359e-07,2.94226e-07,2.92437e-07
0,0,0,0,0,0,0,0,0,0,0,0,0,0,0,0,0,0,0,0,0,0,0,0,0,0,0,0,0,0,1.84049e-08,1.62904e-08,2.07541e-08,3.19098e-07,4.03184e-08,1.61329e-08,1.19814e-07,1.3364e-07,3.61266e-08,1.60123e-08,8.37144e-08,9.50627e-08,1.10793e-07,2.10941e-08,1.64977e-08,1.63122e-08,1.5885e-08,1.1033e-07,1.81734e-08,1.84217e-08
0,0,0,0,0,0,0,0,0,0,0,0,0,0,0,0,0,0,0,0,0,0,0,0,0,0,0,0,0,0,0,9.03222e-09,1.60298e-08,3.20684e-07,4.11411e-08,1.00457e-08,1.19237e-07,1.33047e-07,3.131e-08,9.59918e-09,8.25948e-08,9.42207e-08,1.1029e-07,1.64731e-08,1.11139e-08,9.57192e-09,1.02528e-08,9.39373e-08,1.21318e-08,1.31786e-08
0,0,0,0,0,0,0,0,0,0,0,0,0,0,0,0,0,0,0,0,0,0,0,0,0,0,0,0,0,0,0,0,1.3319e-08,3.19133e-07,3.69382e-08,2.25517e-09,1.17508e-07,1.32633e-07,3.08358e-08,1.37375e-09,8.18163e-08,9.39396e-08,1.10151e-07,1.3764e-08,4.14062e-09,3.15569e-09,2.72308e-09,9.9032e-08,7.97132e-09,9.89883e-09
0,0,0,0,0,0,0,0,0,0,0,0,0,0,0,0,0,0,0,0,0,0,0,0,0,0,0,0,0,0,0,0,0,3.20445e-07,3.92751e-08,1.44341e-08,1.18579e-07,1.33234e-07,3.37531e-08,1.34012e-08,8.24985e-08,9.48e-08,1.10769e-07,2.33248e-08,1.40506e-08,1.38792e-08,1.35731e-08,9.47054e-08,1.67025e-08,1.63806e-08
0,0,0,0,0,0,0,0,0,0,0,0,0,0,0,0,0,0,0,0,0,0,0,0,0,0,0,0,0,0,0,0,0,0,3.20861e-07,3.40994e-07,3.39521e-07,3.45347e-07,3.20127e-07,3.1867e-07,3.33557e-07,3.32401e-07,3.36865e-07,3.18937e-07,3.1862e-07,3.22989e-07,3.18621e-07,3.32048e-07,3.19121e-07,3.20964e-07
0,0,0,0,0,0,0,0,0,0,0,0,0,0,0,0,0,0,0,0,0,0,0,0,0,0,0,0,0,0,0,0,0,0,0,3.78306e-08,1.51359e-07,1.42993e-07,4.75761e-08,3.7242e-08,8.9271e-08,1.01439e-07,1.16279e-07,3.93098e-08,4.07564e-08,3.74864e-08,4.01863e-08,1.02123e-07,3.7748e-08,3.79913e-08
0,0,0,0,0,0,0,0,0,0,0,0,0,0,0,0,0,0,0,0,0,0,0,0,0,0,0,0,0,0,0,0,0,0,0,0,1.17656e-07,1.32624e-07,3.02377e-08,2.50404e-09,8.18373e-08,9.39589e-08,1.09737e-07,1.39752e-08,4.65846e-09,4.18648e-09,3.32115e-09,9.37186e-08,1.04792e-08,9.6498e-09
0,0,0,0,0,0,0,0,0,0,0,0,0,0,0,0,0,0,0,0,0,0,0,0,0,0,0,0,0,0,0,0,0,0,0,0,0,2.35795e-07,1.21333e-07,1.1841e-07,1.4293e-07,1.58983e-07,1.69714e-07,1.18659e-07,1.20263e-07,1.20452e-07,1.1871e-07,1.5048e-07,1.18836e-07,1.17894e-07
0,0,0,0,0,0,0,0,0,0,0,0,0,0,0,0,0,0,0,0,0,0,0,0,0,0,0,0,0,0,0,0,0,0,0,0,0,0,1.35882e-07,1.34669e-07,1.55584e-07,2.15708e-07,2.28359e-07,1.33886e-07,1.33089e-07,1.45305e-07,1.32845e-07,1.6223e-07,1.32886e-07,1.32928e-07
0,0,0,0,0,0,0,0,0,0,0,0,0,0,0,0,0,0,0,0,0,0,0,0,0,0,0,0,0,0,0,0,0,0,0,0,0,0,0,3.01235e-08,8.74452e-08,9.85319e-08,1.13765e-07,3.98381e-08,3.02651e-08,3.04024e-08,3.00968e-08,1.20661e-07,3.56507e-08,3.20707e-08
0,0,0,0,0,0,0,0,0,0,0,0,0,0,0,0,0,0,0,0,0,0,0,0,0,0,0,0,0,0,0,0,0,0,0,0,0,0,0,0,8.15841e-08,9.43637e-08,1.17305e-07,1.38696e-08,4.40212e-09,3.46618e-09,2.83535e-09,9.40485e-08,7.91312e-09,9.35475e-09
0,0,0,0,0,0,0,0,0,0,0,0,0,0,0,0,0,0,0,0,0,0,0,0,0,0,0,0,0,0,0,0,0,0,0,0,0,0,0,0,0,1.2423e-07,1.36589e-07,8.25154e-08,8.1692e-08,8.22181e-08,8.14035e-08,1.24123e-07,8.20871e-08,8.28452e-08
0,0,0,0,0,0,0,0,0,0,0,0,0,0,0,0,0,0,0,0,0,0,0,0,0,0,0,0,0,0,0,0,0,0,0,0,0,0,0,0,0,0,1.52727e-07,9.59775e-08,9.42563e-08,1.03775e-07,9.44725e-08,1.32427e-07,9.40948e-08,9.48177e-08
0,0,0,0,0,0,0,0,0,0,0,0,0,0,0,0,0,0,0,0,0,0,0,0,0,0,0,0,0,0,0,0,0,0,0,0,0,0,0,0,0,0,0,1.12579e-07,1.09842e-07,1.12239e-07,1.09939e-07,1.44121e-07,1.09883e-07,1.10238e-07
0,0,0,0,0,0,0,0,0,0,0,0,0,0,0,0,0,0,0,0,0,0,0,0,0,0,0,0,0,0,0,0,0,0,0,0,0,0,0,0,0,0,0,0,1.45173e-08,1.57019e-08,1.41972e-08,9.60762e-08,1.64525e-08,1.68977e-08
0,0,0,0,0,0,0,0,0,0,0,0,0,0,0,0,0,0,0,0,0,0,0,0,0,0,0,0,0,0,0,0,0,0,0,0,0,0,0,0,0,0,0,0,0,5.24865e-09,5.93522e-09,9.36083e-08,9.10022e-09,1.01902e-08
0,0,0,0,0,0,0,0,0,0,0,0,0,0,0,0,0,0,0,0,0,0,0,0,0,0,0,0,0,0,0,0,0,0,0,0,0,0,0,0,0,0,0,0,0,0,3.98158e-09,9.41922e-08,8.49543e-09,9.74308e-09
0,0,0,0,0,0,0,0,0,0,0,0,0,0,0,0,0,0,0,0,0,0,0,0,0,0,0,0,0,0,0,0,0,0,0,0,0,0,0,0,0,0,0,0,0,0,0,9.36856e-08,8.26559e-09,1.02781e-08
0,0,0,0,0,0,0,0,0,0,0,0,0,0,0,0,0,0,0,0,0,0,0,0,0,0,0,0,0,0,0,0,0,0,0,0,0,0,0,0,0,0,0,0,0,0,0,0,9.51406e-08,9.43343e-08
0,0,0,0,0,0,0,0,0,0,0,0,0,0,0,0,0,0,0,0,0,0,0,0,0,0,0,0,0,0,0,0,0,0,0,0,0,0,0,0,0,0,0,0,0,0,0,0,0,1.43497e-08
0,0,0,0,0,0,0,0,0,0,0,0,0,0,0,0,0,0,0,0,0,0,0,0,0,0,0,0,0,0,0,0,0,0,0,0,0,0,0,0,0,0,0,0,0,0,0,0,0,0
